time	N2O	NO	NH3	CO	HC
0.091666667	1.14851E-06	3.14739E-05	2.0521E-08	0.000167642	2.46976E-05
0.258333333	1.18586E-06	3.15794E-05	2.24335E-08	0.000168405	2.50056E-05
0.425	1.21578E-06	3.17227E-05	2.39283E-08	0.000168415	2.49846E-05
0.591666667	1.23495E-06	3.16607E-05	2.30296E-08	0.000168394	2.49475E-05
0.758333333	1.24819E-06	3.15691E-05	2.37842E-08	0.000168543	2.48693E-05
0.925	1.26308E-06	3.14973E-05	2.33445E-08	0.000168186	2.46894E-05
1.09166667	1.27526E-06	3.13836E-05	2.3465E-08	0.000168114	2.47152E-05
1.25833333	1.28576E-06	3.13472E-05	2.46385E-08	0.000167696	2.47582E-05
1.425	1.29485E-06	3.12763E-05	2.41623E-08	0.000167467	2.45394E-05
1.59166667	1.30159E-06	3.12353E-05	2.47713E-08	0.000167367	2.44899E-05
1.75833333	1.30708E-06	3.11382E-05	2.52126E-08	0.000167264	2.46241E-05
1.925	1.31203E-06	3.10945E-05	2.64329E-08	0.000167215	2.48196E-05
2.09166667	1.31752E-06	3.10839E-05	2.65599E-08	0.000167255	2.50813E-05
2.25833333	1.32136E-06	3.10411E-05	2.56597E-08	0.000167201	2.50092E-05
2.425	1.32629E-06	3.10172E-05	2.57146E-08	0.000166981	2.48355E-05
2.59166667	1.32509E-06	3.09327E-05	2.59141E-08	0.000166563	2.42161E-05
2.75833333	1.32774E-06	3.09469E-05	2.50973E-08	0.000166855	2.44284E-05
2.925	1.32976E-06	3.09393E-05	2.64531E-08	0.000166729	2.50366E-05
3.09166667	1.33259E-06	3.09634E-05	2.6416E-08	0.000166849	2.48573E-05
3.25833333	1.32951E-06	3.09191E-05	2.53348E-08	0.00016685	2.46392E-05
3.425	1.32934E-06	3.08973E-05	2.59711E-08	0.000166782	2.47087E-05
3.59166667	1.32973E-06	3.09067E-05	2.61464E-08	0.000166713	2.45145E-05
3.75833333	1.32676E-06	3.08404E-05	2.61232E-08	0.00016647	2.46124E-05
3.925	1.32475E-06	3.08697E-05	2.68011E-08	0.000166477	2.45116E-05
4.09166667	1.32377E-06	3.0858E-05	2.67289E-08	0.000166533	2.42171E-05
4.25833333	1.32332E-06	3.08872E-05	2.56894E-08	0.000166569	2.41888E-05
4.425	1.32019E-06	3.08654E-05	2.68898E-08	0.000166588	2.43826E-05
4.59166667	1.31609E-06	3.0882E-05	2.54516E-08	0.000166555	2.44704E-05
4.75833333	1.3125E-06	3.08519E-05	2.67809E-08	0.000166482	2.43974E-05
4.925	1.31076E-06	3.08928E-05	2.56021E-08	0.000166473	2.4326E-05
5.09166667	1.30635E-06	3.08911E-05	2.67637E-08	0.000166415	2.40872E-05
5.25833333	1.30143E-06	3.09022E-05	2.52207E-08	0.000166429	2.43891E-05
5.425	1.29834E-06	3.09568E-05	2.633E-08	0.000166617	2.46682E-05
5.59166667	1.29483E-06	3.09518E-05	2.65227E-08	0.000166579	2.4802E-05
5.75833333	1.29084E-06	3.0932E-05	2.61237E-08	0.000166669	2.45531E-05
5.925	1.28817E-06	3.0969E-05	2.55264E-08	0.00016656	2.41761E-05
6.09166667	1.28389E-06	3.10001E-05	2.68325E-08	0.000166576	2.40697E-05
6.25833333	1.27769E-06	3.1001E-05	2.6039E-08	0.000166379	2.41489E-05
6.425	1.27233E-06	3.10372E-05	2.63271E-08	0.000166704	2.43653E-05
6.59166667	1.26774E-06	3.10651E-05	2.5388E-08	0.000166755	2.44236E-05
6.75833333	1.26499E-06	3.10911E-05	2.44406E-08	0.000166743	2.4526E-05
6.925	1.26149E-06	3.11437E-05	2.2569E-08	0.000166856	2.47344E-05
7.09166667	1.25445E-06	3.11426E-05	2.31025E-08	0.000166777	2.49103E-05
7.25833333	1.25048E-06	3.11784E-05	2.11665E-08	0.000166978	2.47315E-05
7.425	1.24633E-06	3.12158E-05	2.15661E-08	0.000167247	2.46036E-05
7.59166667	1.2424E-06	3.12214E-05	2.23441E-08	0.000167186	2.45942E-05
7.75833333	1.23398E-06	3.12257E-05	2.04232E-08	0.000167043	2.46469E-05
7.925	1.23013E-06	3.12509E-05	2.01635E-08	0.000166832	2.46607E-05
8.09166667	1.22833E-06	3.1292E-05	2.01239E-08	0.00016698	2.45179E-05
8.25833333	1.22399E-06	3.13047E-05	1.95472E-08	0.000166914	2.4258E-05
8.425	1.21669E-06	3.1331E-05	1.97553E-08	0.000166768	2.42121E-05
8.59166667	1.21432E-06	3.13566E-05	2.01764E-08	0.000167005	2.42712E-05
8.75833333	1.2066E-06	3.13868E-05	1.93728E-08	0.000167011	2.4351E-05
8.925	1.20194E-06	3.13355E-05	2.01268E-08	0.000166974	2.44943E-05
9.09166667	1.19846E-06	3.14104E-05	1.96368E-08	0.000167022	2.46025E-05
9.25833333	1.19479E-06	3.14235E-05	1.89691E-08	0.000166614	2.45922E-05
9.425	1.19017E-06	3.14347E-05	1.96747E-08	0.000166879	2.4771E-05
9.59166667	1.1851E-06	3.14598E-05	1.87463E-08	0.000167018	2.4534E-05
9.75833333	1.1795E-06	3.14687E-05	1.76245E-08	0.000166897	2.45255E-05
9.925	1.17664E-06	3.14735E-05	1.80745E-08	0.000166961	2.46879E-05
10.0916667	1.17205E-06	3.15292E-05	1.86509E-08	0.000167256	2.45914E-05
10.2583333	1.16964E-06	3.15643E-05	1.93576E-08	0.000167191	2.45552E-05
10.425	1.16688E-06	3.15648E-05	1.777E-08	0.000167281	2.46096E-05
10.5916667	1.15694E-06	3.15578E-05	1.76105E-08	0.00016702	2.45692E-05
10.7583333	1.15152E-06	3.15642E-05	1.68897E-08	0.000167207	2.46051E-05
10.925	1.15111E-06	3.15898E-05	1.54158E-08	0.000167258	2.48714E-05
11.0916667	1.14749E-06	3.16308E-05	1.69318E-08	0.000167464	2.49898E-05
11.2583333	1.14893E-06	3.16272E-05	1.71942E-08	0.000167248	2.48879E-05
11.425	1.15122E-06	3.15807E-05	1.61468E-08	0.000167187	2.50454E-05
11.5916667	1.15755E-06	3.1578E-05	1.65761E-08	0.000167359	2.51394E-05
11.7583333	1.16727E-06	3.15708E-05	1.57254E-08	0.000167101	2.50308E-05
11.925	1.17973E-06	3.1544E-05	1.64377E-08	0.000167194	2.49477E-05
12.0916667	1.19244E-06	3.15019E-05	1.60945E-08	0.000167188	2.48215E-05
12.2583333	1.20657E-06	3.1461E-05	1.58494E-08	0.000167079	2.45707E-05
12.425	1.22332E-06	3.13865E-05	1.75234E-08	0.000166916	2.439E-05
12.5916667	1.24023E-06	3.12923E-05	1.72753E-08	0.000166926	2.44808E-05
12.7583333	1.26046E-06	3.11812E-05	1.73402E-08	0.000166912	2.44956E-05
12.925	1.28301E-06	3.11247E-05	1.79256E-08	0.000166752	2.4466E-05
13.0916667	1.3059E-06	3.10004E-05	1.80218E-08	0.000166475	2.4336E-05
13.2583333	1.32883E-06	3.09265E-05	1.98313E-08	0.000166586	2.44883E-05
13.425	1.35069E-06	3.08097E-05	1.97146E-08	0.000166527	2.4429E-05
13.5916667	1.37653E-06	3.07226E-05	1.98683E-08	0.000166157	2.44825E-05
13.7583333	1.40179E-06	3.062E-05	2.05863E-08	0.000166154	2.43646E-05
13.925	1.42654E-06	3.05144E-05	2.15037E-08	0.000166055	2.42703E-05
14.0916667	1.45192E-06	3.03885E-05	2.17786E-08	0.000165808	2.4511E-05
14.2583333	1.491E-06	3.02672E-05	2.24382E-08	0.000165615	2.45123E-05
14.425	1.52351E-06	3.0162E-05	2.38388E-08	0.000165501	2.42359E-05
14.5916667	1.55514E-06	3.00451E-05	2.51029E-08	0.000165348	2.41013E-05
14.7583333	1.5842E-06	2.99227E-05	2.62281E-08	0.000165309	2.38248E-05
14.925	1.61555E-06	2.97973E-05	2.72149E-08	0.000164537	2.38111E-05
15.0916667	1.64706E-06	2.96236E-05	2.81374E-08	0.000164526	2.41544E-05
15.2583333	1.68404E-06	2.94729E-05	3.06671E-08	0.000164335	2.4346E-05
15.425	1.71688E-06	2.93228E-05	3.15769E-08	0.000164024	2.41738E-05
15.5916667	1.75565E-06	2.91657E-05	3.29171E-08	0.000163701	2.40267E-05
15.7583333	1.80539E-06	2.90199E-05	3.39021E-08	0.000163931	2.39886E-05
15.925	1.86591E-06	2.88391E-05	3.72106E-08	0.000163502	2.4225E-05
16.0916667	1.90918E-06	2.86758E-05	3.89565E-08	0.000163599	2.41484E-05
16.2583333	1.95173E-06	2.84915E-05	4.07342E-08	0.000163055	2.42019E-05
16.425	1.99403E-06	2.83149E-05	4.42652E-08	0.000162921	2.41384E-05
16.5916667	2.03655E-06	2.80876E-05	4.70276E-08	0.000162496	2.40657E-05
16.7583333	2.08012E-06	2.79093E-05	4.86435E-08	0.000162254	2.40136E-05
16.925	2.12366E-06	2.76993E-05	5.23803E-08	0.000162123	2.39577E-05
17.0916667	2.17123E-06	2.7506E-05	5.51983E-08	0.000162115	2.41053E-05
17.2583333	2.21474E-06	2.73185E-05	5.94561E-08	0.000161441	2.38931E-05
17.425	2.26139E-06	2.70995E-05	6.40031E-08	0.000161391	2.35895E-05
17.5916667	2.30504E-06	2.69148E-05	6.66477E-08	0.000160994	2.36016E-05
17.7583333	2.34721E-06	2.66955E-05	7.01147E-08	0.000160879	2.38663E-05
17.925	2.39341E-06	2.64945E-05	7.65514E-08	0.000160455	2.36521E-05
18.0916667	2.44841E-06	2.62612E-05	8.12881E-08	0.00016019	2.36666E-05
18.2583333	2.4914E-06	2.60367E-05	8.61079E-08	0.000159894	2.36279E-05
18.425	2.53487E-06	2.58056E-05	9.15317E-08	0.000159273	2.38957E-05
18.5916667	2.57469E-06	2.55844E-05	9.72597E-08	0.000158979	2.38497E-05
18.7583333	2.61732E-06	2.53687E-05	1.03553E-07	0.000158768	2.36573E-05
18.925	2.65761E-06	2.51579E-05	1.09604E-07	0.000158434	2.35073E-05
19.0916667	2.71232E-06	2.49024E-05	1.16686E-07	0.000158259	2.34151E-05
19.2583333	2.76088E-06	2.46893E-05	1.23272E-07	0.00015768	2.34822E-05
19.425	2.80458E-06	2.44701E-05	1.31182E-07	0.000157502	2.35358E-05
19.5916667	2.83859E-06	2.42126E-05	1.3971E-07	0.000156878	2.33093E-05
19.7583333	2.8753E-06	2.39895E-05	1.47261E-07	0.000156704	2.29485E-05
19.925	2.90951E-06	2.37433E-05	1.55708E-07	0.000156272	2.27322E-05
20.0916667	2.95697E-06	2.35287E-05	1.65524E-07	0.000156001	2.2959E-05
20.2583333	3.04739E-06	2.3286E-05	1.74373E-07	0.000155473	2.30202E-05
20.425	3.08805E-06	2.30263E-05	1.84659E-07	0.000155294	2.29661E-05
20.5916667	3.1163E-06	2.277E-05	1.94821E-07	0.000154697	2.29429E-05
20.7583333	3.15358E-06	2.25482E-05	2.06695E-07	0.000154586	2.28351E-05
20.925	3.18286E-06	2.23104E-05	2.16629E-07	0.000154238	2.27595E-05
21.0916667	3.21316E-06	2.206E-05	2.287E-07	0.000153546	2.26152E-05
21.2583333	3.23777E-06	2.1813E-05	2.40613E-07	0.000153343	2.26657E-05
21.425	3.25158E-06	2.15657E-05	2.54932E-07	0.000153079	2.27051E-05
21.5916667	3.28192E-06	2.13164E-05	2.66282E-07	0.000152414	2.25119E-05
21.7583333	3.30772E-06	2.10693E-05	2.8161E-07	0.000151874	2.23419E-05
21.925	3.33151E-06	2.08015E-05	2.94228E-07	0.000151331	2.25258E-05
22.0916667	3.36217E-06	2.05728E-05	3.10109E-07	0.000151104	2.25399E-05
22.2583333	3.38657E-06	2.03077E-05	3.26477E-07	0.000150511	2.26539E-05
22.425	3.40645E-06	2.00419E-05	3.41824E-07	0.000149986	2.27785E-05
22.5916667	3.43672E-06	1.97982E-05	3.59012E-07	0.000149584	2.25877E-05
22.7583333	3.47459E-06	1.95516E-05	3.75643E-07	0.000148988	2.24439E-05
22.925	3.49259E-06	1.93141E-05	3.94337E-07	0.000148703	2.25432E-05
23.0916667	3.51732E-06	1.90517E-05	4.14936E-07	0.000147974	2.23419E-05
23.2583333	3.53541E-06	1.8778E-05	4.3342E-07	0.000147615	2.2236E-05
23.425	3.55878E-06	1.85344E-05	4.51834E-07	0.00014715	2.2254E-05
23.5916667	3.57866E-06	1.82684E-05	4.73515E-07	0.000146505	2.22701E-05
23.7583333	3.5992E-06	1.79995E-05	4.94218E-07	0.000146202	2.20216E-05
23.925	3.6393E-06	1.77718E-05	5.16549E-07	0.000145613	2.20041E-05
24.0916667	3.67992E-06	1.75024E-05	5.42159E-07	0.000145053	2.21402E-05
24.2583333	3.70121E-06	1.72561E-05	5.66988E-07	0.000144551	2.20661E-05
24.425	3.71061E-06	1.69897E-05	5.94791E-07	0.00014398	2.19437E-05
24.5916667	3.72856E-06	1.67221E-05	6.20625E-07	0.000143262	2.18238E-05
24.7583333	3.74694E-06	1.64779E-05	6.48518E-07	0.000142832	2.18119E-05
24.925	3.7619E-06	1.6234E-05	6.77089E-07	0.000142618	2.1795E-05
25.0916667	3.77508E-06	1.59728E-05	7.09128E-07	0.000141547	2.18479E-05
25.2583333	3.78354E-06	1.5718E-05	7.4183E-07	0.000140996	2.18553E-05
25.425	3.79601E-06	1.54706E-05	7.75626E-07	0.000140361	2.15473E-05
25.5916667	3.80926E-06	1.52045E-05	8.10769E-07	0.000139613	2.14659E-05
25.7583333	3.81437E-06	1.49576E-05	8.44125E-07	0.000139057	2.14633E-05
25.925	3.821E-06	1.47018E-05	8.80948E-07	0.000138178	2.1548E-05
26.0916667	3.8298E-06	1.44382E-05	9.19888E-07	0.000137572	2.15368E-05
26.2583333	3.83835E-06	1.42233E-05	9.58666E-07	0.000136999	2.13855E-05
26.425	3.84796E-06	1.39789E-05	1.00077E-06	0.000136264	2.12272E-05
26.5916667	3.84754E-06	1.37496E-05	1.04285E-06	0.00013542	2.12096E-05
26.7583333	3.84211E-06	1.35024E-05	1.08711E-06	0.00013441	2.11239E-05
26.925	3.84752E-06	1.32768E-05	1.12905E-06	0.000133678	2.09454E-05
27.0916667	3.84289E-06	1.30507E-05	1.17885E-06	0.000132997	2.0818E-05
27.2583333	3.84182E-06	1.28398E-05	1.22738E-06	0.000132058	2.07356E-05
27.425	3.8319E-06	1.26208E-05	1.27838E-06	0.000131027	2.08814E-05
27.5916667	3.82445E-06	1.2426E-05	1.33021E-06	0.000130198	2.05468E-05
27.7583333	3.81082E-06	1.22205E-05	1.38332E-06	0.000128888	2.05349E-05
27.925	3.79413E-06	1.20364E-05	1.4346E-06	0.00012827	2.0637E-05
28.0916667	3.77983E-06	1.18589E-05	1.48878E-06	0.000127264	2.03794E-05
28.2583333	3.75659E-06	1.16849E-05	1.54526E-06	0.00012609	2.02541E-05
28.425	3.73356E-06	1.15345E-05	1.6006E-06	0.000124948	2.00514E-05
28.5916667	3.7036E-06	1.14088E-05	1.65629E-06	0.000123611	1.99079E-05
28.7583333	3.66597E-06	1.12971E-05	1.70808E-06	0.000122342	2.00925E-05
28.925	3.62265E-06	1.12179E-05	1.76447E-06	0.000121283	2.00489E-05
29.0916667	3.57595E-06	1.11681E-05	1.81477E-06	0.000120103	2.01841E-05
29.2583333	3.5224E-06	1.11623E-05	1.8605E-06	0.000118799	2.01005E-05
29.425	3.45633E-06	1.11796E-05	1.9001E-06	0.000117179	1.98952E-05
29.5916667	3.38547E-06	1.12561E-05	1.93278E-06	0.000115603	1.9934E-05
29.7583333	3.29433E-06	1.13694E-05	1.9564E-06	0.000114191	1.95957E-05
29.925	3.1948E-06	1.14855E-05	1.97648E-06	0.000112731	1.94646E-05
30.0916667	3.12245E-06	1.16121E-05	2.00115E-06	0.000111201	1.96524E-05
30.2583333	3.04719E-06	1.17562E-05	2.03025E-06	0.00010956	1.94748E-05
30.425	2.97081E-06	1.18695E-05	2.05237E-06	0.000107925	1.95078E-05
30.5916667	2.89927E-06	1.19993E-05	2.07827E-06	0.000106008	1.92291E-05
30.7583333	2.83093E-06	1.21223E-05	2.10166E-06	0.00010395	1.91619E-05
30.925	2.77782E-06	1.22396E-05	2.12477E-06	0.00010193	1.93582E-05
31.0916667	2.71534E-06	1.23548E-05	2.14919E-06	9.93567E-05	1.93418E-05
31.2583333	2.65075E-06	1.24749E-05	2.17633E-06	9.66247E-05	1.91069E-05
31.425	2.58433E-06	1.25757E-05	2.19971E-06	9.33089E-05	1.88798E-05
31.5916667	2.51884E-06	1.26824E-05	2.22124E-06	8.87541E-05	1.91656E-05
31.7583333	2.5012E-06	1.2643E-05	2.17805E-06	7.92066E-05	1.89627E-05
31.925	2.65027E-06	1.23046E-05	1.9938E-06	6.19495E-05	1.84752E-05
32.0916667	2.82968E-06	1.17691E-05	1.72392E-06	4.34254E-05	1.74943E-05
32.2583333	3.19788E-06	1.08973E-05	1.31672E-06	2.26681E-05	1.63811E-05
32.425	3.41758E-06	1.0154E-05	1.04329E-06	1.14326E-05	1.54606E-05
32.5916667	3.66882E-06	9.47692E-06	7.52917E-07	4.70313E-06	1.42435E-05
32.7583333	3.79738E-06	8.90283E-06	6.7556E-07	3.02832E-06	1.36298E-05
32.925	4.02961E-06	8.42523E-06	4.756E-07	1.22175E-06	1.17964E-05
33.0916667	4.24204E-06	7.84471E-06	4.02637E-07	6.78538E-07	1.08821E-05
33.2583333	4.41802E-06	7.50485E-06	3.22646E-07	4.69025E-07	9.2431E-06
33.425	4.5596E-06	7.13517E-06	2.84468E-07	3.70994E-07	8.25122E-06
33.5916667	4.64234E-06	6.85501E-06	2.66359E-07	3.39585E-07	7.45391E-06
33.7583333	4.68723E-06	6.65166E-06	2.61991E-07	3.40363E-07	6.82269E-06
33.925	4.73221E-06	6.47424E-06	2.6418E-07	3.52479E-07	6.34025E-06
34.0916667	4.78094E-06	6.29147E-06	2.66565E-07	3.76071E-07	5.64941E-06
34.2583333	4.8036E-06	6.15756E-06	2.87239E-07	4.31286E-07	5.24052E-06
34.425	4.80354E-06	6.10036E-06	3.12083E-07	5.01033E-07	4.72555E-06
34.5916667	4.77713E-06	6.13982E-06	3.41352E-07	6.12988E-07	4.20945E-06
34.7583333	4.6815E-06	6.31263E-06	3.8409E-07	7.38261E-07	3.88973E-06
34.925	4.55807E-06	6.59526E-06	4.37081E-07	8.99237E-07	3.719E-06
35.0916667	4.44989E-06	6.89738E-06	4.82143E-07	1.03717E-06	3.53063E-06
35.2583333	4.28894E-06	7.22019E-06	5.42509E-07	1.2112E-06	3.51382E-06
35.425	4.1324E-06	7.54705E-06	6.14884E-07	1.38086E-06	3.70344E-06
35.5916667	4.04622E-06	7.77142E-06	6.63954E-07	1.48454E-06	3.77285E-06
35.7583333	3.98836E-06	7.81187E-06	6.99331E-07	1.549E-06	3.65478E-06
35.925	3.96166E-06	7.79748E-06	7.34311E-07	1.61101E-06	3.58049E-06
36.0916667	3.93034E-06	7.67908E-06	7.70678E-07	1.68342E-06	3.47746E-06
36.2583333	3.892E-06	7.58882E-06	8.1386E-07	1.76079E-06	3.4234E-06
36.425	3.8627E-06	7.49599E-06	8.60456E-07	1.82759E-06	3.38511E-06
36.5916667	3.84246E-06	7.33202E-06	9.08097E-07	1.88482E-06	3.27129E-06
36.7583333	3.82053E-06	7.15003E-06	9.83069E-07	1.98886E-06	3.32488E-06
36.925	3.81324E-06	6.95614E-06	1.05142E-06	2.017E-06	3.39419E-06
37.0916667	3.84923E-06	6.63909E-06	1.1059E-06	1.98876E-06	3.28584E-06
37.2583333	3.90546E-06	6.25073E-06	1.1616E-06	1.94951E-06	3.16948E-06
37.425	3.95261E-06	5.81657E-06	1.24121E-06	1.93E-06	3.12437E-06
37.5916667	3.9513E-06	5.37394E-06	1.36946E-06	2.00456E-06	3.18723E-06
37.7583333	4.02888E-06	4.98054E-06	1.43848E-06	1.90707E-06	3.14686E-06
37.925	4.12383E-06	4.39671E-06	1.48781E-06	1.76042E-06	2.86065E-06
38.0916667	4.184E-06	3.77822E-06	1.58874E-06	1.73398E-06	2.66225E-06
38.2583333	4.22255E-06	3.24949E-06	1.71072E-06	1.74265E-06	2.56358E-06
38.425	4.23566E-06	2.69625E-06	1.86234E-06	1.81984E-06	2.48305E-06
38.5916667	4.21122E-06	2.23254E-06	2.04817E-06	1.97682E-06	2.52775E-06
38.7583333	4.20803E-06	1.80044E-06	2.17867E-06	2.02535E-06	2.37401E-06
38.925	4.1588E-06	1.40348E-06	2.36557E-06	2.21476E-06	2.26184E-06
39.0916667	4.08996E-06	1.06434E-06	2.54262E-06	2.42287E-06	2.15007E-06
39.2583333	3.97349E-06	7.64808E-07	2.71416E-06	2.65371E-06	1.88675E-06
39.425	3.84087E-06	5.68212E-07	2.94727E-06	2.99284E-06	1.81949E-06
39.5916667	3.69674E-06	3.74739E-07	3.11173E-06	3.22039E-06	1.54483E-06
39.7583333	3.4872E-06	2.38015E-07	3.41671E-06	3.78414E-06	1.40107E-06
39.925	3.27229E-06	1.50286E-07	3.7748E-06	4.60995E-06	1.4295E-06
40.0916667	3.23234E-06	1.11074E-07	3.9167E-06	4.67977E-06	1.4393E-06
40.2583333	3.08546E-06	5.64992E-08	3.95606E-06	4.86461E-06	1.17523E-06
40.425	2.90748E-06	3.39338E-08	4.21005E-06	5.42097E-06	1.0963E-06
40.5916667	2.78383E-06	2.49963E-08	4.3925E-06	5.97621E-06	1.05015E-06
40.7583333	2.68844E-06	1.77466E-08	4.46937E-06	6.12568E-06	9.34922E-07
40.925	2.56726E-06	1.90891E-08	4.58436E-06	6.50133E-06	8.48336E-07
41.0916667	2.47169E-06	1.8419E-08	4.72475E-06	6.74253E-06	8.08893E-07
41.2583333	2.38332E-06	1.72073E-08	4.80805E-06	6.8658E-06	7.5681E-07
41.425	2.29936E-06	1.76533E-08	4.88947E-06	7.01033E-06	7.10749E-07
41.5916667	2.2209E-06	1.59519E-08	4.99353E-06	7.23028E-06	6.89186E-07
41.7583333	2.15214E-06	1.81167E-08	5.12552E-06	7.75529E-06	6.84399E-07
41.925	2.09574E-06	1.69935E-08	5.24681E-06	7.93138E-06	6.94487E-07
42.0916667	2.0606E-06	1.72281E-08	5.2488E-06	7.7386E-06	6.32105E-07
42.2583333	1.99838E-06	1.79431E-08	5.19831E-06	7.48617E-06	5.565E-07
42.425	1.89949E-06	1.63119E-08	5.28284E-06	7.64664E-06	5.3758E-07
42.5916667	1.81452E-06	1.55956E-08	5.36162E-06	7.77071E-06	5.2352E-07
42.7583333	1.75589E-06	1.90205E-08	5.41872E-06	7.71826E-06	5.00112E-07
42.925	1.69411E-06	1.66864E-08	5.45522E-06	7.59844E-06	4.78671E-07
43.0916667	1.63418E-06	1.95564E-08	5.42256E-06	7.1558E-06	4.13548E-07
43.2583333	1.54239E-06	1.83469E-08	5.42336E-06	6.9362E-06	3.90009E-07
43.425	1.45743E-06	1.71174E-08	5.45845E-06	6.97025E-06	3.74561E-07
43.5916667	1.40524E-06	1.6498E-08	5.55235E-06	6.86922E-06	3.65898E-07
43.7583333	1.33189E-06	1.86019E-08	5.51635E-06	6.17642E-06	3.27051E-07
43.925	1.20635E-06	1.64042E-08	5.41885E-06	5.24029E-06	2.81406E-07
44.0916667	1.08166E-06	2.07542E-08	5.39263E-06	4.52481E-06	2.52472E-07
44.2583333	9.46384E-07	1.6514E-08	5.37155E-06	4.19435E-06	2.44249E-07
44.425	8.52932E-07	1.92362E-08	5.43426E-06	3.95643E-06	2.39214E-07
44.5916667	7.40522E-07	1.48054E-08	5.40967E-06	3.2768E-06	2.20191E-07
44.7583333	6.03623E-07	1.65291E-08	5.34216E-06	2.73052E-06	1.9983E-07
44.925	5.47901E-07	1.78575E-08	5.42609E-06	2.75072E-06	2.11884E-07
45.0916667	5.08418E-07	1.88779E-08	5.50286E-06	2.76145E-06	2.16134E-07
45.2583333	4.53949E-07	2.0872E-08	5.49443E-06	2.52359E-06	2.09E-07
45.425	4.52224E-07	2.1977E-08	5.54084E-06	3.00899E-06	2.32246E-07
45.5916667	3.96503E-07	1.68271E-08	5.43585E-06	2.7046E-06	2.24271E-07
45.7583333	3.31649E-07	1.98566E-08	5.57483E-06	2.30599E-06	2.08603E-07
45.925	3.05907E-07	2.09123E-08	5.63144E-06	2.29585E-06	2.20617E-07
46.0916667	2.73989E-07	1.74608E-08	5.53161E-06	2.23961E-06	2.11986E-07
46.2583333	2.93783E-07	1.84655E-08	5.54993E-06	2.8461E-06	2.47532E-07
46.425	2.35357E-07	1.77197E-08	5.58858E-06	2.25464E-06	2.31107E-07
46.5916667	1.5287E-07	1.70501E-08	5.36713E-06	1.46581E-06	1.89936E-07
46.7583333	1.00252E-07	1.46852E-08	5.11451E-06	1.19808E-06	1.78064E-07
46.925	7.13296E-08	1.42968E-08	5.07172E-06	1.10063E-06	1.79377E-07
47.0916667	6.86084E-08	1.53166E-08	5.32344E-06	1.23731E-06	2.00884E-07
47.2583333	5.73667E-08	1.74424E-08	5.30963E-06	1.18938E-06	2.02405E-07
47.425	4.88557E-08	1.64698E-08	5.36181E-06	1.1598E-06	2.03007E-07
47.5916667	4.22691E-08	1.69493E-08	5.43092E-06	1.16415E-06	2.11038E-07
47.7583333	3.16932E-08	1.77162E-08	5.28246E-06	1.09539E-06	1.97134E-07
47.925	2.5478E-08	1.71595E-08	5.27433E-06	1.08567E-06	2.0021E-07
48.0916667	2.11978E-08	1.54691E-08	5.31198E-06	1.09712E-06	2.03489E-07
48.2583333	1.53763E-08	1.89347E-08	5.21738E-06	1.04603E-06	1.96345E-07
48.425	1.14993E-08	1.55148E-08	5.08624E-06	9.97512E-07	1.88648E-07
48.5916667	1.09703E-08	1.44393E-08	5.25125E-06	1.04942E-06	2.03917E-07
48.7583333	1.03533E-08	1.61407E-08	5.29251E-06	1.1121E-06	2.1103E-07
48.925	8.28395E-09	1.3282E-08	5.10865E-06	1.06133E-06	1.98245E-07
49.0916667	5.67309E-09	1.70753E-08	5.04963E-06	1.00421E-06	1.83986E-07
49.2583333	4.24381E-09	1.48619E-08	5.04468E-06	9.91035E-07	1.85735E-07
49.425	3.85417E-09	1.65087E-08	5.13439E-06	1.01966E-06	1.91362E-07
49.5916667	3.80108E-09	1.6615E-08	5.20785E-06	1.04605E-06	2.00293E-07
49.7583333	2.97351E-09	1.6624E-08	5.18956E-06	1.07184E-06	1.96608E-07
49.925	2.78156E-09	1.54068E-08	4.99506E-06	1.01718E-06	1.80885E-07
50.0916667	3.05101E-09	1.63502E-08	5.08824E-06	1.03787E-06	1.90329E-07
50.2583333	2.36737E-09	1.73757E-08	5.13154E-06	1.06313E-06	1.9478E-07
50.425	1.88219E-09	1.31803E-08	5.19834E-06	1.10171E-06	1.99156E-07
50.5916667	1.89739E-09	1.79463E-08	5.07886E-06	1.07549E-06	1.85841E-07
50.7583333	2.46353E-09	1.42555E-08	4.92276E-06	1.03163E-06	1.70811E-07
50.925	1.33869E-09	1.43481E-08	4.97024E-06	1.00229E-06	1.68422E-07
51.0916667	1.64739E-09	1.65016E-08	4.88432E-06	1.02257E-06	1.69464E-07
51.2583333	1.50356E-09	1.59617E-08	4.7719E-06	1.05968E-06	1.75544E-07
51.425	1.85801E-09	1.46004E-08	4.99792E-06	1.03173E-06	1.71592E-07
51.5916667	1.74545E-09	1.40137E-08	4.80559E-06	1.02866E-06	1.55209E-07
51.7583333	1.75944E-09	1.67597E-08	4.76575E-06	9.44178E-07	1.45787E-07
51.925	1.68231E-09	1.58283E-08	4.98334E-06	1.07024E-06	1.71217E-07
52.0916667	9.46471E-10	1.44697E-08	4.66665E-06	1.00582E-06	1.4028E-07
52.2583333	1.60814E-09	1.35051E-08	4.71088E-06	1.00872E-06	1.46612E-07
52.425	1.81282E-09	1.4861E-08	4.55935E-06	9.78242E-07	1.29117E-07
52.5916667	9.75485E-10	1.51949E-08	4.3778E-06	8.92878E-07	1.17387E-07
52.7583333	1.02162E-09	1.35706E-08	4.77072E-06	1.0344E-06	1.56393E-07
52.925	1.52756E-09	1.57755E-08	4.88953E-06	1.18705E-06	1.6519E-07
53.0916667	1.33306E-09	1.55044E-08	4.44042E-06	1.03502E-06	1.18885E-07
53.2583333	1.32466E-09	1.40646E-08	4.49005E-06	8.9048E-07	1.11131E-07
53.425	8.80501E-10	1.39397E-08	4.76609E-06	1.04331E-06	1.31216E-07
53.5916667	1.23091E-09	1.44703E-08	4.82267E-06	1.07051E-06	1.30891E-07
53.7583333	2.00039E-09	1.58557E-08	4.78276E-06	1.12325E-06	1.30397E-07
53.925	1.34387E-09	1.65665E-08	4.77628E-06	1.11214E-06	1.23299E-07
54.0916667	1.31721E-09	1.51219E-08	4.5428E-06	1.04967E-06	1.05212E-07
54.2583333	1.72295E-09	1.51825E-08	4.67883E-06	1.09361E-06	1.13885E-07
54.425	1.39215E-09	1.38083E-08	4.71572E-06	1.1912E-06	1.19388E-07
54.5916667	8.46646E-10	1.31824E-08	4.55468E-06	1.11801E-06	1.01295E-07
54.7583333	1.23009E-09	1.48353E-08	4.61125E-06	1.14178E-06	1.04391E-07
54.925	1.2209E-09	1.39946E-08	4.58479E-06	1.09629E-06	9.11861E-08
55.0916667	1.14506E-09	1.39825E-08	4.46661E-06	1.0363E-06	8.21961E-08
55.2583333	1.28983E-09	1.2949E-08	4.47054E-06	1.01963E-06	8.1195E-08
55.425	1.29696E-09	1.42003E-08	4.45387E-06	1.01723E-06	7.62955E-08
55.5916667	1.4688E-09	1.4799E-08	4.56372E-06	1.09653E-06	8.31534E-08
55.7583333	1.24866E-09	1.55411E-08	4.40804E-06	1.09976E-06	7.18491E-08
55.925	1.22805E-09	1.4121E-08	4.26273E-06	9.92535E-07	6.42541E-08
56.0916667	9.13567E-10	1.23244E-08	4.4118E-06	1.02921E-06	6.55616E-08
56.2583333	1.21791E-09	1.44938E-08	4.47725E-06	1.11704E-06	7.08055E-08
56.425	1.21315E-09	1.3126E-08	4.63329E-06	1.22967E-06	7.78289E-08
56.5916667	1.14617E-09	1.36793E-08	4.5645E-06	1.27916E-06	7.18197E-08
56.7583333	1.41757E-09	1.35983E-08	4.56249E-06	1.25616E-06	6.93633E-08
56.925	1.29695E-09	1.43662E-08	4.59165E-06	1.30221E-06	7.17192E-08
57.0916667	1.30044E-09	1.63595E-08	4.50022E-06	1.23023E-06	5.97177E-08
57.2583333	1.41653E-09	1.45956E-08	4.44708E-06	1.23538E-06	5.86784E-08
57.425	1.09579E-09	1.42655E-08	4.34594E-06	1.20775E-06	5.48706E-08
57.5916667	1.95851E-09	1.76173E-08	4.28206E-06	1.16535E-06	5.24805E-08
57.7583333	1.22569E-09	1.52173E-08	4.33945E-06	1.23047E-06	5.203E-08
57.925	1.43476E-09	1.19516E-08	4.41105E-06	1.25754E-06	5.47293E-08
58.0916667	1.39965E-09	1.41798E-08	4.57685E-06	1.36148E-06	5.61941E-08
58.2583333	1.2317E-09	1.50746E-08	4.59729E-06	1.42692E-06	5.62905E-08
58.425	1.42603E-09	1.18516E-08	4.54565E-06	1.46991E-06	5.38415E-08
58.5916667	1.20148E-09	1.11376E-08	4.55121E-06	1.54599E-06	5.98065E-08
58.7583333	9.01391E-10	1.29421E-08	4.65416E-06	1.78602E-06	6.24265E-08
58.925	1.29168E-09	1.55575E-08	4.54047E-06	1.60449E-06	5.15884E-08
59.0916667	1.28398E-09	1.52903E-08	4.54776E-06	1.47143E-06	4.46729E-08
59.2583333	1.1918E-09	1.40712E-08	4.52909E-06	1.52419E-06	4.65252E-08
59.425	1.15901E-09	1.619E-08	4.43985E-06	1.48694E-06	4.00023E-08
59.5916667	1.05525E-09	1.38408E-08	4.43625E-06	1.42536E-06	3.89025E-08
59.7583333	1.02168E-09	1.25241E-08	4.39809E-06	1.42297E-06	3.67625E-08
59.925	1.84701E-09	1.26297E-08	4.35847E-06	1.4448E-06	3.91488E-08
60.0916667	9.48529E-10	1.40733E-08	4.3553E-06	1.45852E-06	3.5817E-08
60.2583333	7.03257E-10	1.44229E-08	4.36243E-06	1.43992E-06	3.67121E-08
60.425	8.9853E-10	1.32122E-08	4.21914E-06	1.38638E-06	3.36729E-08
60.5916667	1.00502E-09	1.15349E-08	4.38039E-06	1.39487E-06	3.40959E-08
60.7583333	1.04773E-09	1.48784E-08	4.42742E-06	1.57489E-06	3.38936E-08
60.925	1.11882E-09	1.38001E-08	4.40628E-06	1.59895E-06	3.46509E-08
61.0916667	1.08852E-09	1.54679E-08	4.34715E-06	1.5332E-06	3.07355E-08
61.2583333	8.07355E-10	1.35164E-08	4.41735E-06	1.53183E-06	3.27211E-08
61.425	1.02864E-09	1.38359E-08	4.15923E-06	1.58729E-06	3.1613E-08
61.5916667	1.05412E-09	1.2955E-08	4.01667E-06	1.36746E-06	2.9382E-08
61.7583333	1.1442E-09	1.24763E-08	4.00641E-06	1.32064E-06	2.65521E-08
61.925	1.01948E-09	1.29119E-08	4.02017E-06	1.33776E-06	2.82048E-08
62.0916667	1.07063E-09	1.29072E-08	4.21042E-06	1.45865E-06	2.81581E-08
62.2583333	1.01958E-09	1.19147E-08	4.27742E-06	1.57873E-06	3.02469E-08
62.425	1.15873E-09	1.29184E-08	4.10645E-06	1.52711E-06	2.78007E-08
62.5916667	1.01557E-09	1.37455E-08	4.04894E-06	1.45456E-06	2.77335E-08
62.7583333	1.64822E-09	1.36116E-08	4.14339E-06	1.50209E-06	2.69869E-08
62.925	1.39816E-09	1.30278E-08	4.24448E-06	1.57857E-06	2.81013E-08
63.0916667	7.28149E-10	1.22172E-08	4.31674E-06	1.69697E-06	2.68623E-08
63.2583333	1.43386E-09	1.24358E-08	4.23565E-06	1.705E-06	2.79067E-08
63.425	6.90094E-10	1.291E-08	4.09673E-06	1.6334E-06	2.65172E-08
63.5916667	1.20906E-09	1.18771E-08	4.08899E-06	1.60434E-06	2.6217E-08
63.7583333	1.3333E-09	1.29507E-08	4.02777E-06	1.59998E-06	2.46521E-08
63.925	1.11205E-09	1.29205E-08	4.03439E-06	1.63853E-06	2.78448E-08
64.0916667	9.0813E-10	1.14868E-08	4.01878E-06	1.72046E-06	2.60564E-08
64.2583333	1.46334E-09	1.28094E-08	3.86705E-06	1.58054E-06	2.68231E-08
64.425	9.94148E-10	1.17653E-08	4.13157E-06	1.71924E-06	2.57039E-08
64.5916667	8.75511E-10	1.53027E-08	4.2449E-06	1.98456E-06	2.63945E-08
64.7583333	1.04127E-09	1.38598E-08	4.31072E-06	2.16237E-06	2.45832E-08
64.925	1.26332E-09	1.33348E-08	4.12925E-06	2.04447E-06	2.69308E-08
65.0916667	8.83667E-10	1.31743E-08	3.81522E-06	1.76824E-06	2.42333E-08
65.2583333	1.52642E-09	1.24913E-08	3.78807E-06	1.63694E-06	2.59371E-08
65.425	8.88651E-10	1.33723E-08	3.80819E-06	1.70027E-06	2.31755E-08
65.5916667	5.86151E-10	1.27721E-08	3.89572E-06	1.78609E-06	2.44277E-08
65.7583333	9.3735E-10	1.31783E-08	3.66094E-06	1.72884E-06	2.37365E-08
65.925	1.38189E-09	1.12708E-08	3.54853E-06	1.65828E-06	2.51122E-08
66.0916667	9.66467E-10	1.47014E-08	3.69375E-06	1.67879E-06	2.35276E-08
66.2583333	9.16851E-10	1.23919E-08	3.5596E-06	1.69674E-06	2.56701E-08
66.425	9.41379E-10	1.25607E-08	3.69834E-06	1.75988E-06	2.38483E-08
66.5916667	8.89384E-10	1.24858E-08	3.66699E-06	1.85571E-06	2.51955E-08
66.7583333	8.86222E-10	1.40385E-08	3.37265E-06	1.75696E-06	2.4772E-08
66.925	8.97941E-10	1.28622E-08	3.53058E-06	1.74088E-06	2.64338E-08
67.0916667	1.13222E-09	1.39757E-08	3.7983E-06	1.98464E-06	2.49924E-08
67.2583333	8.52998E-10	1.44831E-08	3.45873E-06	1.87282E-06	2.47237E-08
67.425	6.72526E-10	1.31898E-08	3.42409E-06	1.87027E-06	2.31533E-08
67.5916667	1.16995E-09	1.34835E-08	3.30351E-06	1.85838E-06	2.53248E-08
67.7583333	9.42417E-10	1.30356E-08	3.46311E-06	1.8319E-06	2.38141E-08
67.925	8.75486E-10	1.4869E-08	3.50841E-06	1.99214E-06	2.56649E-08
68.0916667	7.52207E-10	1.00088E-08	3.70336E-06	2.10013E-06	2.33552E-08
68.2583333	8.19717E-10	1.50894E-08	3.76823E-06	2.25314E-06	2.55986E-08
68.425	1.45291E-09	1.1381E-08	3.78992E-06	2.39019E-06	2.40583E-08
68.5916667	9.64394E-10	1.38442E-08	3.54763E-06	2.22106E-06	2.38639E-08
68.7583333	1.44619E-09	9.54101E-09	3.34631E-06	2.00504E-06	2.39834E-08
68.925	1.35443E-09	1.241E-08	3.68598E-06	2.21197E-06	2.42775E-08
69.0916667	1.15547E-09	1.24052E-08	3.7194E-06	2.40368E-06	2.34646E-08
69.2583333	8.08843E-10	1.30339E-08	3.4229E-06	2.26688E-06	2.54347E-08
69.425	9.38051E-10	1.28795E-08	3.26517E-06	2.12553E-06	2.47108E-08
69.5916667	9.72764E-10	1.17227E-08	3.3297E-06	2.2253E-06	2.38229E-08
69.7583333	1.19771E-09	1.19622E-08	3.21454E-06	2.15274E-06	2.2863E-08
69.925	6.3577E-10	1.16685E-08	3.23546E-06	2.17161E-06	2.49672E-08
70.0916667	6.11253E-10	1.16406E-08	3.07769E-06	2.24973E-06	2.32992E-08
70.2583333	8.4352E-10	1.09253E-08	2.97267E-06	2.0743E-06	2.37754E-08
70.425	8.63688E-10	1.13139E-08	2.85771E-06	2.0582E-06	2.27726E-08
70.5916667	8.179E-10	1.27608E-08	2.76366E-06	2.0057E-06	2.39725E-08
70.7583333	7.51979E-10	1.22837E-08	2.73574E-06	2.04321E-06	2.27434E-08
70.925	6.53356E-10	9.26495E-09	2.77678E-06	2.0748E-06	2.23997E-08
71.0916667	4.88735E-10	1.24306E-08	2.95044E-06	2.24737E-06	2.20675E-08
71.2583333	1.01094E-09	1.25723E-08	2.85026E-06	2.33387E-06	2.37368E-08
71.425	9.64632E-10	1.17602E-08	2.68532E-06	2.20807E-06	2.22805E-08
71.5916667	7.36893E-10	1.40745E-08	2.69137E-06	2.16639E-06	2.24377E-08
71.7583333	1.09592E-09	1.3139E-08	2.81226E-06	2.32189E-06	2.20253E-08
71.925	1.23226E-09	1.19029E-08	2.7415E-06	2.30337E-06	2.33038E-08
72.0916667	7.9849E-10	1.29966E-08	2.72762E-06	2.38811E-06	2.28632E-08
72.2583333	7.14685E-10	1.14971E-08	2.87744E-06	2.437E-06	2.41052E-08
72.425	5.77852E-10	1.10372E-08	3.1517E-06	2.74178E-06	2.29739E-08
72.5916667	6.95041E-10	1.18964E-08	3.15476E-06	2.90327E-06	2.32045E-08
72.7583333	8.01706E-10	1.16406E-08	3.03354E-06	2.8476E-06	2.338E-08
72.925	7.8437E-10	1.32162E-08	2.88008E-06	2.79921E-06	2.41274E-08
73.0916667	4.65348E-10	1.23986E-08	2.64355E-06	2.66471E-06	2.2332E-08
73.2583333	5.81071E-10	1.19217E-08	2.28137E-06	2.344E-06	2.29487E-08
73.425	7.56901E-10	1.11243E-08	2.29891E-06	2.33969E-06	2.26875E-08
73.5916667	1.04068E-09	1.01171E-08	2.39479E-06	2.46108E-06	2.32058E-08
73.7583333	4.29793E-10	1.24441E-08	2.28818E-06	2.55019E-06	2.22824E-08
73.925	6.06098E-10	1.11338E-08	1.78333E-06	2.25224E-06	2.21191E-08
74.0916667	2.87268E-10	9.95544E-09	2.04081E-06	2.25862E-06	2.19994E-08
74.2583333	7.00438E-10	1.23403E-08	2.25484E-06	2.52339E-06	2.31342E-08
74.425	9.74169E-10	1.19472E-08	2.08563E-06	2.55599E-06	2.26705E-08
74.5916667	8.75466E-10	1.07596E-08	2.21082E-06	2.56575E-06	2.19194E-08
74.7583333	7.69288E-10	1.01878E-08	2.14292E-06	2.61797E-06	2.16015E-08
74.925	6.07365E-10	9.76813E-09	2.20656E-06	2.73267E-06	2.21971E-08
75.0916667	7.72796E-10	9.01485E-09	2.21092E-06	2.75719E-06	2.15112E-08
75.2583333	8.20289E-10	1.02333E-08	2.19765E-06	2.75802E-06	2.37661E-08
75.425	8.73334E-10	1.13749E-08	2.21047E-06	2.88152E-06	2.11956E-08
75.5916667	6.8902E-10	1.20064E-08	2.10512E-06	2.78872E-06	2.19078E-08
75.7583333	7.91128E-10	9.84199E-09	2.126E-06	2.88525E-06	2.09859E-08
75.925	5.80433E-10	1.08497E-08	1.89694E-06	2.79863E-06	2.30597E-08
76.0916667	6.34511E-10	1.25721E-08	1.9452E-06	2.77847E-06	2.01806E-08
76.2583333	9.43966E-10	1.17558E-08	1.92224E-06	2.82628E-06	2.2462E-08
76.425	5.88797E-10	1.25164E-08	2.06647E-06	3.0166E-06	2.23287E-08
76.5916667	7.10412E-10	1.24506E-08	2.22088E-06	3.2347E-06	2.22459E-08
76.7583333	4.34146E-10	1.12723E-08	2.08822E-06	3.25655E-06	2.15811E-08
76.925	7.33245E-10	1.21849E-08	1.93646E-06	3.07952E-06	2.28765E-08
77.0916667	6.81415E-10	1.0641E-08	1.7951E-06	2.98321E-06	1.97997E-08
77.2583333	6.49202E-10	1.0238E-08	1.80427E-06	3.03157E-06	2.3972E-08
77.425	4.51872E-10	1.07355E-08	1.6201E-06	2.94195E-06	2.10363E-08
77.5916667	6.05437E-10	1.0703E-08	1.64404E-06	2.95364E-06	2.17638E-08
77.7583333	7.50436E-10	1.18468E-08	1.76925E-06	3.05342E-06	2.10114E-08
77.925	6.03279E-10	1.07226E-08	1.8095E-06	3.30155E-06	2.27312E-08
78.0916667	3.62631E-10	1.00587E-08	1.72488E-06	3.23853E-06	2.19973E-08
78.2583333	5.88517E-10	1.05686E-08	1.47018E-06	3.01482E-06	2.21409E-08
78.425	3.83687E-10	1.04027E-08	1.50344E-06	3.05707E-06	1.94265E-08
78.5916667	4.85362E-10	1.02159E-08	1.48269E-06	3.08882E-06	2.08793E-08
78.7583333	5.24898E-10	1.04033E-08	1.35403E-06	3.01838E-06	2.02766E-08
78.925	2.70101E-10	9.97696E-09	1.33617E-06	3.01855E-06	2.08087E-08
79.0916667	6.72562E-10	1.00151E-08	1.32836E-06	3.03646E-06	1.88109E-08
79.2583333	5.95398E-10	1.13184E-08	1.44842E-06	3.23288E-06	2.23003E-08
79.425	3.85918E-10	1.21129E-08	1.40307E-06	3.27248E-06	2.21217E-08
79.5916667	3.10432E-10	1.03427E-08	1.22869E-06	3.16049E-06	2.13832E-08
79.7583333	4.37571E-10	8.75704E-09	1.06527E-06	2.96958E-06	2.04179E-08
79.925	7.63933E-10	9.7954E-09	1.03418E-06	2.90568E-06	2.17026E-08
80.0916667	2.94045E-10	1.15219E-08	1.23405E-06	3.15444E-06	2.04648E-08
80.2583333	5.0812E-10	1.26645E-08	1.25735E-06	3.33902E-06	2.11225E-08
80.425	3.91298E-10	1.02409E-08	1.14808E-06	3.24625E-06	1.98899E-08
80.5916667	3.10355E-10	1.00588E-08	1.0869E-06	3.16803E-06	2.09179E-08
80.7583333	6.0668E-10	8.70982E-09	1.02851E-06	3.1945E-06	2.04573E-08
80.925	4.10084E-10	1.20664E-08	1.10775E-06	3.21002E-06	2.14306E-08
81.0916667	3.86446E-10	8.41464E-09	1.10083E-06	3.38623E-06	2.09791E-08
81.2583333	7.29196E-10	9.0484E-09	1.00601E-06	3.28767E-06	2.16637E-08
81.425	5.75219E-10	1.08298E-08	9.32012E-07	3.17588E-06	2.0583E-08
81.5916667	6.42943E-10	1.10463E-08	8.51502E-07	3.07166E-06	1.96907E-08
81.7583333	4.68436E-10	9.6988E-09	8.94294E-07	3.17734E-06	2.01894E-08
81.925	3.22766E-10	1.19633E-08	9.46981E-07	3.27755E-06	2.14837E-08
82.0916667	3.48671E-10	9.11307E-09	1.11779E-06	3.63449E-06	1.87435E-08
82.2583333	5.3391E-10	9.22992E-09	9.94469E-07	3.60255E-06	2.0524E-08
82.425	2.47578E-10	8.24988E-09	9.45337E-07	3.49594E-06	2.02244E-08
82.5916667	3.34215E-10	8.83424E-09	1.08234E-06	3.67901E-06	1.9763E-08
82.7583333	4.98169E-10	1.08068E-08	1.07392E-06	3.96561E-06	1.88937E-08
82.925	2.54872E-10	9.45281E-09	9.30634E-07	3.60163E-06	2.12378E-08
83.0916667	5.13174E-10	8.69391E-09	9.18503E-07	3.64461E-06	1.88276E-08
83.2583333	2.88646E-10	1.04365E-08	8.5302E-07	3.63364E-06	2.11989E-08
83.425	7.37233E-10	8.94393E-09	7.42384E-07	3.38642E-06	1.98469E-08
83.5916667	2.92196E-10	1.11935E-08	7.56763E-07	3.40379E-06	2.00774E-08
83.7583333	2.99979E-10	8.02279E-09	8.35827E-07	3.63509E-06	1.90762E-08
83.925	2.80368E-10	8.91007E-09	8.32938E-07	3.7223E-06	2.07493E-08
84.0916667	2.51258E-10	8.53187E-09	7.84546E-07	3.75383E-06	1.82662E-08
84.2583333	4.64234E-10	8.53527E-09	7.17775E-07	3.55945E-06	1.93059E-08
84.425	2.9969E-10	7.21745E-09	6.42944E-07	3.44837E-06	2.00606E-08
84.5916667	4.47591E-10	7.61615E-09	6.9418E-07	3.52726E-06	1.97042E-08
84.7583333	4.38681E-10	8.91158E-09	7.51645E-07	3.76796E-06	1.9337E-08
84.925	3.82215E-10	8.79357E-09	8.10935E-07	4.01389E-06	2.07982E-08
85.0916667	8.77921E-10	7.92972E-09	7.07062E-07	3.87936E-06	1.94029E-08
85.2583333	3.68579E-10	8.53002E-09	6.97139E-07	3.76268E-06	2.01841E-08
85.425	2.13027E-10	1.09348E-08	7.76125E-07	4.05114E-06	1.86775E-08
85.5916667	1.4887E-10	6.84661E-09	8.07916E-07	4.21267E-06	2.02721E-08
85.7583333	6.05162E-10	8.47751E-09	8.04786E-07	4.37536E-06	2.06862E-08
85.925	4.00231E-10	9.83313E-09	6.86803E-07	4.08849E-06	2.15414E-08
86.0916667	2.10388E-10	8.08704E-09	7.23839E-07	4.06666E-06	2.01637E-08
86.2583333	2.27877E-10	8.70739E-09	7.68877E-07	4.44442E-06	2.24293E-08
86.425	2.63608E-10	8.74166E-09	7.10936E-07	4.29518E-06	1.97072E-08
86.5916667	3.18982E-10	1.00837E-08	6.29326E-07	4.14462E-06	2.03003E-08
86.7583333	1.74426E-10	7.51855E-09	5.35376E-07	3.86265E-06	1.9606E-08
86.925	4.61936E-10	7.47506E-09	4.82403E-07	3.69941E-06	2.10636E-08
87.0916667	2.69701E-10	8.1284E-09	5.21371E-07	3.78691E-06	1.84864E-08
87.2583333	4.3214E-10	9.44174E-09	5.49321E-07	4.0274E-06	2.00332E-08
87.425	2.3912E-10	8.77963E-09	5.22578E-07	4.04522E-06	1.90049E-08
87.5916667	3.21585E-10	8.28878E-09	4.84791E-07	3.85368E-06	2.08167E-08
87.7583333	5.38253E-10	9.30627E-09	5.68809E-07	4.21215E-06	1.92302E-08
87.925	2.20708E-10	8.27149E-09	4.82439E-07	4.15895E-06	2.02903E-08
88.0916667	1.64473E-10	9.82674E-09	4.18121E-07	3.77112E-06	1.81152E-08
88.2583333	3.74402E-10	8.70817E-09	4.86965E-07	4.03616E-06	2.09025E-08
88.425	2.66276E-10	7.40152E-09	5.24425E-07	4.34271E-06	1.92206E-08
88.5916667	5.95115E-10	8.62571E-09	5.19007E-07	4.34677E-06	1.98245E-08
88.7583333	4.15429E-10	1.05539E-08	4.76694E-07	4.36094E-06	1.81578E-08
88.925	3.3545E-10	6.6824E-09	3.8573E-07	3.93904E-06	2.03268E-08
89.0916667	3.90488E-10	6.91225E-09	3.55701E-07	3.80252E-06	1.78736E-08
89.2583333	6.17124E-10	9.49518E-09	3.78343E-07	3.91107E-06	1.95952E-08
89.425	2.59041E-10	9.18424E-09	4.07369E-07	4.13758E-06	1.85445E-08
89.5916667	1.78718E-10	8.77965E-09	3.92883E-07	4.15655E-06	1.9782E-08
89.7583333	1.67759E-10	7.23156E-09	4.77271E-07	4.52764E-06	1.88746E-08
89.925	3.71413E-10	6.95482E-09	4.34448E-07	4.51475E-06	1.93522E-08
90.0916667	3.18632E-10	6.13327E-09	4.41283E-07	4.51209E-06	1.90341E-08
90.2583333	2.3758E-10	7.44547E-09	4.9373E-07	4.83154E-06	2.10461E-08
90.425	2.4931E-10	6.98861E-09	3.54502E-07	4.34153E-06	1.94298E-08
90.5916667	2.72838E-10	5.89553E-09	2.92362E-07	3.87725E-06	2.11505E-08
90.7583333	4.09207E-10	6.75954E-09	2.87983E-07	3.75235E-06	1.9436E-08
90.925	3.4481E-10	8.5736E-09	3.08749E-07	3.91665E-06	2.05362E-08
91.0916667	4.98901E-10	7.64898E-09	3.66686E-07	4.27827E-06	2.01154E-08
91.2583333	1.47704E-10	9.30195E-09	3.60243E-07	4.38274E-06	1.77217E-08
91.425	2.42307E-10	7.94099E-09	3.44779E-07	4.26487E-06	1.76911E-08
91.5916667	2.16644E-10	7.67931E-09	3.3641E-07	4.30778E-06	1.97487E-08
91.7583333	2.01584E-10	7.91541E-09	3.2244E-07	4.13274E-06	1.92133E-08
91.925	1.8103E-10	7.87545E-09	3.47728E-07	4.29877E-06	2.07056E-08
92.0916667	2.41002E-10	7.41924E-09	3.76613E-07	4.51387E-06	1.91978E-08
92.2583333	1.55353E-10	8.26332E-09	3.17113E-07	4.25454E-06	2.07308E-08
92.425	2.94206E-10	6.15003E-09	2.95989E-07	4.00653E-06	1.88109E-08
92.5916667	3.42478E-10	8.27832E-09	3.24892E-07	4.17718E-06	1.88036E-08
92.7583333	7.51575E-11	6.598E-09	3.13559E-07	4.1176E-06	1.87537E-08
92.925	2.46591E-10	8.51559E-09	3.65357E-07	4.46083E-06	2.03964E-08
93.0916667	2.98255E-10	8.64758E-09	3.47772E-07	4.47942E-06	1.86838E-08
93.2583333	1.82552E-10	7.27642E-09	3.32566E-07	4.36644E-06	1.95502E-08
93.425	1.97545E-10	8.33046E-09	3.33742E-07	4.37338E-06	1.99461E-08
93.5916667	3.01512E-10	6.86066E-09	3.53232E-07	4.42286E-06	1.95667E-08
93.7583333	7.86625E-11	8.38219E-09	3.61064E-07	4.51883E-06	1.72421E-08
93.925	2.02349E-10	6.25574E-09	3.79468E-07	4.65099E-06	2.01785E-08
94.0916667	2.15423E-10	8.15067E-09	3.93807E-07	4.7327E-06	1.91248E-08
94.2583333	5.06979E-10	7.11728E-09	3.35937E-07	4.54386E-06	2.03501E-08
94.425	1.9705E-10	9.43035E-09	3.6486E-07	4.4302E-06	1.83532E-08
94.5916667	2.18225E-10	8.25395E-09	4.06128E-07	4.83747E-06	1.90007E-08
94.7583333	2.00654E-10	6.36288E-09	4.27495E-07	4.92049E-06	2.06823E-08
94.925	2.19967E-10	8.62779E-09	4.0127E-07	4.99937E-06	1.95527E-08
95.0916667	6.50562E-10	6.22447E-09	3.10494E-07	4.3572E-06	1.86094E-08
95.2583333	3.18435E-10	8.52254E-09	2.59269E-07	3.90871E-06	1.97466E-08
95.425	4.59695E-10	6.6824E-09	2.68171E-07	3.93275E-06	1.94084E-08
95.5916667	2.03517E-10	6.61636E-09	3.38915E-07	4.25716E-06	1.97927E-08
95.7583333	2.38158E-10	8.3251E-09	4.14687E-07	4.84377E-06	1.82048E-08
95.925	2.72659E-10	9.83383E-09	4.03692E-07	4.93475E-06	1.95669E-08
96.0916667	2.69584E-10	9.74391E-09	3.5322E-07	4.60726E-06	1.82483E-08
96.2583333	4.55482E-10	7.80273E-09	3.49969E-07	4.49293E-06	2.05685E-08
96.425	3.58158E-10	6.97656E-09	3.39784E-07	4.49952E-06	1.991E-08
96.5916667	1.63074E-10	6.81672E-09	3.4182E-07	4.38169E-06	1.89273E-08
96.7583333	3.8313E-10	6.59128E-09	3.62495E-07	4.62717E-06	1.90651E-08
96.925	2.23208E-10	7.0588E-09	3.43828E-07	4.479E-06	2.02095E-08
97.0916667	5.35261E-10	8.55376E-09	3.08186E-07	4.31334E-06	1.90031E-08
97.2583333	3.42978E-10	6.65589E-09	2.9279E-07	4.04984E-06	2.01318E-08
97.425	3.02952E-10	6.03626E-09	3.79405E-07	4.54536E-06	1.92753E-08
97.5916667	4.67208E-10	8.34494E-09	4.51139E-07	5.10258E-06	1.96646E-08
97.7583333	2.93703E-10	6.61426E-09	4.75585E-07	5.25057E-06	1.76963E-08
97.925	1.81245E-10	7.65992E-09	4.78164E-07	5.35735E-06	1.96182E-08
98.0916667	3.84404E-10	8.82665E-09	4.2267E-07	5.01987E-06	1.93717E-08
98.2583333	2.90919E-10	8.87514E-09	4.32968E-07	4.96269E-06	2.02507E-08
98.425	8.62468E-11	9.15593E-09	3.97084E-07	4.83814E-06	1.99415E-08
98.5916667	4.62546E-10	8.61997E-09	3.84133E-07	4.67409E-06	1.96107E-08
98.7583333	4.30359E-10	7.78378E-09	4.10132E-07	4.79129E-06	1.88787E-08
98.925	4.51525E-10	5.09623E-09	3.65494E-07	4.71359E-06	1.99848E-08
99.0916667	4.84615E-10	7.62733E-09	3.41888E-07	4.40143E-06	1.86124E-08
99.2583333	2.82254E-10	6.79137E-09	3.18859E-07	4.29089E-06	1.98934E-08
99.425	2.57013E-10	6.77402E-09	3.79116E-07	4.53976E-06	1.91926E-08
99.5916667	5.46948E-10	6.72047E-09	3.66969E-07	4.60127E-06	1.9963E-08
99.7583333	3.58106E-10	6.90288E-09	3.37396E-07	4.36634E-06	1.88618E-08
99.925	2.71453E-10	6.48834E-09	3.48825E-07	4.44104E-06	1.97198E-08
100.091667	9.66099E-11	8.74009E-09	3.4429E-07	4.36081E-06	1.82121E-08
100.258333	9.91869E-11	7.65514E-09	3.54538E-07	4.5207E-06	1.9831E-08
100.425	4.19688E-10	7.21197E-09	2.95516E-07	4.16442E-06	1.89717E-08
100.591667	2.71872E-10	5.32648E-09	2.78135E-07	3.94101E-06	1.93031E-08
100.758333	2.22762E-10	6.87351E-09	2.98006E-07	4.07024E-06	1.91112E-08
100.925	2.79804E-10	7.76319E-09	3.92384E-07	4.48359E-06	1.88821E-08
101.091667	3.86383E-10	8.47049E-09	4.56449E-07	5.05035E-06	1.84367E-08
101.258333	1.94733E-10	8.40841E-09	4.50543E-07	5.13625E-06	2.0657E-08
101.425	1.77005E-10	7.8054E-09	4.57507E-07	5.09977E-06	1.95389E-08
101.591667	3.43743E-10	6.44881E-09	3.92053E-07	4.76058E-06	1.94949E-08
101.758333	3.33781E-10	7.40601E-09	4.20981E-07	4.7868E-06	1.87913E-08
101.925	3.17624E-10	6.86988E-09	3.66062E-07	4.63233E-06	1.9724E-08
102.091667	2.62595E-10	7.98467E-09	3.50866E-07	4.39179E-06	1.899E-08
102.258333	1.36012E-10	8.707E-09	4.26163E-07	4.66445E-06	2.06513E-08
