time	N2O	NO	NH3	CO	HC
0.091666667	1.35101E-06	3.18382E-05	2.18698E-08	0.00017373	1.96674E-05
0.258333333	1.37392E-06	3.17919E-05	2.23087E-08	0.000173757	1.97015E-05
0.425	1.39224E-06	3.1706E-05	2.32985E-08	0.000173619	1.96345E-05
0.591666667	1.40865E-06	3.16413E-05	2.31982E-08	0.000173488	1.96037E-05
0.758333333	1.42229E-06	3.15127E-05	2.29449E-08	0.000173412	1.96189E-05
0.925	1.43172E-06	3.13675E-05	2.24185E-08	0.000172872	1.9531E-05
1.09166667	1.44502E-06	3.13168E-05	2.30993E-08	0.000172742	1.9471E-05
1.25833333	1.45573E-06	3.12455E-05	2.42917E-08	0.000172502	1.94093E-05
1.425	1.46421E-06	3.11579E-05	2.55045E-08	0.00017238	1.94735E-05
1.59166667	1.46985E-06	3.11154E-05	2.57093E-08	0.000172311	1.95261E-05
1.75833333	1.47937E-06	3.10879E-05	2.57686E-08	0.000172176	1.94768E-05
1.925	1.48942E-06	3.10462E-05	2.59678E-08	0.000172271	1.94965E-05
2.09166667	1.49465E-06	3.10265E-05	2.60739E-08	0.000172149	1.94735E-05
2.25833333	1.50108E-06	3.09905E-05	2.69797E-08	0.000171994	1.9462E-05
2.425	1.50429E-06	3.09667E-05	2.72449E-08	0.00017211	1.9562E-05
2.59166667	1.51072E-06	3.09467E-05	2.68808E-08	0.000171975	1.95292E-05
2.75833333	1.50679E-06	3.09443E-05	2.63558E-08	0.000171859	1.95725E-05
2.925	1.5104E-06	3.08791E-05	2.5591E-08	0.000171757	1.96494E-05
3.09166667	1.50983E-06	3.0906E-05	2.7511E-08	0.000171888	1.95258E-05
3.25833333	1.5041E-06	3.08675E-05	2.52605E-08	0.000171728	1.94725E-05
3.425	1.50077E-06	3.08616E-05	2.44894E-08	0.000171697	1.94869E-05
3.59166667	1.49816E-06	3.08756E-05	2.5195E-08	0.000171564	1.94639E-05
3.75833333	1.49742E-06	3.08784E-05	2.50982E-08	0.00017136	1.94935E-05
3.925	1.49348E-06	3.08628E-05	2.52402E-08	0.000171344	1.95107E-05
4.09166667	1.49081E-06	3.0867E-05	2.47463E-08	0.000171552	1.94139E-05
4.25833333	1.48572E-06	3.0885E-05	2.36126E-08	0.000171484	1.94376E-05
4.425	1.47546E-06	3.08757E-05	2.44057E-08	0.000171328	1.94059E-05
4.59166667	1.46821E-06	3.08904E-05	2.5383E-08	0.000171431	1.94252E-05
4.75833333	1.46326E-06	3.08875E-05	2.42979E-08	0.000171254	1.94051E-05
4.925	1.45992E-06	3.09142E-05	2.34806E-08	0.000171221	1.94329E-05
5.09166667	1.45488E-06	3.09324E-05	2.30789E-08	0.000171282	1.92819E-05
5.25833333	1.44886E-06	3.09298E-05	2.43335E-08	0.000171525	1.93317E-05
5.425	1.44516E-06	3.09567E-05	2.339E-08	0.0001714	1.94695E-05
5.59166667	1.43896E-06	3.09531E-05	2.30625E-08	0.000171369	1.95081E-05
5.75833333	1.43527E-06	3.09779E-05	2.24408E-08	0.000171195	1.94692E-05
5.925	1.42809E-06	3.09771E-05	2.2841E-08	0.000171403	1.93965E-05
6.09166667	1.42177E-06	3.10029E-05	2.38132E-08	0.000171416	1.93006E-05
6.25833333	1.41895E-06	3.10204E-05	2.32229E-08	0.000171366	1.9304E-05
6.425	1.41197E-06	3.10332E-05	2.38907E-08	0.000171261	1.93568E-05
6.59166667	1.40651E-06	3.1046E-05	2.30928E-08	0.000171207	1.93746E-05
6.75833333	1.40157E-06	3.10898E-05	2.27602E-08	0.000171473	1.94092E-05
6.925	1.39711E-06	3.10885E-05	2.32687E-08	0.000171356	1.93579E-05
7.09166667	1.39042E-06	3.11202E-05	2.36611E-08	0.000171322	1.94388E-05
7.25833333	1.38715E-06	3.11145E-05	2.18568E-08	0.000171212	1.95479E-05
7.425	1.38134E-06	3.11596E-05	2.17065E-08	0.000171609	1.95943E-05
7.59166667	1.37734E-06	3.1166E-05	2.25167E-08	0.00017143	1.95601E-05
7.75833333	1.37045E-06	3.11707E-05	2.17177E-08	0.000171451	1.94294E-05
7.925	1.36783E-06	3.1206E-05	2.19182E-08	0.000171404	1.93137E-05
8.09166667	1.36068E-06	3.12608E-05	2.07779E-08	0.00017138	1.93375E-05
8.25833333	1.35522E-06	3.12699E-05	2.04505E-08	0.000171365	1.93589E-05
8.425	1.35273E-06	3.12775E-05	1.95275E-08	0.000171661	1.93617E-05
8.59166667	1.34918E-06	3.13472E-05	1.88093E-08	0.00017159	1.94007E-05
8.75833333	1.34296E-06	3.13277E-05	1.86355E-08	0.000171516	1.9422E-05
8.925	1.33657E-06	3.13692E-05	1.65515E-08	0.000171543	1.9478E-05
9.09166667	1.33362E-06	3.1483E-05	1.72706E-08	0.000171797	1.95607E-05
9.25833333	1.32635E-06	3.14802E-05	1.66425E-08	0.000171575	1.96961E-05
9.425	1.32313E-06	3.14943E-05	1.66971E-08	0.00017207	1.96046E-05
9.59166667	1.3189E-06	3.15566E-05	1.66399E-08	0.00017203	1.95549E-05
9.75833333	1.31363E-06	3.15489E-05	1.74665E-08	0.000171802	1.96085E-05
9.925	1.30951E-06	3.15746E-05	1.60585E-08	0.000171977	1.95403E-05
10.0916667	1.30238E-06	3.15775E-05	1.73195E-08	0.000171937	1.94686E-05
10.2583333	1.30004E-06	3.16001E-05	1.68287E-08	0.000171918	1.95257E-05
10.425	1.29333E-06	3.16074E-05	1.49127E-08	0.000171904	1.96118E-05
10.5916667	1.29068E-06	3.16324E-05	1.48272E-08	0.000171777	1.9691E-05
10.7583333	1.28638E-06	3.16478E-05	1.61325E-08	0.000171874	1.96985E-05
10.925	1.28218E-06	3.16605E-05	1.6758E-08	0.000171732	1.96555E-05
11.0916667	1.2772E-06	3.16426E-05	1.43386E-08	0.000171823	1.97048E-05
11.2583333	1.27256E-06	3.1657E-05	1.55891E-08	0.000171781	1.97275E-05
11.425	1.2679E-06	3.1683E-05	1.62595E-08	0.0001718	1.97558E-05
11.5916667	1.2661E-06	3.17087E-05	1.48937E-08	0.000172097	1.96654E-05
11.7583333	1.26353E-06	3.17291E-05	1.50868E-08	0.000171967	1.95251E-05
11.925	1.26093E-06	3.17468E-05	1.39253E-08	0.00017188	1.95082E-05
12.0916667	1.25468E-06	3.1759E-05	1.45114E-08	0.000171856	1.94807E-05
12.2583333	1.25172E-06	3.17629E-05	1.40707E-08	0.000172026	1.95899E-05
12.425	1.25013E-06	3.17905E-05	1.49865E-08	0.000172267	1.95033E-05
12.5916667	1.24606E-06	3.17749E-05	1.39542E-08	0.000171924	1.94271E-05
12.7583333	1.2419E-06	3.17689E-05	1.35449E-08	0.000171915	1.95696E-05
12.925	1.23891E-06	3.17948E-05	1.4575E-08	0.000172063	1.9547E-05
13.0916667	1.23741E-06	3.18273E-05	1.45011E-08	0.000172168	1.95794E-05
13.2583333	1.23518E-06	3.18277E-05	1.37075E-08	0.000171982	1.95184E-05
13.425	1.23211E-06	3.18309E-05	1.33243E-08	0.000172135	1.94694E-05
13.5916667	1.22956E-06	3.18417E-05	1.41655E-08	0.000172054	1.95264E-05
13.7583333	1.23011E-06	3.19064E-05	1.30366E-08	0.000172469	1.95058E-05
13.925	1.22697E-06	3.18467E-05	1.29327E-08	0.000172163	1.95184E-05
14.0916667	1.22578E-06	3.19079E-05	1.35916E-08	0.000172246	1.94208E-05
14.2583333	1.22371E-06	3.18728E-05	1.4528E-08	0.000172216	1.94599E-05
14.425	1.22182E-06	3.18857E-05	1.36455E-08	0.000172035	1.95377E-05
14.5916667	1.2183E-06	3.19138E-05	1.40456E-08	0.000172273	1.96473E-05
14.7583333	1.2157E-06	3.18802E-05	1.32866E-08	0.000172348	1.96721E-05
14.925	1.21387E-06	3.19034E-05	1.30209E-08	0.000172436	1.96904E-05
15.0916667	1.21064E-06	3.18654E-05	1.32973E-08	0.000172047	1.97415E-05
15.2583333	1.21124E-06	3.18746E-05	1.2834E-08	0.000172154	1.95466E-05
15.425	1.20997E-06	3.19528E-05	1.40344E-08	0.000172563	1.95136E-05
15.5916667	1.20809E-06	3.18998E-05	1.36658E-08	0.000172139	1.94478E-05
15.7583333	1.2102E-06	3.19425E-05	1.32878E-08	0.000172238	1.93963E-05
15.925	1.20511E-06	3.19036E-05	1.38703E-08	0.000172054	1.94244E-05
16.0916667	1.20459E-06	3.19178E-05	1.32327E-08	0.000172168	1.94704E-05
16.2583333	1.20315E-06	3.19409E-05	1.29546E-08	0.000172386	1.94578E-05
16.425	1.20115E-06	3.19247E-05	1.24396E-08	0.000172257	1.95977E-05
16.5916667	1.20228E-06	3.19323E-05	1.34659E-08	0.000172089	1.97413E-05
16.7583333	1.20246E-06	3.19707E-05	1.46004E-08	0.000172618	1.96422E-05
16.925	1.20143E-06	3.19669E-05	1.27155E-08	0.000172448	1.95971E-05
17.0916667	1.20162E-06	3.19434E-05	1.2821E-08	0.000172321	1.95506E-05
17.2583333	1.20017E-06	3.19309E-05	1.35381E-08	0.00017216	1.95346E-05
17.425	1.1969E-06	3.18976E-05	1.27144E-08	0.000171905	1.95298E-05
17.5916667	1.19889E-06	3.19249E-05	1.3758E-08	0.000172065	1.94755E-05
17.7583333	1.19905E-06	3.19388E-05	1.25595E-08	0.000172006	1.94751E-05
17.925	1.19843E-06	3.19104E-05	1.33822E-08	0.000171845	1.95069E-05
18.0916667	1.19888E-06	3.19464E-05	1.37548E-08	0.000172222	1.96107E-05
18.2583333	1.19661E-06	3.19306E-05	1.29915E-08	0.000172104	1.95844E-05
18.425	1.19875E-06	3.19156E-05	1.29658E-08	0.000172133	1.95911E-05
18.5916667	1.19899E-06	3.19559E-05	1.3526E-08	0.000172179	1.95973E-05
18.7583333	1.19785E-06	3.19134E-05	1.31347E-08	0.000172029	1.97309E-05
18.925	1.19545E-06	3.18467E-05	1.23715E-08	0.000171744	1.96674E-05
19.0916667	1.19796E-06	3.18813E-05	1.21449E-08	0.000171827	1.96613E-05
19.2583333	1.19862E-06	3.19129E-05	1.2778E-08	0.000172027	1.95879E-05
19.425	1.19807E-06	3.19065E-05	1.34253E-08	0.00017196	1.96381E-05
19.5916667	1.1995E-06	3.18935E-05	1.33399E-08	0.000171933	1.96236E-05
19.7583333	1.19845E-06	3.18892E-05	1.26971E-08	0.000172044	1.96138E-05
19.925	1.20089E-06	3.19209E-05	1.3462E-08	0.000172195	1.95553E-05
20.0916667	1.20032E-06	3.18849E-05	1.27297E-08	0.000171974	1.94854E-05
20.2583333	1.20176E-06	3.1896E-05	1.32288E-08	0.000171758	1.94053E-05
20.425	1.20214E-06	3.18969E-05	1.25599E-08	0.000172023	1.94339E-05
20.5916667	1.20133E-06	3.18974E-05	1.43652E-08	0.00017207	1.94959E-05
20.7583333	1.20377E-06	3.19112E-05	1.28333E-08	0.000172006	1.93939E-05
20.925	1.2058E-06	3.18988E-05	1.2872E-08	0.000172026	1.93694E-05
21.0916667	1.20511E-06	3.18848E-05	1.25028E-08	0.00017202	1.93942E-05
21.2583333	1.20691E-06	3.18616E-05	1.38377E-08	0.000171877	1.95078E-05
21.425	1.20659E-06	3.18878E-05	1.20461E-08	0.000172008	1.9504E-05
21.5916667	1.20592E-06	3.18585E-05	1.35506E-08	0.000171791	1.9485E-05
21.7583333	1.20712E-06	3.1851E-05	1.28582E-08	0.000171868	1.95255E-05
21.925	1.20776E-06	3.1852E-05	1.43654E-08	0.000171637	1.94761E-05
22.0916667	1.20684E-06	3.18499E-05	1.37414E-08	0.000171983	1.95122E-05
22.2583333	1.2099E-06	3.18697E-05	1.45009E-08	0.000171982	1.94752E-05
22.425	1.20906E-06	3.18601E-05	1.3197E-08	0.000171706	1.9565E-05
22.5916667	1.20984E-06	3.18415E-05	1.20551E-08	0.000171657	1.94617E-05
22.7583333	1.21096E-06	3.18336E-05	1.29427E-08	0.000171978	1.94868E-05
22.925	1.21289E-06	3.18647E-05	1.36468E-08	0.000171962	1.94747E-05
23.0916667	1.21324E-06	3.18476E-05	1.2979E-08	0.000171944	1.94198E-05
23.2583333	1.21244E-06	3.18377E-05	1.36469E-08	0.000171801	1.95559E-05
23.425	1.21401E-06	3.18427E-05	1.28093E-08	0.000171843	1.9546E-05
23.5916667	1.21388E-06	3.18257E-05	1.41791E-08	0.00017186	1.96311E-05
23.7583333	1.21469E-06	3.18234E-05	1.36634E-08	0.000171839	1.95939E-05
23.925	1.21616E-06	3.18531E-05	1.45573E-08	0.000171956	1.95262E-05
24.0916667	1.21617E-06	3.18291E-05	1.35351E-08	0.000171982	1.96037E-05
24.2583333	1.21698E-06	3.18572E-05	1.35635E-08	0.00017201	1.96436E-05
24.425	1.21732E-06	3.18422E-05	1.30931E-08	0.000171814	1.96308E-05
24.5916667	1.21889E-06	3.18155E-05	1.32254E-08	0.000171729	1.94897E-05
24.7583333	1.21936E-06	3.18071E-05	1.41239E-08	0.000171727	1.9442E-05
24.925	1.21906E-06	3.17964E-05	1.24689E-08	0.000171804	1.94147E-05
25.0916667	1.22111E-06	3.18171E-05	1.34939E-08	0.000171834	1.95201E-05
25.2583333	1.22181E-06	3.18223E-05	1.33906E-08	0.000171803	1.95064E-05
25.425	1.22106E-06	3.17954E-05	1.36983E-08	0.000171803	1.94791E-05
25.5916667	1.22054E-06	3.1783E-05	1.35279E-08	0.000171668	1.95777E-05
25.7583333	1.22158E-06	3.17709E-05	1.37784E-08	0.000171716	1.95714E-05
25.925	1.2213E-06	3.17788E-05	1.35035E-08	0.000171677	1.9546E-05
26.0916667	1.22393E-06	3.18255E-05	1.40463E-08	0.000171899	1.9556E-05
26.2583333	1.22251E-06	3.17959E-05	1.27438E-08	0.000171806	1.95912E-05
26.425	1.22403E-06	3.17958E-05	1.37884E-08	0.000172	1.95871E-05
26.5916667	1.22362E-06	3.17835E-05	1.35513E-08	0.000171904	1.95943E-05
26.7583333	1.22566E-06	3.18116E-05	1.22795E-08	0.000171666	1.94805E-05
26.925	1.22541E-06	3.17653E-05	1.26225E-08	0.000171642	1.95103E-05
27.0916667	1.22566E-06	3.17841E-05	1.41458E-08	0.000171684	1.94296E-05
27.2583333	1.22908E-06	3.178E-05	1.28702E-08	0.000171784	1.9483E-05
27.425	1.22722E-06	3.17466E-05	1.34011E-08	0.000171455	1.93899E-05
27.5916667	1.22578E-06	3.17384E-05	1.39803E-08	0.00017149	1.93738E-05
27.7583333	1.22865E-06	3.17686E-05	1.33582E-08	0.00017159	1.93178E-05
27.925	1.22779E-06	3.17451E-05	1.3964E-08	0.000171718	1.93865E-05
28.0916667	1.2293E-06	3.17839E-05	1.38812E-08	0.000171687	1.94339E-05
28.2583333	1.22916E-06	3.17651E-05	1.4336E-08	0.000171643	1.9427E-05
28.425	1.22682E-06	3.17243E-05	1.33862E-08	0.000171513	1.95053E-05
28.5916667	1.22729E-06	3.17236E-05	1.38866E-08	0.000171393	1.94377E-05
28.7583333	1.22893E-06	3.17253E-05	1.26823E-08	0.000171634	1.94443E-05
28.925	1.23103E-06	3.1742E-05	1.39826E-08	0.000171603	1.94386E-05
29.0916667	1.22938E-06	3.17091E-05	1.47554E-08	0.000171273	1.94727E-05
29.2583333	1.22878E-06	3.1722E-05	1.37382E-08	0.000171531	1.93633E-05
29.425	1.22895E-06	3.17112E-05	1.46637E-08	0.000171377	1.95935E-05
29.5916667	1.23057E-06	3.17293E-05	1.28787E-08	0.000171551	1.95187E-05
29.7583333	1.22958E-06	3.17055E-05	1.41893E-08	0.000171583	1.95957E-05
29.925	1.22949E-06	3.16919E-05	1.39478E-08	0.00017124	1.95669E-05
30.0916667	1.22979E-06	3.17114E-05	1.4178E-08	0.000171311	1.95352E-05
30.2583333	1.22935E-06	3.16816E-05	1.46546E-08	0.000171307	1.96618E-05
30.425	1.22936E-06	3.16956E-05	1.40729E-08	0.000171301	1.96045E-05
30.5916667	1.22965E-06	3.16971E-05	1.40989E-08	0.000171292	1.96815E-05
30.7583333	1.23262E-06	3.17273E-05	1.28929E-08	0.000171629	1.96156E-05
30.925	1.23201E-06	3.17089E-05	1.4234E-08	0.000171574	1.96349E-05
31.0916667	1.23589E-06	3.17144E-05	1.46515E-08	0.00017164	1.95903E-05
31.2583333	1.24056E-06	3.17064E-05	1.38227E-08	0.000171545	1.96483E-05
31.425	1.24462E-06	3.16422E-05	1.35593E-08	0.000171437	1.96085E-05
31.5916667	1.25577E-06	3.16608E-05	1.40421E-08	0.000171555	1.94907E-05
31.7583333	1.26284E-06	3.16085E-05	1.39058E-08	0.000171488	1.95184E-05
31.925	1.27623E-06	3.15838E-05	1.53999E-08	0.000171424	1.93844E-05
32.0916667	1.28965E-06	3.15189E-05	1.42436E-08	0.000171376	1.94094E-05
32.2583333	1.30496E-06	3.14344E-05	1.48436E-08	0.000171316	1.94307E-05
32.425	1.3245E-06	3.13528E-05	1.48045E-08	0.000171271	1.95521E-05
32.5916667	1.34057E-06	3.12417E-05	1.64555E-08	0.000170941	1.9619E-05
32.7583333	1.36199E-06	3.11747E-05	1.50186E-08	0.000170898	1.9589E-05
32.925	1.38384E-06	3.10305E-05	1.61685E-08	0.000170915	1.95837E-05
33.0916667	1.40526E-06	3.09492E-05	1.65645E-08	0.00017079	1.94909E-05
33.2583333	1.42754E-06	3.0846E-05	1.77179E-08	0.000170509	1.93871E-05
33.425	1.45093E-06	3.07377E-05	1.87934E-08	0.000170375	1.94034E-05
33.5916667	1.47979E-06	3.06406E-05	1.9577E-08	0.000170136	1.93205E-05
33.7583333	1.51198E-06	3.05098E-05	2.07382E-08	0.000169995	1.93306E-05
33.925	1.53859E-06	3.03913E-05	2.01782E-08	0.000169823	1.93527E-05
34.0916667	1.56313E-06	3.03009E-05	2.02445E-08	0.000169486	1.93123E-05
34.2583333	1.58788E-06	3.01978E-05	2.16236E-08	0.000169318	1.9324E-05
34.425	1.61571E-06	3.00664E-05	2.27E-08	0.000169214	1.9322E-05
34.5916667	1.64287E-06	2.99537E-05	2.34441E-08	0.000169166	1.93322E-05
34.7583333	1.67275E-06	2.98386E-05	2.38663E-08	0.000168947	1.93519E-05
34.925	1.70099E-06	2.97037E-05	2.45896E-08	0.000168733	1.92667E-05
35.0916667	1.73433E-06	2.95734E-05	2.65212E-08	0.000168654	1.92432E-05
35.2583333	1.76491E-06	2.94289E-05	2.67965E-08	0.000168487	1.92675E-05
35.425	1.80572E-06	2.92991E-05	2.85017E-08	0.000168254	1.92826E-05
35.5916667	1.85956E-06	2.91673E-05	3.08094E-08	0.000168046	1.92375E-05
35.7583333	1.89773E-06	2.90209E-05	3.19508E-08	0.000167696	1.91571E-05
35.925	1.9354E-06	2.88615E-05	3.28815E-08	0.000167479	1.9175E-05
36.0916667	1.97379E-06	2.86927E-05	3.50176E-08	0.000167285	1.917E-05
36.2583333	2.01066E-06	2.85262E-05	3.7767E-08	0.000167068	1.91433E-05
36.425	2.04623E-06	2.83364E-05	3.94022E-08	0.000166735	1.90139E-05
36.5916667	2.08678E-06	2.816E-05	4.17876E-08	0.000166494	1.90753E-05
36.7583333	2.12718E-06	2.79455E-05	4.41778E-08	0.000166131	1.89614E-05
36.925	2.1664E-06	2.77499E-05	4.52128E-08	0.000165957	1.89553E-05
37.0916667	2.20898E-06	2.75504E-05	4.85754E-08	0.000165608	1.89505E-05
37.2583333	2.24803E-06	2.73878E-05	5.19139E-08	0.000165503	1.89553E-05
37.425	2.28556E-06	2.71751E-05	5.44315E-08	0.000165035	1.90791E-05
37.5916667	2.32714E-06	2.6993E-05	5.73785E-08	0.000164816	1.89438E-05
37.7583333	2.36556E-06	2.67674E-05	6.16814E-08	0.000164419	1.89895E-05
37.925	2.41811E-06	2.6559E-05	6.54253E-08	0.000164489	1.88987E-05
38.0916667	2.4635E-06	2.6332E-05	6.84661E-08	0.00016401	1.88167E-05
38.2583333	2.50348E-06	2.61066E-05	7.18527E-08	0.000163749	1.87589E-05
38.425	2.53949E-06	2.59034E-05	7.66092E-08	0.000163382	1.8739E-05
38.5916667	2.58236E-06	2.56641E-05	8.03323E-08	0.000163097	1.88989E-05
38.7583333	2.62202E-06	2.54665E-05	8.60895E-08	0.000162742	1.88094E-05
38.925	2.66831E-06	2.52492E-05	8.99766E-08	0.0001626	1.87425E-05
39.0916667	2.71793E-06	2.50273E-05	9.49453E-08	0.000162006	1.87403E-05
39.2583333	2.76418E-06	2.4825E-05	1.00922E-07	0.000161882	1.86858E-05
39.425	2.80562E-06	2.45889E-05	1.06138E-07	0.000161618	1.85659E-05
39.5916667	2.84209E-06	2.43317E-05	1.12886E-07	0.000161168	1.85408E-05
39.7583333	2.87919E-06	2.41139E-05	1.19398E-07	0.000160571	1.84354E-05
39.925	2.922E-06	2.38632E-05	1.26905E-07	0.000160183	1.84531E-05
40.0916667	2.97724E-06	2.361E-05	1.32808E-07	0.000159946	1.84565E-05
40.2583333	3.04363E-06	2.33697E-05	1.3984E-07	0.000159717	1.85499E-05
40.425	3.09433E-06	2.30966E-05	1.47243E-07	0.000159189	1.86187E-05
40.5916667	3.12808E-06	2.28661E-05	1.56246E-07	0.000158874	1.85088E-05
40.7583333	3.16376E-06	2.26285E-05	1.65203E-07	0.000158605	1.82519E-05
40.925	3.19659E-06	2.23601E-05	1.7346E-07	0.000157837	1.81323E-05
41.0916667	3.22206E-06	2.21149E-05	1.83424E-07	0.000157621	1.81735E-05
41.2583333	3.25079E-06	2.18695E-05	1.93495E-07	0.000157287	1.82007E-05
41.425	3.27223E-06	2.15878E-05	2.03477E-07	0.000156681	1.82115E-05
41.5916667	3.29865E-06	2.13427E-05	2.14089E-07	0.000156364	1.80876E-05
41.7583333	3.32653E-06	2.10741E-05	2.25E-07	0.000155986	1.82327E-05
41.925	3.35723E-06	2.08229E-05	2.35646E-07	0.000155588	1.81495E-05
42.0916667	3.38548E-06	2.05748E-05	2.49962E-07	0.000155219	1.80962E-05
42.2583333	3.41371E-06	2.02818E-05	2.62174E-07	0.000154687	1.80585E-05
42.425	3.44537E-06	2.00377E-05	2.77702E-07	0.000154166	1.80027E-05
42.5916667	3.47115E-06	1.97591E-05	2.89681E-07	0.000153761	1.79072E-05
42.7583333	3.50073E-06	1.94767E-05	3.04955E-07	0.000153172	1.78694E-05
42.925	3.52813E-06	1.92101E-05	3.19797E-07	0.000152812	1.76987E-05
43.0916667	3.5465E-06	1.89602E-05	3.36318E-07	0.000152235	1.76337E-05
43.2583333	3.5703E-06	1.86971E-05	3.54239E-07	0.00015172	1.77073E-05
43.425	3.59031E-06	1.84162E-05	3.71623E-07	0.000151403	1.77961E-05
43.5916667	3.625E-06	1.8153E-05	3.91987E-07	0.00015099	1.78249E-05
43.7583333	3.65287E-06	1.78806E-05	4.09411E-07	0.000150248	1.76992E-05
43.925	3.69549E-06	1.76229E-05	4.30006E-07	0.000149533	1.75377E-05
44.0916667	3.71609E-06	1.73614E-05	4.48477E-07	0.000149279	1.74621E-05
44.2583333	3.73286E-06	1.70815E-05	4.70426E-07	0.000148546	1.76208E-05
44.425	3.74643E-06	1.68198E-05	4.94002E-07	0.000148056	1.76066E-05
44.5916667	3.76143E-06	1.65383E-05	5.18238E-07	0.000147324	1.74289E-05
44.7583333	3.77204E-06	1.62655E-05	5.42321E-07	0.000146803	1.7397E-05
44.925	3.78885E-06	1.60047E-05	5.69021E-07	0.000146235	1.73615E-05
45.0916667	3.79949E-06	1.57544E-05	5.97543E-07	0.000145661	1.7345E-05
45.2583333	3.81285E-06	1.54819E-05	6.26766E-07	0.000144862	1.71931E-05
45.425	3.82238E-06	1.52136E-05	6.56793E-07	0.000144288	1.70734E-05
45.5916667	3.83409E-06	1.49472E-05	6.90484E-07	0.000143539	1.7082E-05
45.7583333	3.84006E-06	1.46861E-05	7.22612E-07	0.000142979	1.71496E-05
45.925	3.84904E-06	1.44042E-05	7.56225E-07	0.000142108	1.7105E-05
46.0916667	3.85167E-06	1.41654E-05	7.91674E-07	0.000141331	1.70196E-05
46.2583333	3.86167E-06	1.39146E-05	8.28226E-07	0.000140804	1.68704E-05
46.425	3.86356E-06	1.36603E-05	8.67863E-07	0.000139928	1.68333E-05
46.5916667	3.86361E-06	1.34119E-05	9.08132E-07	0.00013893	1.6769E-05
46.7583333	3.862E-06	1.31643E-05	9.48358E-07	0.000138355	1.66201E-05
46.925	3.85707E-06	1.29175E-05	9.91547E-07	0.000137173	1.65895E-05
47.0916667	3.85645E-06	1.26949E-05	1.03376E-06	0.000136368	1.64801E-05
47.2583333	3.84978E-06	1.24595E-05	1.08142E-06	0.000135551	1.64492E-05
47.425	3.84151E-06	1.22355E-05	1.12785E-06	0.000134436	1.6364E-05
47.5916667	3.83328E-06	1.20163E-05	1.17852E-06	0.000133437	1.62779E-05
47.7583333	3.81844E-06	1.18021E-05	1.22696E-06	0.000132632	1.6431E-05
47.925	3.80685E-06	1.16132E-05	1.28185E-06	0.000131601	1.64552E-05
48.0916667	3.78648E-06	1.14192E-05	1.33361E-06	0.000130349	1.6368E-05
48.2583333	3.76605E-06	1.12378E-05	1.38695E-06	0.00012899	1.64598E-05
48.425	3.74407E-06	1.10694E-05	1.44217E-06	0.000127882	1.62507E-05
48.5916667	3.71622E-06	1.09251E-05	1.49648E-06	0.000126508	1.60949E-05
48.7583333	3.6855E-06	1.07818E-05	1.55075E-06	0.000125178	1.6062E-05
48.925	3.6393E-06	1.06647E-05	1.6047E-06	0.000123635	1.59791E-05
49.0916667	3.59051E-06	1.05998E-05	1.65627E-06	0.000122203	1.59331E-05
49.2583333	3.54321E-06	1.05479E-05	1.70055E-06	0.000120876	1.57945E-05
49.425	3.48715E-06	1.05471E-05	1.75179E-06	0.000119389	1.58598E-05
49.5916667	3.42105E-06	1.05818E-05	1.78729E-06	0.000117605	1.57909E-05
49.7583333	3.34462E-06	1.06719E-05	1.81541E-06	0.000115958	1.57738E-05
49.925	3.24152E-06	1.07853E-05	1.84278E-06	0.000114199	1.57314E-05
50.0916667	3.15574E-06	1.09052E-05	1.86785E-06	0.00011264	1.56662E-05
50.2583333	3.0822E-06	1.10394E-05	1.88987E-06	0.000110489	1.56062E-05
50.425	2.99732E-06	1.11719E-05	1.9171E-06	0.000108581	1.54258E-05
50.5916667	2.92616E-06	1.13015E-05	1.94325E-06	0.000106521	1.53709E-05
50.7583333	2.8547E-06	1.14408E-05	1.97001E-06	0.000104135	1.54011E-05
50.925	2.79437E-06	1.1575E-05	1.99751E-06	0.000101807	1.53469E-05
51.0916667	2.73797E-06	1.16986E-05	2.0233E-06	9.92193E-05	1.53436E-05
51.2583333	2.66909E-06	1.18292E-05	2.0524E-06	9.64091E-05	1.52138E-05
51.425	2.60137E-06	1.19578E-05	2.07761E-06	9.2902E-05	1.51427E-05
51.5916667	2.52948E-06	1.20787E-05	2.10316E-06	8.86043E-05	1.50048E-05
51.7583333	2.43409E-06	1.21833E-05	2.12842E-06	8.3688E-05	1.49162E-05
51.925	2.3547E-06	1.22637E-05	2.14873E-06	7.8313E-05	1.48096E-05
52.0916667	2.30197E-06	1.2342E-05	2.17326E-06	7.22624E-05	1.47021E-05
52.2583333	2.2494E-06	1.23832E-05	2.1913E-06	6.64399E-05	1.45253E-05
52.425	2.21976E-06	1.23728E-05	2.18586E-06	5.88347E-05	1.42845E-05
52.5916667	2.13204E-06	1.24282E-05	2.2188E-06	5.4552E-05	1.41542E-05
52.7583333	2.11892E-06	1.23415E-05	2.20209E-06	4.72403E-05	1.39281E-05
52.925	2.05819E-06	1.24271E-05	2.22216E-06	4.32057E-05	1.36519E-05
53.0916667	2.06685E-06	1.22823E-05	2.19451E-06	3.68449E-05	1.34971E-05
53.2583333	2.01364E-06	1.23642E-05	2.20462E-06	3.3607E-05	1.31724E-05
53.425	2.03244E-06	1.22652E-05	2.14604E-06	2.83582E-05	1.28951E-05
53.5916667	2.0146E-06	1.21771E-05	2.13656E-06	2.52708E-05	1.27417E-05
53.7583333	2.01212E-06	1.21298E-05	2.09482E-06	2.18228E-05	1.25652E-05
53.925	2.03396E-06	1.20584E-05	2.03153E-06	1.85496E-05	1.23345E-05
54.0916667	2.07766E-06	1.19325E-05	1.9613E-06	1.54863E-05	1.20464E-05
54.2583333	2.15978E-06	1.17989E-05	1.85018E-06	1.21505E-05	1.16722E-05
54.425	2.24911E-06	1.16197E-05	1.74999E-06	1.00144E-05	1.12313E-05
54.5916667	2.39788E-06	1.13497E-05	1.6237E-06	7.63956E-06	1.082E-05
54.7583333	2.57577E-06	1.095E-05	1.44153E-06	5.04177E-06	1.0163E-05
54.925	2.76753E-06	1.07491E-05	1.27102E-06	3.70349E-06	9.34867E-06
55.0916667	2.98635E-06	1.03682E-05	1.13872E-06	2.88741E-06	8.47613E-06
55.2583333	3.30972E-06	9.95252E-06	8.94409E-07	1.74867E-06	7.1795E-06
55.425	3.28613E-06	1.01474E-05	9.45553E-07	2.22705E-06	6.55346E-06
55.5916667	3.47083E-06	9.65777E-06	8.08987E-07	1.53436E-06	5.82667E-06
55.7583333	3.46381E-06	9.79929E-06	7.72737E-07	1.46398E-06	5.2241E-06
55.925	3.5863E-06	9.4175E-06	7.36329E-07	1.40677E-06	4.72964E-06
56.0916667	3.69248E-06	9.14364E-06	6.62783E-07	1.22833E-06	4.11826E-06
56.2583333	3.74328E-06	8.82079E-06	6.48209E-07	1.24135E-06	3.77704E-06
56.425	3.77879E-06	8.5095E-06	6.47289E-07	1.27895E-06	3.51928E-06
56.5916667	3.8287E-06	8.30326E-06	6.35736E-07	1.25259E-06	3.22542E-06
56.7583333	3.89583E-06	7.94002E-06	6.14264E-07	1.20642E-06	2.89476E-06
56.925	3.94188E-06	7.54789E-06	6.06138E-07	1.19223E-06	2.6503E-06
57.0916667	4.01975E-06	7.09547E-06	5.96207E-07	1.16194E-06	2.39529E-06
57.2583333	4.08157E-06	6.58893E-06	5.95667E-07	1.14652E-06	2.18335E-06
57.425	4.13137E-06	6.06387E-06	6.04982E-07	1.1367E-06	2.00235E-06
57.5916667	4.15168E-06	5.55973E-06	6.31008E-07	1.13883E-06	1.87894E-06
57.7583333	4.17981E-06	5.0764E-06	6.65609E-07	1.1335E-06	1.75583E-06
57.925	4.18249E-06	4.61444E-06	7.1497E-07	1.14285E-06	1.67507E-06
58.0916667	4.18426E-06	4.19377E-06	7.67305E-07	1.16609E-06	1.59043E-06
58.2583333	4.18979E-06	3.7662E-06	8.22517E-07	1.20595E-06	1.46812E-06
58.425	4.12309E-06	3.3852E-06	9.17788E-07	1.3285E-06	1.43563E-06
58.5916667	4.11087E-06	3.08405E-06	9.85029E-07	1.37471E-06	1.34672E-06
58.7583333	4.05109E-06	2.73374E-06	1.07847E-06	1.47583E-06	1.29485E-06
58.925	3.99152E-06	2.46059E-06	1.18735E-06	1.59885E-06	1.27239E-06
59.0916667	3.95296E-06	2.18942E-06	1.27985E-06	1.67292E-06	1.20977E-06
59.2583333	3.90271E-06	1.88638E-06	1.36467E-06	1.74716E-06	1.12164E-06
59.425	3.81778E-06	1.58426E-06	1.47767E-06	1.89561E-06	1.06056E-06
59.5916667	3.73411E-06	1.34083E-06	1.59633E-06	2.00258E-06	1.02401E-06
59.7583333	3.64907E-06	1.07112E-06	1.70041E-06	2.10183E-06	9.34626E-07
59.925	3.54614E-06	8.46562E-07	1.85093E-06	2.26781E-06	9.0015E-07
60.0916667	3.43075E-06	6.61367E-07	2.02259E-06	2.43368E-06	8.89149E-07
60.2583333	3.37009E-06	4.93012E-07	2.18951E-06	2.55275E-06	8.44522E-07
60.425	3.2681E-06	3.36123E-07	2.36839E-06	2.70936E-06	7.89018E-07
60.5916667	3.18096E-06	2.06745E-07	2.55097E-06	2.84525E-06	7.17177E-07
60.7583333	3.04963E-06	1.14185E-07	2.75609E-06	3.0584E-06	6.38405E-07
60.925	2.90941E-06	6.48401E-08	2.94886E-06	3.22107E-06	5.38793E-07
61.0916667	2.75793E-06	3.51979E-08	3.09264E-06	3.32475E-06	4.17983E-07
61.2583333	2.60153E-06	2.6601E-08	3.19757E-06	3.36798E-06	3.17091E-07
61.425	2.44071E-06	2.48903E-08	3.26122E-06	3.41143E-06	2.58114E-07
61.5916667	2.31662E-06	2.46702E-08	3.33689E-06	3.2128E-06	2.19295E-07
61.7583333	2.08559E-06	2.58563E-08	3.434E-06	2.7778E-06	1.52976E-07
61.925	1.88415E-06	2.6241E-08	3.47892E-06	2.51358E-06	1.21681E-07
62.0916667	1.61708E-06	2.58428E-08	3.46539E-06	2.22197E-06	1.01684E-07
62.2583333	1.46362E-06	2.64061E-08	3.43092E-06	2.10872E-06	1.0638E-07
62.425	1.2536E-06	2.13915E-08	3.46226E-06	1.69554E-06	9.28669E-08
62.5916667	1.01808E-06	2.06231E-08	3.48253E-06	1.36645E-06	7.26551E-08
62.7583333	9.12976E-07	2.51067E-08	3.50554E-06	1.25423E-06	7.0365E-08
62.925	8.02575E-07	2.34771E-08	3.57405E-06	1.10518E-06	6.88618E-08
63.0916667	6.78956E-07	2.01616E-08	3.57855E-06	9.591E-07	6.17418E-08
63.2583333	5.84159E-07	2.11935E-08	3.63439E-06	8.53276E-07	5.85019E-08
63.425	4.78487E-07	2.54987E-08	3.6615E-06	7.35483E-07	5.34164E-08
63.5916667	3.97881E-07	2.11223E-08	3.71081E-06	6.60074E-07	4.98578E-08
63.7583333	2.85305E-07	2.12888E-08	3.76255E-06	5.52526E-07	4.18389E-08
63.925	2.04794E-07	2.16526E-08	3.70787E-06	4.86599E-07	3.71986E-08
64.0916667	1.56858E-07	1.93063E-08	3.66715E-06	4.478E-07	3.71499E-08
64.2583333	1.32836E-07	2.1454E-08	3.67448E-06	4.32749E-07	3.64653E-08
64.425	1.17647E-07	2.13453E-08	3.71392E-06	4.28943E-07	3.64028E-08
64.5916667	1.04945E-07	2.2813E-08	3.76351E-06	4.32296E-07	3.57524E-08
64.7583333	9.35097E-08	2.23939E-08	3.82194E-06	4.30597E-07	3.71402E-08
64.925	8.00718E-08	2.13967E-08	3.84007E-06	4.3327E-07	3.54618E-08
65.0916667	6.52628E-08	2.2024E-08	3.86978E-06	4.27013E-07	3.32923E-08
65.2583333	4.80501E-08	2.22302E-08	3.8191E-06	4.16863E-07	3.06602E-08
65.425	4.38417E-08	2.00403E-08	3.81454E-06	4.2586E-07	3.15481E-08
65.5916667	3.81843E-08	2.02382E-08	3.82776E-06	4.30161E-07	3.17375E-08
65.7583333	3.31423E-08	2.05581E-08	3.86513E-06	4.39919E-07	2.99066E-08
65.925	2.44211E-08	2.04883E-08	3.85482E-06	4.33229E-07	2.82311E-08
66.0916667	1.95906E-08	2.14751E-08	3.78565E-06	4.34504E-07	2.85564E-08
66.2583333	1.7067E-08	1.80554E-08	3.76078E-06	4.45089E-07	2.74203E-08
66.425	1.42904E-08	2.16182E-08	3.73939E-06	4.53722E-07	2.76277E-08
66.5916667	1.20814E-08	2.19902E-08	3.7542E-06	4.59417E-07	2.78626E-08
66.7583333	9.48623E-09	2.03452E-08	3.72653E-06	4.62744E-07	2.64139E-08
66.925	8.4253E-09	1.96565E-08	3.72112E-06	4.69041E-07	2.60773E-08
67.0916667	6.82184E-09	2.03272E-08	3.74034E-06	4.78607E-07	2.53197E-08
67.2583333	5.16245E-09	1.85301E-08	3.63957E-06	4.72392E-07	2.37163E-08
67.425	3.8827E-09	1.9747E-08	3.50984E-06	4.66495E-07	2.10046E-08
67.5916667	3.03828E-09	2.38324E-08	3.4475E-06	4.68411E-07	2.12851E-08
67.7583333	2.22648E-09	2.26403E-08	3.41422E-06	4.74629E-07	1.96243E-08
67.925	2.4228E-09	2.05157E-08	3.40868E-06	4.81098E-07	1.9196E-08
68.0916667	1.74201E-09	2.07307E-08	3.25992E-06	4.66343E-07	1.81698E-08
68.2583333	1.29101E-09	2.01731E-08	3.20917E-06	4.5989E-07	1.67091E-08
68.425	2.07165E-09	1.99023E-08	3.32506E-06	4.77126E-07	1.64228E-08
68.5916667	1.51578E-09	1.81659E-08	3.36472E-06	4.92245E-07	1.72494E-08
68.7583333	1.24697E-09	1.94462E-08	3.27043E-06	4.87812E-07	1.5386E-08
68.925	1.35001E-09	2.00975E-08	3.23095E-06	4.82081E-07	1.39345E-08
69.0916667	7.26981E-10	1.96284E-08	3.23489E-06	4.90226E-07	1.27837E-08
69.2583333	7.53849E-10	2.07192E-08	3.1988E-06	4.93598E-07	1.1795E-08
69.425	5.28572E-10	2.20453E-08	3.21703E-06	5.02453E-07	1.17803E-08
69.5916667	6.04019E-10	1.90839E-08	3.22748E-06	5.06171E-07	1.05654E-08
69.7583333	7.35151E-10	2.02746E-08	3.36872E-06	5.26323E-07	1.08774E-08
69.925	1.07885E-09	1.88677E-08	3.37368E-06	5.50877E-07	1.14301E-08
70.0916667	8.05072E-10	1.93327E-08	3.37737E-06	5.56636E-07	9.09012E-09
70.2583333	1.17467E-09	1.72801E-08	3.26929E-06	5.59934E-07	8.12551E-09
70.425	4.71322E-10	1.93443E-08	3.11811E-06	5.4168E-07	4.87369E-09
70.5916667	5.84737E-10	1.86241E-08	3.00577E-06	5.28178E-07	4.68778E-09
70.7583333	7.79105E-10	1.96255E-08	2.90144E-06	5.1239E-07	2.72736E-09
70.925	7.02171E-10	1.93657E-08	2.80646E-06	4.97961E-07	2.15639E-09
71.0916667	6.97147E-10	2.00521E-08	2.79339E-06	4.93025E-07	1.37195E-09
71.2583333	6.96666E-10	1.93227E-08	2.77478E-06	4.95562E-07	8.99484E-10
71.425	5.28441E-10	2.1466E-08	2.62394E-06	4.81885E-07	9.46755E-10
71.5916667	3.55136E-10	1.93008E-08	2.67948E-06	4.75164E-07	2.39717E-10
71.7583333	6.29112E-10	1.90968E-08	2.57942E-06	4.81359E-07	3.03281E-10
71.925	7.52679E-10	2.04407E-08	2.60721E-06	4.7028E-07	7.9041E-11
72.0916667	4.5243E-10	1.834E-08	2.63027E-06	4.79156E-07	0
72.2583333	8.11227E-10	1.81131E-08	2.63593E-06	4.81126E-07	1.34352E-10
72.425	7.53828E-10	1.73441E-08	2.69227E-06	5.00503E-07	5.28769E-11
72.5916667	5.41192E-10	1.4929E-08	2.58548E-06	5.02712E-07	2.44041E-11
72.7583333	8.60834E-10	1.69432E-08	2.52035E-06	4.899E-07	2.66679E-11
72.925	6.24699E-10	1.81999E-08	2.61101E-06	4.87615E-07	1.90771E-10
73.0916667	5.2708E-10	1.85476E-08	2.60827E-06	5.02354E-07	2.61725E-11
73.2583333	3.32036E-10	1.84848E-08	2.49325E-06	5.03582E-07	5.94316E-10
73.425	4.56282E-10	2.01616E-08	2.5233E-06	4.98572E-07	0
73.5916667	7.88161E-10	1.8736E-08	2.57024E-06	5.09829E-07	0
73.7583333	1.2885E-10	1.86949E-08	2.45966E-06	5.15748E-07	0
73.925	1.92621E-10	1.84432E-08	2.51505E-06	5.10916E-07	0
74.0916667	4.01974E-10	2.13268E-08	2.43917E-06	5.16783E-07	0
74.2583333	3.21127E-10	1.83042E-08	2.3705E-06	5.12014E-07	1.66673E-11
74.425	5.73753E-10	1.6285E-08	2.46247E-06	5.01125E-07	0
74.5916667	6.84731E-10	1.73081E-08	2.6716E-06	5.31882E-07	0
74.7583333	9.29295E-10	1.86278E-08	2.77395E-06	5.73945E-07	0
74.925	4.40057E-10	1.79609E-08	2.84722E-06	5.98918E-07	0
75.0916667	6.40936E-10	1.99853E-08	2.84394E-06	6.27051E-07	0
75.2583333	8.27944E-10	1.87562E-08	2.68825E-06	6.18261E-07	0
75.425	5.35732E-10	1.93912E-08	2.59618E-06	6.02014E-07	0
75.5916667	6.68284E-10	2.08204E-08	2.46313E-06	5.89276E-07	0
75.7583333	4.57943E-10	1.62021E-08	2.63894E-06	5.76334E-07	0
75.925	5.10553E-10	1.90182E-08	2.68569E-06	6.07256E-07	0
76.0916667	4.53572E-10	1.86966E-08	2.48659E-06	6.1703E-07	0
76.2583333	4.34111E-10	1.57322E-08	2.69822E-06	5.99158E-07	0
76.425	6.12446E-10	1.80633E-08	2.58789E-06	6.35799E-07	0
76.5916667	7.08709E-10	1.95304E-08	2.61087E-06	6.24435E-07	0
76.7583333	4.7413E-10	1.78305E-08	2.40525E-06	6.27236E-07	0
76.925	3.44733E-10	1.69073E-08	2.26123E-06	5.97201E-07	0
77.0916667	7.17514E-10	1.64949E-08	2.16723E-06	5.72971E-07	0
77.2583333	3.27411E-10	1.88504E-08	2.14943E-06	5.58214E-07	0
77.425	7.66629E-10	1.6386E-08	2.32892E-06	5.61496E-07	0
77.5916667	6.48059E-10	1.79449E-08	2.53862E-06	6.0648E-07	0
77.7583333	4.88857E-10	1.72701E-08	2.54585E-06	6.70852E-07	0
77.925	3.3044E-10	1.91617E-08	2.42731E-06	6.66757E-07	0
78.0916667	4.0055E-10	1.68157E-08	2.41598E-06	6.448E-07	0
78.2583333	2.75549E-10	1.70492E-08	2.54093E-06	6.63224E-07	0
78.425	4.85496E-10	1.8935E-08	2.32647E-06	6.77239E-07	0
78.5916667	5.1084E-10	1.50408E-08	2.28337E-06	6.48728E-07	0
78.7583333	2.32463E-10	1.72567E-08	2.41606E-06	6.40535E-07	0
78.925	7.05733E-10	1.86579E-08	2.34929E-06	6.74105E-07	0
79.0916667	5.71705E-10	1.93315E-08	2.12236E-06	6.59974E-07	0
79.2583333	3.50685E-10	1.53694E-08	1.93575E-06	6.19073E-07	0
79.425	3.17314E-10	1.67195E-08	1.97456E-06	5.93195E-07	0
79.5916667	5.38474E-10	1.66372E-08	1.91366E-06	5.97646E-07	0
79.7583333	6.07811E-10	1.55937E-08	1.88673E-06	5.89985E-07	0
79.925	6.53898E-10	1.81832E-08	2.07342E-06	6.0036E-07	0
80.0916667	2.42945E-10	1.65163E-08	1.97621E-06	6.326E-07	0
80.2583333	4.61267E-10	1.70649E-08	2.13257E-06	6.34863E-07	0
80.425	3.58157E-10	1.84077E-08	2.2636E-06	6.8141E-07	0
80.5916667	3.77226E-10	1.78458E-08	2.19519E-06	7.17884E-07	0
80.7583333	3.58358E-10	1.5957E-08	2.03203E-06	7.16004E-07	0
80.925	4.76151E-10	1.72032E-08	2.1348E-06	6.93045E-07	0
81.0916667	4.46213E-10	1.70187E-08	2.14044E-06	7.24243E-07	0
81.2583333	5.61306E-10	1.82122E-08	2.08018E-06	7.31843E-07	0
81.425	4.04566E-10	1.57176E-08	2.17543E-06	7.34226E-07	0
81.5916667	7.31545E-10	1.72805E-08	2.17641E-06	7.54436E-07	0
81.7583333	4.30785E-10	1.77798E-08	2.18448E-06	7.71058E-07	0
81.925	4.06748E-10	1.71798E-08	2.12548E-06	7.82793E-07	0
82.0916667	7.72681E-10	1.66085E-08	2.1336E-06	7.75255E-07	0
82.2583333	6.02974E-10	1.92798E-08	2.03329E-06	7.77723E-07	0
82.425	7.2735E-10	1.78902E-08	1.98778E-06	7.72089E-07	0
82.5916667	4.57156E-10	1.7284E-08	1.91685E-06	7.68321E-07	0
82.7583333	5.00762E-10	1.63779E-08	1.92551E-06	7.64526E-07	0
82.925	6.4784E-10	1.82987E-08	1.93831E-06	7.72652E-07	0
83.0916667	3.46205E-10	1.64423E-08	1.96074E-06	7.86748E-07	0
83.2583333	4.69529E-10	1.69995E-08	1.92075E-06	8.03609E-07	0
83.425	3.86267E-10	1.80316E-08	1.77963E-06	8.00964E-07	0
83.5916667	2.10925E-10	1.58345E-08	1.86072E-06	7.8375E-07	0
83.7583333	7.10616E-10	1.60257E-08	1.96149E-06	8.08132E-07	0
83.925	7.16832E-10	1.33393E-08	1.7663E-06	8.32101E-07	0
84.0916667	3.90206E-10	1.44758E-08	1.82512E-06	8.11064E-07	0
84.2583333	4.4809E-10	1.55645E-08	1.84076E-06	8.33281E-07	0
84.425	6.26951E-10	1.68191E-08	1.967E-06	8.50719E-07	0
84.5916667	4.45063E-10	1.85502E-08	1.94655E-06	9.01326E-07	0
84.7583333	3.93986E-10	1.54728E-08	1.66733E-06	8.8433E-07	0
84.925	3.42142E-10	1.61533E-08	1.5437E-06	8.27757E-07	0
85.0916667	4.0975E-10	1.77536E-08	1.71487E-06	8.14796E-07	0
85.2583333	6.53447E-10	1.60818E-08	1.82406E-06	8.83064E-07	0
85.425	2.40057E-10	1.73388E-08	1.70402E-06	9.05151E-07	0
85.5916667	2.48548E-10	1.78482E-08	1.70235E-06	8.92686E-07	0
85.7583333	1.02283E-10	1.62531E-08	1.73199E-06	9.05928E-07	0
85.925	2.89502E-10	1.47284E-08	1.69309E-06	9.20551E-07	0
86.0916667	3.76653E-10	1.60491E-08	1.50241E-06	9.07591E-07	0
86.2583333	5.50801E-10	1.53494E-08	1.57465E-06	8.86872E-07	0
86.425	3.6155E-10	1.63489E-08	1.6354E-06	9.15417E-07	0
86.5916667	2.50108E-10	1.60951E-08	1.56793E-06	9.41767E-07	0
86.7583333	4.13113E-10	1.40625E-08	1.36719E-06	9.18643E-07	0
86.925	3.19719E-10	1.44857E-08	1.30506E-06	8.84625E-07	0
87.0916667	1.36935E-10	1.59546E-08	1.33369E-06	8.78741E-07	0
87.2583333	3.8086E-10	1.53701E-08	1.42548E-06	8.96194E-07	0
87.425	2.75976E-10	1.5473E-08	1.53684E-06	9.54743E-07	0
87.5916667	2.64212E-10	1.44788E-08	1.49452E-06	9.83266E-07	0
87.7583333	2.67291E-10	1.64656E-08	1.58976E-06	1.0045E-06	0
87.925	2.87018E-10	1.77716E-08	1.63031E-06	1.04777E-06	0
88.0916667	2.8312E-10	1.7258E-08	1.56155E-06	1.06966E-06	0
88.2583333	4.53583E-10	1.74817E-08	1.4991E-06	1.04557E-06	0
88.425	3.57193E-10	1.53727E-08	1.4439E-06	1.04963E-06	0
88.5916667	2.39596E-10	1.44261E-08	1.33454E-06	1.03459E-06	0
88.7583333	1.79713E-10	1.51486E-08	1.37087E-06	1.0218E-06	0
88.925	2.69858E-10	1.46043E-08	1.36322E-06	1.04882E-06	0
89.0916667	3.45366E-10	1.34023E-08	1.20511E-06	1.04178E-06	0
89.2583333	3.86017E-10	1.55955E-08	1.02884E-06	9.87716E-07	0
89.425	1.94303E-10	1.51936E-08	9.88594E-07	9.45102E-07	0
89.5916667	2.61465E-10	1.52237E-08	1.14665E-06	9.64713E-07	0
89.7583333	4.072E-10	1.45523E-08	1.2239E-06	1.04284E-06	0
89.925	4.21463E-10	1.47719E-08	1.3411E-06	1.09746E-06	0
90.0916667	5.25201E-10	1.40451E-08	1.31417E-06	1.14682E-06	0
90.2583333	1.50431E-10	1.32758E-08	1.32788E-06	1.14996E-06	0
90.425	3.44572E-10	1.18269E-08	1.31272E-06	1.1716E-06	0
90.5916667	2.02275E-10	1.56513E-08	1.33997E-06	1.19413E-06	0
90.7583333	3.28429E-10	1.47039E-08	1.3031E-06	1.21186E-06	0
90.925	9.00591E-11	1.44113E-08	1.24004E-06	1.20389E-06	0
91.0916667	3.1952E-10	1.77408E-08	1.17789E-06	1.1889E-06	0
91.2583333	3.10598E-10	1.47199E-08	1.1639E-06	1.18505E-06	0
91.425	3.54172E-10	1.63792E-08	1.19963E-06	1.20887E-06	0
91.5916667	2.4005E-10	1.35022E-08	1.31022E-06	1.24996E-06	0
91.7583333	2.79255E-10	1.35873E-08	1.35617E-06	1.33962E-06	0
91.925	2.95302E-10	1.51243E-08	1.208E-06	1.32958E-06	0
92.0916667	2.79924E-10	1.43286E-08	1.11211E-06	1.27828E-06	0
92.2583333	1.95912E-10	1.35617E-08	1.01239E-06	1.23482E-06	0
92.425	3.07486E-10	1.32393E-08	9.46031E-07	1.20648E-06	0
92.5916667	1.42259E-10	1.31459E-08	8.72931E-07	1.18495E-06	0
92.7583333	3.68772E-10	1.42114E-08	8.81109E-07	1.1587E-06	0
92.925	1.64545E-10	1.3036E-08	8.6629E-07	1.18992E-06	0
93.0916667	2.14299E-10	1.51431E-08	8.77276E-07	1.19267E-06	0
93.2583333	2.667E-10	1.37625E-08	9.3362E-07	1.241E-06	0
93.425	2.16705E-10	1.4313E-08	9.94331E-07	1.29303E-06	0
93.5916667	3.69151E-10	1.44626E-08	1.15963E-06	1.38436E-06	0
93.7583333	1.8647E-10	1.42958E-08	1.11105E-06	1.46488E-06	0
93.925	2.38757E-10	1.53779E-08	9.26849E-07	1.39275E-06	0
94.0916667	4.22915E-10	1.41519E-08	8.78316E-07	1.30122E-06	0
94.2583333	2.22976E-10	1.25392E-08	9.18011E-07	1.32261E-06	0
94.425	1.41239E-10	1.56039E-08	8.37185E-07	1.34973E-06	0
94.5916667	3.88328E-10	1.48183E-08	7.98898E-07	1.31089E-06	0
94.7583333	1.15395E-10	1.44308E-08	7.24931E-07	1.29392E-06	0
94.925	2.48068E-10	1.40693E-08	7.60176E-07	1.27496E-06	0
95.0916667	2.44508E-10	1.24311E-08	8.70565E-07	1.36736E-06	0
95.2583333	1.14654E-10	1.24187E-08	8.93635E-07	1.43748E-06	0
95.425	4.13657E-10	1.39534E-08	8.79963E-07	1.45912E-06	0
95.5916667	2.68301E-10	1.09987E-08	8.43469E-07	1.4505E-06	0
95.7583333	9.88159E-11	1.48826E-08	8.26902E-07	1.45922E-06	0
95.925	2.81334E-10	1.40371E-08	7.10637E-07	1.42988E-06	0
96.0916667	1.80299E-10	1.40935E-08	5.81048E-07	1.32418E-06	0
96.2583333	2.7602E-10	1.31431E-08	5.46289E-07	1.25167E-06	0
96.425	2.29247E-10	1.17034E-08	6.14894E-07	1.27115E-06	0
96.5916667	2.75631E-10	1.2465E-08	6.87434E-07	1.39417E-06	0
96.7583333	2.65479E-10	1.22933E-08	6.63709E-07	1.42351E-06	0
96.925	2.2102E-10	1.38065E-08	6.25691E-07	1.39832E-06	0
97.0916667	7.07607E-11	1.33822E-08	6.20371E-07	1.38321E-06	0
97.2583333	1.72752E-10	1.24188E-08	5.67147E-07	1.38094E-06	0
97.425	2.35357E-10	1.31081E-08	5.93168E-07	1.36634E-06	0
97.5916667	1.52696E-10	1.29565E-08	6.58861E-07	1.44101E-06	0
97.7583333	1.81205E-10	1.29741E-08	6.28478E-07	1.49017E-06	0
97.925	2.34523E-10	1.396E-08	5.8976E-07	1.4504E-06	0
98.0916667	2.11977E-10	1.40257E-08	6.27868E-07	1.47342E-06	0
98.2583333	3.56676E-10	1.22355E-08	5.50519E-07	1.48213E-06	0
98.425	2.94399E-10	1.34462E-08	5.05502E-07	1.41709E-06	0
98.5916667	3.15859E-10	1.34594E-08	4.91333E-07	1.37827E-06	0
98.7583333	3.39395E-10	1.13706E-08	5.28083E-07	1.42666E-06	0
98.925	2.55444E-10	1.27314E-08	5.35331E-07	1.46831E-06	0
99.0916667	1.31707E-10	1.15029E-08	5.2574E-07	1.50876E-06	0
99.2583333	1.24703E-10	1.37785E-08	4.79734E-07	1.45775E-06	0
99.425	2.66446E-10	1.24256E-08	4.99432E-07	1.44825E-06	0
99.5916667	9.45251E-11	1.21256E-08	5.93406E-07	1.55353E-06	0
99.7583333	6.15507E-11	1.27368E-08	5.91773E-07	1.64608E-06	0
99.925	1.20756E-10	1.31868E-08	5.49136E-07	1.61784E-06	0
100.091667	6.36685E-11	1.32834E-08	5.08584E-07	1.57377E-06	0
100.258333	1.4487E-10	1.14069E-08	4.43165E-07	1.51103E-06	0
100.425	1.58392E-10	1.16308E-08	4.52019E-07	1.47355E-06	0
100.591667	1.37823E-10	1.26603E-08	4.34432E-07	1.50388E-06	0
100.758333	2.32111E-10	1.30861E-08	3.74086E-07	1.45168E-06	0
100.925	3.92472E-10	1.16939E-08	3.97175E-07	1.40541E-06	0
101.091667	1.20171E-10	1.30331E-08	4.4004E-07	1.50921E-06	0
101.258333	9.24958E-11	1.42371E-08	4.0558E-07	1.52301E-06	0
101.425	1.17257E-10	1.22182E-08	3.77026E-07	1.49132E-06	0
101.591667	3.58133E-11	1.17927E-08	3.72364E-07	1.4583E-06	0
101.758333	1.51447E-10	1.10004E-08	3.70929E-07	1.47749E-06	0
101.925	5.1961E-11	1.17179E-08	3.67267E-07	1.48119E-06	0
102.091667	2.19808E-10	1.37275E-08	4.47272E-07	1.54519E-06	0
102.258333	1.42771E-10	9.54924E-09	4.96648E-07	1.72551E-06	0
