time	T_in	T_mid	T_out
0.091666667	376.6261062	377.3024774	369.4065884
0.258333333	376.7816464	377.4956421	369.7644957
0.425	377.0149658	377.632286	370.1189132
0.591666667	377.2175301	377.8430719	370.4483009
0.758333333	377.3697976	377.9866648	370.7212756
0.925	377.530812	378.0771554	370.9949132
1.09166667	377.7212369	378.2347615	371.249717
1.25833333	377.8317612	378.3560799	371.5020028
1.425	377.9534373	378.46836	371.7179907
1.59166667	378.0830115	378.5719444	371.9566895
1.75833333	378.2034143	378.6545001	372.1739163
1.925	378.2963461	378.72351	372.3512932
2.09166667	378.4063306	378.763871	372.5341142
2.25833333	378.4869562	378.8274866	372.705611
2.425	378.5664249	378.9087226	372.861951
2.59166667	378.6222535	378.9405829	373.0072197
2.75833333	378.6674118	378.9569477	373.1219274
2.925	378.7443328	379.0089934	373.2787347
3.09166667	378.7787259	379.0084825	373.3732806
3.25833333	378.835574	379.0368837	373.5034714
3.425	378.858773	379.0514605	373.5615983
3.59166667	378.8926681	379.0340151	373.6503469
3.75833333	378.9194776	379.0346583	373.7168347
3.925	378.9304501	379.0757237	373.7835657
4.09166667	378.9736054	379.06376	373.8543012
4.25833333	378.9495853	378.9648997	373.8912942
4.425	378.9461365	378.9817845	373.9601025
4.59166667	378.9506944	378.9757827	374.0058987
4.75833333	378.9484683	378.9300168	374.0466942
4.925	378.9431372	378.8900111	374.0667887
5.09166667	378.9252518	378.8154651	374.090102
5.25833333	378.8799601	378.801712	374.0847513
5.425	378.9077807	378.8050863	374.1015037
5.59166667	378.8953975	378.78205	374.1387565
5.75833333	378.8568581	378.698401	374.1563834
5.925	378.8150566	378.6263009	374.1379614
6.09166667	378.8160057	378.5924885	374.1422026
6.25833333	378.7787329	378.5310613	374.1334673
6.425	378.7622038	378.4815028	374.1113753
6.59166667	378.7436579	378.4713336	374.1505055
6.75833333	378.6909767	378.4266484	374.1420006
6.925	378.6398039	378.3111163	374.1077826
7.09166667	378.5902625	378.2500335	374.0776742
7.25833333	378.6051299	378.2444149	374.0884824
7.425	378.5653391	378.1923012	374.0554716
7.59166667	378.525116	378.1363968	374.0309492
7.75833333	378.4670291	378.0508939	374.0375521
7.925	378.4424862	378.0165649	374.0183721
8.09166667	378.4037239	377.9644503	373.9970914
8.25833333	378.3705234	377.9212252	373.958233
8.425	378.3285077	377.8718337	373.9437777
8.59166667	378.2825952	377.7920547	373.9304714
8.75833333	378.2057685	377.6943093	373.8618097
8.925	378.168129	377.6607848	373.8666279
9.09166667	378.153454	377.6090288	373.8460056
9.25833333	378.1060945	377.5605894	373.8298528
9.425	378.0449407	377.492086	373.7834462
9.59166667	378.0211299	377.4369076	373.7650344
9.75833333	377.9413285	377.3908988	373.7447871
9.925	377.906109	377.317358	373.693843
10.0916667	377.8500957	377.2529668	373.6641065
10.2583333	377.8199031	377.2235527	373.6414496
10.425	377.7789478	377.1969421	373.6148439
10.5916667	377.715309	377.1161575	373.5776021
10.7583333	377.6534802	377.0603974	373.5428787
10.925	377.6336728	377.0260753	373.5212355
11.0916667	377.6073359	376.9721192	373.4882557
11.2583333	377.5620567	376.9138773	373.4507834
11.425	377.5127065	376.8532112	373.4233459
11.5916667	377.4931163	376.8161473	373.4104283
11.7583333	377.4668915	376.8450134	373.3854399
11.925	377.4475024	376.7965502	373.3564949
12.0916667	377.3841526	376.7341241	373.3239228
12.2583333	377.3356083	376.7039025	373.2888266
12.425	377.3185491	376.6656603	373.3023202
12.5916667	377.2764772	376.6338264	373.2506043
12.7583333	377.2728769	376.5832812	373.2082181
12.925	377.2189507	376.5754503	373.1976386
13.0916667	377.176197	376.528109	373.1709113
13.2583333	377.1845597	376.5393602	373.1937297
13.425	377.1585417	376.4965955	373.1202874
13.5916667	377.1220151	376.4906496	373.1360312
13.7583333	377.0898702	376.4638769	373.1038056
13.925	377.0890666	376.4758518	373.1111391
14.0916667	377.0853587	376.4803683	373.1043907
14.2583333	377.0387429	376.442237	373.1031081
14.425	377.0047651	376.4029583	373.0747807
14.5916667	376.9826435	376.3995685	373.0939722
14.7583333	376.9553632	376.3568224	373.0225322
14.925	376.9657205	376.3708867	373.0198761
15.0916667	376.9743024	376.4341581	373.0554035
15.2583333	376.9454623	376.3964479	373.0165596
15.425	376.9302721	376.3698603	373.0379579
15.5916667	376.908121	376.3565327	372.9963155
15.7583333	376.9241971	376.38816	373.0324676
15.925	376.9228154	376.3734849	373.023732
16.0916667	376.8929567	376.3659903	372.9799573
16.2583333	376.8885859	376.3812901	372.99853
16.425	376.8992693	376.3800236	373.0097261
16.5916667	376.894816	376.3466349	372.9839278
16.7583333	376.9176101	376.4173423	373.0359855
16.925	376.888071	376.4027726	373.0152395
17.0916667	376.9053957	376.4017981	373.0237604
17.2583333	376.9279577	376.4120778	373.0168847
17.425	376.9363414	376.4402268	373.0406465
17.5916667	376.9258114	376.4508392	373.0473176
17.7583333	376.9492945	376.4711138	373.047951
17.925	376.9506752	376.4384202	373.0393138
18.0916667	376.9769437	376.512895	373.0595428
18.2583333	376.9858819	376.5193093	373.0672065
18.425	376.9940841	376.5233958	373.0810055
18.5916667	376.9953272	376.5349007	373.0834576
18.7583333	377.0079958	376.5338961	373.0995317
18.925	377.0010447	376.5362609	373.117963
19.0916667	377.0528247	376.608337	373.1437441
19.2583333	377.0721829	376.6060922	373.153825
19.425	377.0881784	376.6169079	373.1814755
19.5916667	377.1051021	376.6570086	373.1786783
19.7583333	377.1386265	376.6662576	373.191188
19.925	377.143852	376.7014532	373.1984622
20.0916667	377.1603084	376.7372935	373.2423897
20.2583333	377.1660376	376.7503988	373.2408261
20.425	377.2147271	376.7869928	373.2776471
20.5916667	377.2275118	376.8232833	373.2988418
20.7583333	377.2404145	376.8171369	373.3177438
20.925	377.269505	376.8336127	373.3214546
21.0916667	377.2571135	376.8315445	373.3471712
21.2583333	377.3173839	376.92104	373.3721379
21.425	377.3390005	376.9395252	373.3970232
21.5916667	377.3666227	376.9715252	373.4181911
21.7583333	377.408619	377.0132982	373.4505864
21.925	377.4086592	377.022148	373.4630244
22.0916667	377.4188648	377.0129976	373.4858384
22.2583333	377.4386793	377.0074112	373.482172
22.425	377.4319744	377.0386757	373.5021354
22.5916667	377.4675735	377.0773554	373.5292326
22.7583333	377.4668114	377.0934874	373.558003
22.925	377.5149289	377.0995442	373.5713232
23.0916667	377.5278857	377.127388	373.5940985
23.2583333	377.5852016	377.2005649	373.642698
23.425	377.5774954	377.2174916	373.6428681
23.5916667	377.5972083	377.230051	373.6878962
23.7583333	377.6301332	377.2468757	373.6906546
23.925	377.6679066	377.302216	373.7123802
24.0916667	377.6821712	377.2953119	373.7344944
24.2583333	377.6907112	377.3012872	373.7476658
24.425	377.68864	377.2851758	373.7610144
24.5916667	377.7228251	377.3119447	373.79263
24.7583333	377.7395837	377.3751744	373.8118892
24.925	377.7716358	377.4003056	373.829118
25.0916667	377.8038777	377.428342	373.8553842
25.2583333	377.7752577	377.4330112	373.8582427
25.425	377.808082	377.4656808	373.8924955
25.5916667	377.8445572	377.4851272	373.906876
25.7583333	377.8513377	377.5075941	373.9190986
25.925	377.8744963	377.5049481	373.9451386
26.0916667	377.8985128	377.5004522	373.9417275
26.2583333	377.8968839	377.4900958	373.9495507
26.425	377.9306549	377.5457019	373.9911133
26.5916667	377.9485518	377.5427138	374.0062986
26.7583333	377.9545518	377.5505149	374.023101
26.925	378.0062151	377.617698	374.0470075
27.0916667	377.9743779	377.5868167	374.0306289
27.2583333	378.0179186	377.6389861	374.1033955
27.425	378.0406032	377.6469837	374.1087172
27.5916667	378.0362913	377.6277608	374.1091382
27.7583333	378.0148678	377.6345901	374.1046737
27.925	378.0295848	377.6499094	374.1210707
28.0916667	378.0557878	377.6825846	374.1292648
28.2583333	378.0669605	377.6922146	374.167336
28.425	378.0934529	377.7249055	374.2000566
28.5916667	378.1001463	377.7296996	374.1965872
28.7583333	378.1374339	377.7696237	374.2141237
28.925	378.1474347	377.7825954	374.2166096
29.0916667	378.1387575	377.7889556	374.2376555
29.2583333	378.1418874	377.7805198	374.24047
29.425	378.164011	377.7978172	374.256808
29.5916667	378.2111546	377.8049655	374.2948297
29.7583333	378.1927676	377.7934393	374.2638829
29.925	378.2052752	377.8082642	374.2937334
30.0916667	378.2084921	377.8217078	374.312889
30.2583333	378.2025722	377.8018281	374.2966439
30.425	378.2119092	377.8097491	374.2961374
30.5916667	378.2662013	377.848792	374.3255213
30.7583333	378.2806169	377.821149	374.3382115
30.925	378.348636	377.8506233	374.3344912
31.0916667	378.4744682	377.9020913	374.358909
31.2583333	378.625274	377.9752905	374.3902103
31.425	378.8414456	378.0590974	374.3919969
31.5916667	379.1096015	378.171846	374.4676276
31.7583333	379.3797203	378.3241476	374.5110907
31.925	379.702229	378.5163729	374.6019835
32.0916667	380.0491545	378.7194329	374.7123542
32.2583333	380.4442114	378.9419302	374.8562867
32.425	380.8412278	379.2533891	375.049188
32.5916667	381.2682758	379.5767675	375.2602122
32.7583333	381.7081284	379.910607	375.511102
32.925	382.1679396	380.2726339	375.7585626
33.0916667	382.6099984	380.6464911	376.0696299
33.2583333	383.0498287	381.030713	376.361376
33.425	383.4761322	381.4248308	376.6738926
33.5916667	383.9248132	381.8472175	377.0368657
33.7583333	384.3563054	382.2086027	377.3353412
33.925	384.8518891	382.6400717	377.7212546
34.0916667	385.2759329	383.0602121	378.0554992
34.2583333	385.7453813	383.5239366	378.4406688
34.425	386.2927671	383.9826972	378.8199163
34.5916667	386.8180829	384.4600142	379.1983997
34.7583333	387.333763	384.9311025	379.6015062
34.925	387.8821653	385.3962189	379.9930839
35.0916667	388.4701861	385.8976353	380.4000598
35.2583333	389.0577548	386.4158661	380.8527514
35.425	389.6781462	386.9772022	381.2845109
35.5916667	390.3556498	387.5693334	381.776947
35.7583333	391.0132168	388.1430667	382.2650081
35.925	391.6403534	388.6900547	382.7385967
36.0916667	392.2958132	389.3065112	383.2505897
36.2583333	392.9714277	389.9372781	383.7629652
36.425	393.6533955	390.5540386	384.2802568
36.5916667	394.3420481	391.2239129	384.8890416
36.7583333	395.0048625	391.8982339	385.4709169
36.925	395.7081612	392.5453507	386.0672499
37.0916667	396.4301256	393.2577927	386.6362906
37.2583333	397.1330166	393.9269942	387.2394188
37.425	397.8543407	394.5784513	387.8455654
37.5916667	398.5477439	395.2810422	388.4325011
37.7583333	399.3005197	395.9850806	389.0582934
37.925	400.0502126	396.7116971	389.6862089
38.0916667	400.8018043	397.440167	390.3591033
38.2583333	401.5492325	398.1926134	391.0132399
38.425	402.2860072	398.9356267	391.6772188
38.5916667	403.079331	399.6908289	392.3469267
38.7583333	403.8796899	400.4284063	393.0374627
38.925	404.7096837	401.2737612	393.7021892
39.0916667	405.5017962	402.0829959	394.4335481
39.2583333	406.3098295	402.872435	395.1385454
39.425	407.167326	403.6790724	395.8657867
39.5916667	407.9899576	404.5153626	396.6133754
39.7583333	408.8075671	405.3410695	397.3658372
39.925	409.6471059	406.1776758	398.112886
40.0916667	410.4921616	407.0441786	398.9170037
40.2583333	411.3439307	407.8989052	399.6714396
40.425	412.1831174	408.8006545	400.4932978
40.5916667	412.9960258	409.6798057	401.2458414
40.7583333	413.8784971	410.5447795	402.0485182
40.925	414.7642321	411.4943387	402.8821666
41.0916667	415.6315957	412.3766644	403.6860695
41.2583333	416.5233597	413.2874258	404.5409976
41.425	417.3312595	414.2046114	405.3779217
41.5916667	418.2371443	415.1303144	406.210717
41.7583333	419.1269319	416.0905561	407.0722688
41.925	420.0134659	417.0361409	407.9428318
42.0916667	420.9231701	417.997496	408.79567
42.2583333	421.8094088	418.9371511	409.6774045
42.425	422.668655	419.8575238	410.5533793
42.5916667	423.5672086	420.8365608	411.4468605
42.7583333	424.4679833	421.8339122	412.3697129
42.925	425.3859819	422.8365791	413.2730653
43.0916667	426.3052344	423.8406903	414.2035012
43.2583333	427.1760017	424.8241947	415.1193728
43.425	428.0935345	425.8451786	416.0508062
43.5916667	429.0141841	426.8825182	417.0137275
43.7583333	429.9575837	427.8870031	417.9640027
43.925	430.8891343	428.950178	418.9453148
44.0916667	431.8218134	430.0155543	419.9027445
44.2583333	432.7540302	431.0573221	420.8852052
44.425	433.7163981	432.1720213	421.9145363
44.5916667	434.6229432	433.2709981	422.9132243
44.7583333	435.5896816	434.3735905	423.9300634
44.925	436.5459138	435.4887104	424.9280252
45.0916667	437.4854138	436.568191	425.9497051
45.2583333	438.4317471	437.736216	426.9789839
45.425	439.3668434	438.8628532	428.042773
45.5916667	440.3134797	440.0307807	429.1162488
45.7583333	441.2743521	441.1889313	430.2375456
45.925	442.2382519	442.4001206	431.3250178
46.0916667	443.1378553	443.5924914	432.3757511
46.2583333	444.130603	444.7638222	433.4800497
46.425	445.0919782	445.9836353	434.6010708
46.5916667	446.0764513	447.2374396	435.7263109
46.7583333	447.0586065	448.5508876	436.8726124
46.925	447.9662504	449.8526223	438.0726607
47.0916667	448.9565951	451.1354502	439.2067373
47.2583333	449.906022	452.4506818	440.4205867
47.425	450.8980728	453.7997369	441.6591479
47.5916667	451.8214059	455.120435	442.8337294
47.7583333	452.7785362	456.5204968	444.113874
47.925	453.7354285	457.9388222	445.3607811
48.0916667	454.7571283	459.4014614	446.6439678
48.2583333	455.7519605	460.8563018	447.9500808
48.425	456.7471559	462.3286498	449.1949568
48.5916667	457.706075	463.8271581	450.5380158
48.7583333	458.6848198	465.362382	451.873994
48.925	459.650793	466.9590664	453.2745254
49.0916667	460.6567375	468.5509944	454.6360791
49.2583333	461.6432701	470.1825621	456.029097
49.425	462.6686	471.8618988	457.3696512
49.5916667	463.6608576	473.5567191	458.7904832
49.7583333	464.6667638	475.2151049	460.1700405
49.925	465.6410002	476.8685761	461.4653669
50.0916667	466.6083069	478.5352947	462.8001782
50.2583333	467.6184286	480.1785796	464.1267566
50.425	468.5771948	481.8428972	465.414862
50.5916667	469.6092046	483.518634	466.702856
50.7583333	470.6849003	485.2127151	468.0525228
50.925	471.7055111	486.9731247	469.3984655
51.0916667	472.7215277	488.7455832	470.7812235
51.2583333	473.7127131	490.6659559	472.1761328
51.425	474.71762	492.743641	473.6848854
51.5916667	475.716148	495.0405691	475.2500776
51.7583333	476.7676318	497.5620552	477.0057899
51.925	477.7583643	500.2475834	478.881181
52.0916667	478.7711002	502.9288898	480.9298578
52.2583333	479.7629021	505.4760566	483.0882837
52.425	480.8157201	507.9055967	485.3779777
52.5916667	481.7833867	510.3240807	487.6601219
52.7583333	482.796267	512.673957	490.046094
52.925	483.8177257	515.1807483	492.3832487
53.0916667	484.8601032	517.8626001	494.7490977
53.2583333	485.8659246	520.60732	497.1339925
53.425	486.9625846	523.3479911	499.6113868
53.5916667	487.9588235	525.8688223	502.0700158
53.7583333	488.9285057	528.5472065	504.4762495
53.925	490.010634	531.4592216	506.8236687
54.0916667	491.0524001	534.3273573	509.1365419
54.2583333	492.0924658	537.4689003	511.5275296
54.425	493.1593527	540.7827969	513.8981274
54.5916667	494.1989119	544.2277369	516.4743865
54.7583333	495.2890424	548.0313791	519.1394564
54.925	496.3673566	552.6821787	521.8985932
55.0916667	497.4145991	558.14326	524.8275651
55.2583333	498.5180029	563.3562669	528.1969322
55.425	499.5434451	571.2967684	531.96715
55.5916667	500.6546283	573.5109224	536.0886786
55.7583333	501.7789339	576.4949166	540.699417
55.925	502.8207136	581.6312724	544.3832324
56.0916667	503.9434321	581.8428312	547.1569985
56.2583333	504.9998394	585.4814855	549.9144779
56.425	506.0962044	588.7890773	552.2351743
56.5916667	507.1902499	590.7087645	554.4201394
56.7583333	508.2367473	592.4850534	556.8033465
56.925	509.2875121	594.3509462	558.8972191
57.0916667	510.3408732	596.0444736	560.6771566
57.2583333	511.420991	597.738261	562.271071
57.425	512.4911165	599.3961097	563.7836993
57.5916667	513.6187813	601.1093184	565.2471139
57.7583333	514.6604873	602.4785573	566.6632503
57.925	515.6979498	603.8588015	568.064252
58.0916667	516.7369852	605.069507	569.3697877
58.2583333	517.817279	606.191963	570.603781
58.425	518.8973685	607.5772355	571.7525345
58.5916667	519.9213668	608.7406805	572.8313303
58.7583333	521.0160314	609.8523203	573.9308822
58.925	522.1003561	611.1959172	575.0018624
59.0916667	523.1750336	612.2573608	576.0598649
59.2583333	524.2990579	613.2209682	577.1267302
59.425	525.3546261	614.2561107	578.0721427
59.5916667	526.3984074	615.4887272	578.9764748
59.7583333	527.4784832	616.4772427	579.8803526
59.925	528.5680552	617.621277	580.7939496
60.0916667	529.6903578	618.8709256	581.6808099
60.2583333	530.7703848	620.0627922	582.6014891
60.425	531.8841928	621.1623118	583.5888624
60.5916667	532.9894427	622.3225197	584.5900445
60.7583333	534.0807049	623.4663632	585.6012158
60.925	535.2199311	624.5999358	586.5675736
61.0916667	536.3111101	625.6554711	587.6011536
61.2583333	537.3873411	626.700058	588.5843175
61.425	538.4698533	627.7877833	589.5679854
61.5916667	539.5352583	628.9723233	590.5026005
61.7583333	540.6799843	630.1143332	591.4700957
61.925	541.754531	631.1512365	592.4680152
62.0916667	542.8773629	632.2647197	593.4630794
62.2583333	543.9773321	633.3569332	594.4379006
62.425	545.1015746	634.5215368	595.4166948
62.5916667	546.2240947	635.5705342	596.460835
62.7583333	547.3331155	636.4956398	597.5379103
62.925	548.3965576	637.5914213	598.5516246
63.0916667	549.4980154	638.6106974	599.4857591
63.2583333	550.6013868	639.6035309	600.4992974
63.425	551.668308	640.617246	601.4329508
63.5916667	552.7754978	641.633043	602.4056885
63.7583333	553.8781386	642.6821822	603.3041122
63.925	554.9296076	643.7063324	604.1691793
64.0916667	555.9911106	644.7366304	605.0841479
64.2583333	557.1058116	645.7062363	605.9992576
64.425	558.2212909	646.7168534	606.926537
64.5916667	559.2817825	647.7115319	607.8234923
64.7583333	560.3685108	648.7395273	608.7020848
64.925	561.4740966	649.7518521	609.5649357
65.0916667	562.5306864	650.7986691	610.4414482
65.2583333	563.5796486	651.7217978	611.3222931
65.425	564.6805167	652.7091216	612.2013808
65.5916667	565.7464051	653.6816356	613.0654937
65.7583333	566.8248713	654.6697105	613.9359575
65.925	567.8988528	655.7207657	614.7600553
66.0916667	568.9258853	656.7318778	615.6464429
66.2583333	570.0227301	657.6783113	616.511043
66.425	571.1108143	658.7078394	617.3889663
66.5916667	572.1731708	659.6765419	618.2035372
66.7583333	573.2435708	660.737788	619.0651881
66.925	574.2690536	661.6643062	619.9579254
67.0916667	575.3453414	662.6754833	620.807975
67.2583333	576.3771485	663.7761171	621.6421381
67.425	577.4376521	664.8269639	622.4838824
67.5916667	578.5494973	665.7799277	623.3472577
67.7583333	579.600698	666.8007279	624.2369732
67.925	580.6246872	667.8939171	625.0264364
68.0916667	581.6572409	668.9922236	625.8759107
68.2583333	582.7098783	669.9194484	626.7458069
68.425	583.7639856	670.8651072	627.6346017
68.5916667	584.8208431	671.7976514	628.4343428
68.7583333	585.8710515	672.913762	629.2879245
68.925	586.8866941	673.8672619	630.1445764
69.0916667	587.9498567	674.7986026	630.9989002
69.2583333	588.9952696	675.7946085	631.8445403
69.425	590.034576	676.7794552	632.658408
69.5916667	591.0706367	677.7381772	633.5013017
69.7583333	592.1114645	678.6002973	634.3698188
69.925	593.1270178	679.5306548	635.1948217
70.0916667	594.1997978	680.5292433	635.9667888
70.2583333	595.2252374	681.4811718	636.7838888
70.425	596.2258508	682.5252947	637.6200621
70.5916667	597.2603585	683.4948765	638.4561167
70.7583333	598.3120607	684.4891711	639.312068
70.925	599.3851503	685.4797228	640.1535263
71.0916667	600.426982	686.4350612	641.013097
71.2583333	601.4576023	687.3489382	641.8262646
71.425	602.479758	688.3776558	642.6437963
71.5916667	603.5582702	689.3507367	643.4533417
71.7583333	604.5736779	690.3029224	644.2998288
71.925	605.5949485	691.2926725	645.1394013
72.0916667	606.6034319	692.1905719	645.9786807
72.2583333	607.6152381	693.1128329	646.7975929
72.425	608.6633677	693.9615318	647.6268387
72.5916667	609.7078254	694.9895453	648.445092
72.7583333	610.7296252	695.983036	649.2403983
72.925	611.760633	696.9058555	650.0392122
73.0916667	612.7858601	697.84011	650.8897793
73.2583333	613.8048986	698.8247023	651.6987721
73.425	614.834336	699.7701196	652.5015148
73.5916667	615.8867544	700.6507303	653.3163468
73.7583333	616.8356057	701.66151	654.1228065
73.925	617.8947361	702.6139637	654.9032885
74.0916667	618.9292982	703.5128427	655.7089446
74.2583333	619.9512584	704.5061683	656.5549043
74.425	620.9534681	705.422835	657.3655047
74.5916667	621.9720776	706.2779896	658.1902214
74.7583333	623.045226	707.1485761	658.9917599
74.925	624.0158243	708.1134257	659.783131
75.0916667	625.0604538	708.98996	660.5175569
75.2583333	626.0704599	710.0700432	661.3038515
75.425	627.0851783	711.0165162	662.0745151
75.5916667	628.1436972	712.0234912	662.8992894
75.7583333	629.146104	712.8994585	663.7240396
75.925	630.1537621	713.7440689	664.5510781
76.0916667	631.1893903	714.7472877	665.3324464
76.2583333	632.2576506	715.7281385	666.145618
76.425	633.2166522	716.5740898	666.94504
76.5916667	634.1616789	717.5821415	667.7281782
76.7583333	635.2085166	718.5483247	668.4845708
76.925	636.275157	719.5650681	669.2823066
77.0916667	637.2515525	720.5062659	670.0875896
77.2583333	638.249937	721.4977942	670.9329887
77.425	639.2937491	722.3541395	671.7540742
77.5916667	640.2513413	723.1527232	672.5620016
77.7583333	641.2912116	724.0565501	673.3366924
77.925	642.3064636	725.0597316	674.0843238
78.0916667	643.3168611	726.0319049	674.8307522
78.2583333	644.2894029	726.89331	675.6308631
78.425	645.3051946	727.8589894	676.4167178
78.5916667	646.2911046	728.8546582	677.2350375
78.7583333	647.3340771	729.7232099	677.9988049
78.925	648.310868	730.5966007	678.7334246
79.0916667	649.3070051	731.6385414	679.5643416
79.2583333	650.2996225	732.6599131	680.3486612
79.425	651.2775699	733.5194131	681.0970307
79.5916667	652.2315505	734.4467662	681.9472773
79.7583333	653.2278634	735.3765348	682.7469671
79.925	654.2302452	736.2165879	683.4905946
80.0916667	655.2693866	737.1564954	684.2436616
80.2583333	656.2469955	738.0518209	685.0019484
80.425	657.2144041	738.9017675	685.7866972
80.5916667	658.295095	739.8411025	686.563069
80.7583333	659.2491565	740.8438598	687.3001676
80.925	660.2090096	741.7600479	688.0448649
81.0916667	661.2268994	742.5961236	688.8592553
81.2583333	662.1829195	743.5604056	689.6275949
81.425	663.1337602	744.442099	690.3646108
81.5916667	664.1821828	745.3267788	691.1299603
81.7583333	665.1899091	746.2835104	691.9555792
81.925	666.1792157	747.1954037	692.6510872
82.0916667	667.176618	748.0966971	693.4255544
82.2583333	668.1327085	749.0176154	694.2362358
82.425	669.1103217	749.9532876	694.9657057
82.5916667	670.1142248	750.9240417	695.7143773
82.7583333	671.1095479	751.8217962	696.4645667
82.925	672.0719313	752.7208012	697.2671773
83.0916667	673.0918813	753.6279795	698.0014245
83.2583333	674.0405559	754.5025121	698.7734143
83.425	674.9786849	755.5005772	699.5979801
83.5916667	675.9837635	756.3265274	700.3252326
83.7583333	676.9462616	757.1504883	701.0846904
83.925	677.9213311	758.1385039	701.8293536
84.0916667	678.869981	759.0672834	702.5323575
84.2583333	679.8511789	759.9600726	703.3145172
84.425	680.8311164	760.7908217	704.0794174
84.5916667	681.8339631	761.5790853	704.8202696
84.7583333	682.7627493	762.6435379	705.5209746
84.925	683.7176448	763.6341182	706.2534625
85.0916667	684.6697597	764.4484089	707.0298228
85.2583333	685.5930178	765.1885745	707.8514445
85.425	686.583368	766.1975308	708.5341243
85.5916667	687.6254586	767.1273094	709.2311812
85.7583333	688.5482338	767.960065	709.9710974
85.925	689.526982	768.8250023	710.7736015
86.0916667	690.5457323	769.8455471	711.4719166
86.2583333	691.465107	770.7259285	712.211471
86.425	692.4509145	771.5451356	712.9909121
86.5916667	693.4603865	772.4604082	713.7567848
86.7583333	694.4585768	773.4795208	714.4965901
86.925	695.4202588	774.358726	715.274926
87.0916667	696.3429252	775.2207517	716.0008064
87.2583333	697.2890249	776.0043789	716.7906954
87.425	698.2637109	776.8081238	717.5070556
87.5916667	699.2492802	777.8053909	718.2228563
87.7583333	700.2120736	778.633303	718.9155981
87.925	701.155965	779.4941335	719.6424835
88.0916667	702.1331004	780.4150264	720.340523
88.2583333	703.0579457	781.3839145	721.035409
88.425	704.0109463	782.2574063	721.7870061
88.5916667	704.9660524	783.2135492	722.5709443
88.7583333	705.9451371	784.0444146	723.3046429
88.925	706.853927	784.8615143	724.0243612
89.0916667	707.8691016	785.8569604	724.7443409
89.2583333	708.8150004	786.8779432	725.4999887
89.425	709.7738704	787.7881425	726.2643161
89.5916667	710.72145	788.5340387	726.9985429
89.7583333	711.6475647	789.3589716	727.7749778
89.925	712.5623715	790.1192957	728.5158712
90.0916667	713.5605571	790.9727108	729.2121457
90.2583333	714.5248348	791.8989157	729.8585651
90.425	715.4054402	792.7726176	730.551631
90.5916667	716.3516734	793.6229243	731.2869707
90.7583333	717.307532	794.5240479	731.983631
90.925	718.2620852	795.4005358	732.697248
91.0916667	719.1491918	796.291729	733.4323171
91.2583333	720.1078463	797.1446575	734.1012522
91.425	721.0959603	797.9842978	734.858027
91.5916667	722.0067356	798.8091182	735.5919279
91.7583333	723.0198455	799.6021471	736.2857017
91.925	723.9786659	800.5541008	737.0357646
92.0916667	724.8907677	801.5009179	737.7136576
92.2583333	725.8181024	802.4370146	738.4070904
92.425	726.7552255	803.3115812	739.1481929
92.5916667	727.7217781	804.2283123	739.9246177
92.7583333	728.6780505	805.1180796	740.6745317
92.925	729.6296107	805.8873529	741.3922078
93.0916667	730.5535993	806.7813098	742.1025426
93.2583333	731.4800421	807.5741528	742.8017007
93.425	732.3600496	808.4039211	743.5079635
93.5916667	733.3244791	809.1706231	744.1325706
93.7583333	734.3017162	810.0509664	744.8380731
93.925	735.2246239	811.0526212	745.4876588
94.0916667	736.1659708	812.0005393	746.2368652
94.2583333	737.1261365	812.6933304	746.9600482
94.425	738.064448	813.5790615	747.7245461
94.5916667	739.0204402	814.5010588	748.412941
94.7583333	739.8612017	815.4082178	749.1467636
94.925	740.8503409	816.2891117	749.8294285
95.0916667	741.8983281	817.0160375	750.5282211
95.2583333	742.783984	817.8353956	751.2665387
95.425	743.6934396	818.7239194	751.8951177
95.5916667	744.6467921	819.6264507	752.593775
95.7583333	745.5533288	820.4572284	753.3032031
95.925	746.4814528	821.4096762	753.9934229
96.0916667	747.4416806	822.3743812	754.6589933
96.2583333	748.4480679	823.2640542	755.3955595
96.425	749.2954601	824.0255838	756.1938094
96.5916667	750.2339573	824.7379245	756.8743501
96.7583333	751.247592	825.670385	757.5058252
96.925	752.1932821	826.5894797	758.1933446
97.0916667	753.127155	827.3908668	758.933554
97.2583333	754.0514732	828.2513311	759.6142607
97.425	754.9855244	829.1082356	760.3420136
97.5916667	755.9468185	829.8858824	761.0641454
97.7583333	756.8296444	830.7645373	761.711657
97.925	757.6920505	831.7029939	762.4482754
98.0916667	758.6577405	832.4735522	763.0485712
98.2583333	759.6023317	833.3254838	763.7746417
98.425	760.5394946	834.2854265	764.5048034
98.5916667	761.4932792	835.1004318	765.1392373
98.7583333	762.478039	835.8928222	765.815576
98.925	763.41736	836.7761257	766.5174073
99.0916667	764.3349398	837.5607354	767.2750958
99.2583333	765.2965792	838.5588796	767.992442
99.425	766.302816	839.3224086	768.65766
99.5916667	767.1963781	840.0021204	769.3753498
99.7583333	768.1079279	840.8584824	770.0423797
99.925	769.0268913	841.7908678	770.701461
100.091667	769.8502129	842.6553029	771.2765892
100.258333	770.8407872	843.5750921	771.9845386
100.425	771.7807694	844.3510351	772.657897
100.591667	772.7290126	845.1928576	773.3934558
100.758333	773.5786836	846.1398725	774.1425545
100.925	774.5709109	846.9745766	774.7885639
101.091667	775.4191968	847.6545358	775.4842842
101.258333	776.4266277	848.6077603	776.1512207
101.425	777.3893054	849.4496164	776.8080424
101.591667	778.2815353	850.3010847	777.4920983
101.758333	779.1181442	851.1404403	778.2065744
101.925	780.0871592	852.0081451	778.8706466
102.091667	781.0682302	852.714723	779.5531675
102.258333	781.9784661	853.3947086	780.2396626
