time	N2O	NO	NH3	CO	HC
0.091666667	1.55958273989911E-06	2.9883334334686E-05	2.17801384356888E-08	0.000164078076156	4.83471660635101E-05
0.258333333	1.55235508698453E-06	2.9846437629386E-05	2.1963307010737E-08	0.000163772380541	4.84920597684219E-05
0.425	1.54705977240483E-06	2.99231330338544E-05	2.13317077618766E-08	0.000164012073697	4.83695544143466E-05
0.591666666999999	1.54078859757733E-06	2.99665911323037E-05	2.21823872757746E-08	0.00016426045846	4.84073507019159E-05
0.758333332999999	1.52982966310482E-06	2.99730633736126E-05	2.13358698349182E-08	0.000163960597289	4.84678770585922E-05
0.925	1.52670380451057E-06	2.99933810522433E-05	1.96096855518684E-08	0.000164245380761	4.82022072807546E-05
1.09166667	1.51804711402128E-06	3.00083787323528E-05	2.1209243234293E-08	0.000164184004729	4.84128601308094E-05
1.25833333	1.51339223479897E-06	3.00485224287871E-05	2.08145545287999E-08	0.000164166363024	4.86446634749697E-05
1.42499999999999	1.50604398499661E-06	3.00606572486582E-05	2.01484364053886E-08	0.000164435528308	4.85846440620313E-05
1.59166667	1.49821365211242E-06	3.00910586029932E-05	2.04432077861382E-08	0.000164431815182	4.83150714860801E-05
1.75833333	1.49623591138605E-06	3.01525699617433E-05	2.04308152391536E-08	0.000164697150672	4.83029301995825E-05
1.925	1.49289191886159E-06	3.01702870668699E-05	1.89947884509721E-08	0.000164789642147	4.82172568545007E-05
2.09166666999999	1.4840649363009E-06	3.0171562405843E-05	1.89538891949902E-08	0.000164460484504	4.83630830795039E-05
2.25833333	1.48186130991973E-06	3.01564347731194E-05	1.93527833929222E-08	0.000164471019541	4.82879728867157E-05
2.425	1.47784047122654E-06	3.01476243988514E-05	1.85540499457858E-08	0.000164438860908	4.8096110772157E-05
2.59166667	1.47543335103555E-06	3.02112313026235E-05	1.94498890479517E-08	0.000164890164666	4.80349998743561E-05
2.75833333	1.47200460720559E-06	3.01948492911875E-05	1.86722518453581E-08	0.000164568666568	4.81400210106222E-05
2.925	1.46924321385964E-06	3.02324821427643E-05	1.95637559484176E-08	0.000164723262195	4.83365938420847E-05
3.09166667	1.4646963134229E-06	3.01968442049844E-05	1.84356056831855E-08	0.00016430078319	4.87236262624964E-05
3.25833333	1.4631434765471E-06	3.02264318290889E-05	1.83413702518464E-08	0.000164823577034	4.88217786610607E-05
3.425	1.45883316225768E-06	3.02390267660814E-05	1.89150315908923E-08	0.000164471537128	4.85605036347956E-05
3.59166667	1.44996174303516E-06	3.02456130273773E-05	1.77853627829372E-08	0.000164559118725	4.85462376723752E-05
3.75833333	1.44439657353798E-06	3.02569683942518E-05	1.88206059891672E-08	0.000164470372394	4.8578035417222E-05
3.925	1.44250528946099E-06	3.02854438092372E-05	1.80958631983216E-08	0.000164644576825	4.87269590321576E-05
4.09166667	1.43783514982565E-06	3.02607567587831E-05	1.79289000197271E-08	0.00016459504489	4.87546526818801E-05
4.25833333	1.43809574869966E-06	3.03520011737134E-05	1.71936357827936E-08	0.000165053683812	4.86653283982903E-05
4.425	1.43548703504427E-06	3.03488467367897E-05	1.7903741429072E-08	0.000164853531233	4.85881039958466E-05
4.59166667	1.43133662398823E-06	3.03464780869929E-05	1.69250573905211E-08	0.000165177594481	4.8436525406997E-05
4.75833333	1.4300855364367E-06	3.03580741083328E-05	1.71553866546426E-08	0.000165255628392	4.8390991927164E-05
4.925	1.42245251543597E-06	3.03482201722025E-05	1.7169088778817E-08	0.000164597042111	4.85387024106074E-05
5.09166667	1.4194256561834E-06	3.03151161046228E-05	1.75898377175514E-08	0.000164673695878	4.87100170822854E-05
5.25833333	1.42073880615989E-06	3.03878272776424E-05	1.7299853376981E-08	0.000164867714575	4.86879438130998E-05
5.425	1.41811730169214E-06	3.04227698486505E-05	1.73271564287852E-08	0.000164995259247	4.85227375832952E-05
5.59166666999999	1.41497755171646E-06	3.04208687876875E-05	1.65607671234745E-08	0.000165233282873	4.8484851371006E-05
5.75833333	1.41135064833316E-06	3.04333118990263E-05	1.62077202912675E-08	0.000164915696464	4.85049716827822E-05
5.925	1.40974170171381E-06	3.04304957672558E-05	1.73439745230493E-08	0.000164984753274	4.82055778566241E-05
6.09166666999999	1.41035819811909E-06	3.04408588147013E-05	1.70029223839669E-08	0.000164835995062	4.81045869625187E-05
6.25833333	1.41065794185864E-06	3.04727846304194E-05	1.80149799242562E-08	0.00016532322244	4.82347932595537E-05
6.425	1.40591452448654E-06	3.04879899920818E-05	1.68223815207911E-08	0.000165051105916	4.85190134663381E-05
6.59166667	1.40291430064975E-06	3.04539054942975E-05	1.64142309939142E-08	0.000164908401238	4.86685876315386E-05
6.75833333	1.40252147136571E-06	3.04553110539786E-05	1.62572606183079E-08	0.000164837311819	4.87333128232086E-05
6.925	1.39995599075484E-06	3.04602992454844E-05	1.69505138232049E-08	0.000164660515655	4.87528241068633E-05
7.09166667	1.39729134694493E-06	3.04637949813404E-05	1.60598097072402E-08	0.000164942825426	4.87929152647768E-05
7.25833333	1.39587286054072E-06	3.05110078252156E-05	1.68964539045861E-08	0.000165039247903	4.86262730688216E-05
7.425	1.39400178480771E-06	3.05047729615422E-05	1.52030596635377E-08	0.000165095948939	4.83067248952956E-05
7.59166667	1.39284135860659E-06	3.05310833064401E-05	1.60993946531926E-08	0.000165008633122	4.82559928913627E-05
7.75833333	1.39203877697325E-06	3.0529608916391E-05	1.66598277191655E-08	0.000165264004966	4.8440331552358E-05
7.925	1.38924354670305E-06	3.05190246351517E-05	1.62537004633609E-08	0.000165196715798	4.87601944287517E-05
8.09166667	1.38830198410245E-06	3.05532599775199E-05	1.55192418685775E-08	0.000165296490087	4.89231325748434E-05
8.25833333	1.38756983088795E-06	3.05403392905679E-05	1.51726130447349E-08	0.000165345428795	4.86630093726858E-05
8.425	1.38524490431609E-06	3.05575213331003E-05	1.56745578588878E-08	0.000165172757559	4.85012805481542E-05
8.59166667	1.38339544435631E-06	3.05781229849352E-05	1.5592263069053E-08	0.000165489788192	4.83302802430538E-05
8.75833333	1.38054734860408E-06	3.05716591609587E-05	1.60711272909342E-08	0.000165282589585	4.82886259690716E-05
8.925	1.38213146321742E-06	3.06035894263938E-05	1.64055139482624E-08	0.000165442848918	4.83331479283379E-05
9.09166667	1.37821405442416E-06	3.05605682261676E-05	1.58781465995308E-08	0.000165233388483	4.82198699892797E-05
9.25833333	1.37896755923694E-06	3.06179129206807E-05	1.56941574660499E-08	0.000165406586108	4.81299245220459E-05
9.425	1.37643834308302E-06	3.0599491203165E-05	1.55301604604928E-08	0.000165118083205	4.82161578368038E-05
9.59166667	1.3749623081147E-06	3.06014806203567E-05	1.63854364473762E-08	0.000165270597046	4.81440663493916E-05
9.75833333	1.3737225971067E-06	3.05814783362915E-05	1.51510388791114E-08	0.00016535427834	4.85122735846725E-05
9.925	1.37318340408478E-06	3.06041772368666E-05	1.56168179054896E-08	0.000165375180216	4.87855246899295E-05
10.0916667	1.37038397376264E-06	3.06041627465802E-05	1.52722318016504E-08	0.00016532735994	4.88847233040812E-05
10.2583333	1.36858146379633E-06	3.06075243946312E-05	1.46255959980183E-08	0.000164953138598	4.88433027648179E-05
10.425	1.3672808607751E-06	3.06090355311973E-05	1.56119843610851E-08	0.000165131593621	4.85696184135037E-05
10.5916667	1.366118356218E-06	3.06228204714627E-05	1.54667349724727E-08	0.000165187238727	4.85096131246231E-05
10.7583332999999	1.36628093942137E-06	3.06397799753755E-05	1.56144935061818E-08	0.000165169027116	4.86771410669781E-05
10.925	1.36270085585119E-06	3.05576732913002E-05	1.53629998946925E-08	0.000164758692729	4.9029123314982E-05
11.0916667	1.37063393120876E-06	3.06563599451894E-05	1.64151532191398E-08	0.000165564182476	4.88081083865001E-05
11.2583332999999	1.37251572919357E-06	3.06329296366171E-05	1.46974162131888E-08	0.000165240910021	4.87167480078352E-05
11.425	1.37526638384968E-06	3.06030720218091E-05	1.60483046696002E-08	0.000165285652494	4.85912262286388E-05
11.5916667	1.38203163507448E-06	3.05940224310703E-05	1.52979269798546E-08	0.000165348990498	4.85572796068595E-05
11.7583332999999	1.39386592680811E-06	3.05593381172971E-05	1.50037127509904E-08	0.000165221998853	4.84957428856499E-05
11.925	1.40370827888716E-06	3.04987108588703E-05	1.5359796358067E-08	0.000165022036896	4.83533675096943E-05
12.0916667	1.41522967746292E-06	3.04114989807521E-05	1.64371028111488E-08	0.000164908123964	4.8235571946035E-05
12.2583332999999	1.43373848914286E-06	3.04220945618616E-05	1.63801698450428E-08	0.000165016006737	4.82754826742228E-05
12.425	1.45073653589497E-06	3.0341296112422E-05	1.67780362379419E-08	0.000165114013676	4.84828055088806E-05
12.5916667	1.4795415777347E-06	3.02948162884932E-05	1.70976973213346E-08	0.000165161793188	4.85916930923356E-05
12.7583332999999	1.49896564064987E-06	3.01594455389037E-05	1.65794073025787E-08	0.00016480589046	4.87473639268323E-05
12.925	1.52513882344139E-06	3.00450858994926E-05	1.74696998874013E-08	0.000164357926947	4.91885240016771E-05
13.0916667	1.55674923027355E-06	2.99567259465769E-05	1.77990637172194E-08	0.000164221004014	4.94498924283443E-05
13.2583332999999	1.57771735767095E-06	2.98892228176747E-05	1.80189014184764E-08	0.000164073121907	4.92165377840185E-05
13.425	1.60488483426861E-06	2.98090943634969E-05	1.92063832598449E-08	0.000164485577971	4.89624474005614E-05
13.5916667	1.62902845057841E-06	2.96915735231964E-05	1.93663311673846E-08	0.00016410426704	4.86757014400374E-05
13.7583332999999	1.65309858960732E-06	2.95963219070266E-05	2.09045405359686E-08	0.00016399828203	4.8588658110183E-05
13.925	1.6792525370975E-06	2.94711353206248E-05	2.15924097419071E-08	0.000163823623972	4.84466895146397E-05
14.0916667	1.70253925476825E-06	2.93536900900191E-05	2.28341755702621E-08	0.000163779265537	4.82792559514416E-05
14.2583333	1.72955802191641E-06	2.92207212396561E-05	2.29918577062064E-08	0.000163470723906	4.83665342502461E-05
14.425	1.75395736491461E-06	2.91347640007791E-05	2.32024970321551E-08	0.000163237164795	4.85396454052285E-05
14.5916667	1.78333683119079E-06	2.90348338885801E-05	2.54167457365117E-08	0.00016317217151	4.87098913522247E-05
14.7583333	1.81222483031526E-06	2.89306703916282E-05	2.58768946385283E-08	0.000162944067312	4.86035661535516E-05
14.925	1.85689945929122E-06	2.87342187457194E-05	2.69764781529174E-08	0.000162429602224	4.87205425774933E-05
15.0916667	1.90056425092839E-06	2.86231093052184E-05	2.78300288952198E-08	0.00016257552794	4.8712855486847E-05
15.2583333	1.93545379828828E-06	2.85073305198392E-05	2.92813914877045E-08	0.000162251983024	4.87199662308964E-05
15.425	1.97092429977444E-06	2.8353659017903E-05	2.96843671844779E-08	0.000162140627054	4.879362030676E-05
15.5916667	2.00569743452666E-06	2.81955212797748E-05	3.1630797825903E-08	0.000161809987477	4.88346682402976E-05
15.7583333	2.03839284629942E-06	2.80159096128414E-05	3.39389674464617E-08	0.000161807690248	4.88552045979622E-05
15.925	2.08011940426207E-06	2.78673154190724E-05	3.50595821517478E-08	0.00016152373857	4.86604470617784E-05
16.0916666999999	2.12206518921284E-06	2.77013149029797E-05	3.69062848366498E-08	0.000161229067327	4.85267575938183E-05
16.2583333	2.15826797722379E-06	2.75112672816911E-05	3.94250823251997E-08	0.000160984278013	4.85489330933244E-05
16.425	2.20269123456272E-06	2.73198704966911E-05	4.26913784900935E-08	0.000160646444678	4.82531728355531E-05
16.5916666999999	2.24327284989072E-06	2.71637603115331E-05	4.43816081506948E-08	0.00016048589332	4.80321532126351E-05
16.7583333	2.28164322531025E-06	2.69522436666108E-05	4.66732809779173E-08	0.000160064313132	4.77428672977404E-05
16.925	2.32105227244519E-06	2.67631400182654E-05	5.04394425915459E-08	0.000159897001168	4.75035779072975E-05
17.0916666999999	2.3602544084183E-06	2.65580833414474E-05	5.17369524201149E-08	0.000159653597786	4.76310731258598E-05
17.2583333	2.40593785817897E-06	2.63944594015391E-05	5.63265062876269E-08	0.000159318741974	4.76684666961176E-05
17.425	2.45497792639908E-06	2.61898497200802E-05	5.90116161887376E-08	0.000159136100388	4.77920409733681E-05
17.5916666999999	2.50851982125287E-06	2.60012020204134E-05	6.29973267623245E-08	0.000158790239963	4.74974484324062E-05
17.7583333	2.54781348094161E-06	2.57665915651205E-05	6.5239360139385E-08	0.000158552597795	4.74651069388514E-05
17.925	2.59515741624153E-06	2.5581932904629E-05	6.96002125099779E-08	0.000158445235273	4.74884183966079E-05
18.0916666999999	2.63910124645702E-06	2.53731927777513E-05	7.44835592451102E-08	0.000158234853317	4.73993298406857E-05
18.2583333	2.68420014530013E-06	2.51160446358301E-05	7.85765271431068E-08	0.000157821254453	4.73508161346533E-05
18.425	2.73358632038701E-06	2.48741888896602E-05	8.28854801630177E-08	0.000157348443416	4.72401217360476E-05
18.5916666999999	2.78843354555887E-06	2.46735562214692E-05	8.81039070356568E-08	0.000157113935749	4.70113667497272E-05
18.7583333	2.84384624209E-06	2.44464972452296E-05	9.28901873809105E-08	0.000157021585506	4.66984004177207E-05
18.925	2.88602931661805E-06	2.42047960403211E-05	9.81734849935844E-08	0.000156348683485	4.63274991141112E-05
19.0916666999999	2.92784805208814E-06	2.39319781694398E-05	1.04933040220007E-07	0.000155799878461	4.61746163292215E-05
19.2583333	2.97499753609049E-06	2.36924722849371E-05	1.11011134291073E-07	0.000155559991511	4.60591217873932E-05
19.425	3.05057354541403E-06	2.34403586689562E-05	1.16624642153784E-07	0.000155378978928	4.61240743072802E-05
19.5916666999999	3.12733063872517E-06	2.31775234139577E-05	1.23760300535924E-07	0.000154966176454	4.62758128158479E-05
19.7583333	3.18370084797507E-06	2.29185129551752E-05	1.31315195822201E-07	0.000154664164054	4.62099915553641E-05
19.925	3.23084668437692E-06	2.26418894188184E-05	1.39684686377472E-07	0.000154290870815	4.62207572077872E-05
20.0916666999999	3.27705360782647E-06	2.23769042291259E-05	1.46499410888166E-07	0.000153919023353	4.60911015711496E-05
20.2583333	3.32036836361142E-06	2.21200446789904E-05	1.56923645115905E-07	0.000153875941279	4.61526049696158E-05
20.425	3.35155710851238E-06	2.18208100287994E-05	1.64619047775421E-07	0.000153061037893	4.60527497277267E-05
20.5916666999999	3.39571850206484E-06	2.15754097893818E-05	1.7529586536635E-07	0.000153061382472	4.60136669078239E-05
20.7583333	3.43749094545229E-06	2.12683237469652E-05	1.83289096307632E-07	0.000152481054283	4.58074171765649E-05
20.925	3.48219925485257E-06	2.0985357373095E-05	1.952455169949E-07	0.000152049396464	4.55300752053182E-05
21.0916666999999	3.52058541435599E-06	2.0702039554902E-05	2.07288647926821E-07	0.000151683325297	4.52776919019483E-05
21.2583333	3.57475971812518E-06	2.04076809913457E-05	2.17755940165424E-07	0.000151268667862	4.5307114432105E-05
21.4249999999999	3.62389650909134E-06	2.01202817638806E-05	2.30410649818002E-07	0.000150775134875	4.51745550679815E-05
21.5916666999999	3.66186075933439E-06	1.98258396916842E-05	2.42000615341926E-07	0.000150266051117	4.46107994564732E-05
21.7583333	3.70653150526448E-06	1.95334102767429E-05	2.5758073427929E-07	0.000149982177165	4.4595564099671E-05
21.9249999999999	3.75758547916089E-06	1.92514481355819E-05	2.69948990826314E-07	0.000149585852409	4.46897790827831E-05
22.0916666999999	3.82909815960572E-06	1.89281165167461E-05	2.86282786475566E-07	0.000148925714888	4.47683872179948E-05
22.2583333	3.87525603450184E-06	1.86462549601254E-05	3.02990969288212E-07	0.0001486920766	4.4660680853606E-05
22.4249999999999	3.90539729850635E-06	1.83606114671018E-05	3.18127657311294E-07	0.00014851136525	4.45945680729494E-05
22.5916666999999	3.94979131202218E-06	1.80394919516134E-05	3.35402458307908E-07	0.000147796238359	4.46758052236043E-05
22.7583333	3.9801686134415E-06	1.77247176316062E-05	3.52877261900165E-07	0.000147060690388	4.46434789199534E-05
22.9249999999999	4.01853401488181E-06	1.74390269617821E-05	3.72334607697937E-07	0.000146728997678	4.45359260548205E-05
23.0916666999999	4.05265853538169E-06	1.71090003577633E-05	3.92074613872427E-07	0.000146172671516	4.44614262195308E-05
23.2583333	4.0828170564409E-06	1.68098358725003E-05	4.14687162492256E-07	0.000145480806159	4.42880572673262E-05
23.4249999999999	4.11589751526776E-06	1.65024784072156E-05	4.33826681523485E-07	0.000145155259226	4.39887780009664E-05
23.5916666999999	4.13764216612408E-06	1.61991820699904E-05	4.5301448366065E-07	0.000144557663966	4.4055431984459E-05
23.7583333	4.16455971421986E-06	1.59056066199186E-05	4.76662709758775E-07	0.000144335419768	4.38776930280141E-05
23.9249999999999	4.19000680089398E-06	1.55824605558511E-05	4.98279553584413E-07	0.000143754257089	4.3936173172403E-05
24.0916666999999	4.21996710031345E-06	1.52843426305406E-05	5.25057346143354E-07	0.000143189977682	4.3695315441774E-05
24.2583333	4.26729986007983E-06	1.49917882053016E-05	5.52808993159287E-07	0.000142562592427	4.35036839057533E-05
24.4249999999999	4.3018608011299E-06	1.46891253993767E-05	5.81064627144101E-07	0.000141973735446	4.34544937311208E-05
24.5916666999999	4.31915892391746E-06	1.43987649535627E-05	6.10608928434256E-07	0.0001410465471	4.33240942947629E-05
24.7583333	4.33363474797465E-06	1.40810488146316E-05	6.39034295604409E-07	0.0001401797721	4.2872666302191E-05
24.9249999999999	4.35243252439858E-06	1.38094787639594E-05	6.70799647400047E-07	0.000139688739577	4.29621856201706E-05
25.0916666999999	4.36070487128432E-06	1.35191133286504E-05	7.03025322429298E-07	0.0001390823966	4.29550913083966E-05
25.2583333	4.37921519297006E-06	1.32474608864692E-05	7.40825301692743E-07	0.000138662982749	4.2852344897476E-05
25.4249999999999	4.38937707026448E-06	1.2979553573301E-05	7.75941341708617E-07	0.000137961197843	4.28120006090735E-05
25.5916666999999	4.40040308189443E-06	1.26922834160972E-05	8.12767899159502E-07	0.000137316608509	4.23096480377872E-05
25.7583332999999	4.4118623509486E-06	1.24320610634908E-05	8.503078415568E-07	0.00013632640414	4.20092414278911E-05
25.925	4.42810459410259E-06	1.21785853641848E-05	8.88866675321953E-07	0.000135573839056	4.18235760719924E-05
26.0916667	4.43148341863005E-06	1.18966837282964E-05	9.30320377007866E-07	0.00013459055718	4.16315459077027E-05
26.2583332999999	4.43966773529279E-06	1.16508539339088E-05	9.73229556312574E-07	0.000133855606534	4.16378416604769E-05
26.425	4.43581402501565E-06	1.1393323655555E-05	1.01722610245744E-06	0.000132840611072	4.16315754944765E-05
26.5916667	4.43382007349486E-06	1.11691497568899E-05	1.0634339769037E-06	0.000132099100789	4.13637373460812E-05
26.7583332999999	4.42142265574715E-06	1.09196294115632E-05	1.11025368981958E-06	0.00013115280839	4.1328758515198E-05
26.925	4.41835545299694E-06	1.07118193812632E-05	1.15952628646548E-06	0.000130308907775	4.08576119261181E-05
27.0916667	4.40896860799963E-06	1.04881700629665E-05	1.21007522410662E-06	0.000129322890497	4.08070536937437E-05
27.2583332999999	4.39916847884267E-06	1.02883072648078E-05	1.26466077688061E-06	0.000128534559849	4.09748004440644E-05
27.425	4.38159286945737E-06	1.00789976529842E-05	1.31504427336181E-06	0.000127375326968	4.09170166000162E-05
27.5916667	4.35725820528653E-06	9.8938958287076E-06	1.36986008345094E-06	0.000126284414837	4.06256355764819E-05
27.7583332999999	4.32168898344673E-06	9.74397787290544E-06	1.42508123048748E-06	0.000125109353333	4.06061393348988E-05
27.925	4.26827175298288E-06	9.5735224039907E-06	1.47866526102711E-06	0.00012382433522	4.05797983780859E-05
28.0916667	4.22327800979202E-06	9.43909578972435E-06	1.53505598137403E-06	0.000122640563192	4.03654521969877E-05
28.2583332999999	4.19694030770636E-06	9.32435031506957E-06	1.59416259240272E-06	0.000121630476809	4.00479632873044E-05
28.425	4.15268086137699E-06	9.24605248980079E-06	1.64627811366785E-06	0.00012037789895	3.99840246374255E-05
28.5916667	4.11178421905698E-06	9.17161478396408E-06	1.69824020559282E-06	0.000118869548196	3.99588918253041E-05
28.7583332999999	4.0577645519683E-06	9.12604519169251E-06	1.74843975841369E-06	0.000117364529819	3.99232868952376E-05
28.925	3.99480051302164E-06	9.1382147258932E-06	1.79924831367043E-06	0.000115944641683	3.94104285635252E-05
29.0916667	3.89596255699053E-06	9.18749005200865E-06	1.84244341430229E-06	0.000114499510263	3.92425276063365E-05
29.2583332999999	3.80846963796179E-06	9.2656402181474E-06	1.87824571910416E-06	0.000113196777793	3.87287393337075E-05
29.425	3.73096347134724E-06	9.3813180960924E-06	1.91184808900992E-06	0.00011167976388	3.84006453673007E-05
29.5916667	3.66007534696259E-06	9.50161554181545E-06	1.94252922955735E-06	0.000110001038965	3.82905843970756E-05
29.7583332999999	3.58799483623078E-06	9.63394506450025E-06	1.97389164661397E-06	0.000108485206755	3.79368474588566E-05
29.925	3.51255561762449E-06	9.73774203271419E-06	2.00890337594836E-06	0.000106308579349	3.78446439398179E-05
30.0916667	3.44876934812867E-06	9.84246558962081E-06	2.04338704117237E-06	0.000104219251475	3.79111516552943E-05
30.2583332999999	3.37927438905932E-06	9.91569252417285E-06	2.07482972824782E-06	0.000101783114412	3.73670168658351E-05
30.425	3.30311716272836E-06	9.9613510798398E-06	2.11010078127103E-06	9.84196713938736E-05	3.68155680934022E-05
30.5916667	3.21010335791028E-06	1.00306884718737E-05	2.14888517299112E-06	9.50084176663908E-05	3.63657071784746E-05
30.7583332999999	3.14956528553358E-06	1.00549068510848E-05	2.18669293495087E-06	9.08376608739384E-05	3.57263489701804E-05
30.925	3.09268461544801E-06	1.00933743046111E-05	2.22944352160924E-06	8.58574050988386E-05	3.51583788158697E-05
31.0916667	3.03266757230248E-06	1.01020943713039E-05	2.26700889151794E-06	7.96480310017845E-05	3.4500805058524E-05
31.2583332999999	2.9776521912691E-06	1.00056180285587E-05	2.28895025050928E-06	7.03855947688774E-05	3.36066574967862E-05
31.425	3.14529871941963E-06	9.53915913168245E-06	2.08146261398512E-06	5.31766918907335E-05	3.12521157512759E-05
31.5916667	3.58257291921453E-06	8.65350238283475E-06	1.57337293421215E-06	3.3741767187035E-05	2.57848836839101E-05
31.7583332999999	4.11930699405014E-06	7.56312059358704E-06	1.01217449129409E-06	1.54445051403895E-05	2.0514880543761E-05
31.925	4.68728590203841E-06	6.67152304196093E-06	4.33205823791855E-07	3.17512646985659E-06	1.45055636637423E-05
32.0916667	4.80919955550699E-06	6.39228949726414E-06	2.14667131761291E-07	6.17945527912002E-07	1.11761973258798E-05
32.2583332999999	4.75956701388178E-06	6.32421786816635E-06	2.04315732918233E-07	6.11432479490065E-07	1.0631683539234E-05
32.425	4.73327540142807E-06	6.22237903532721E-06	1.96695767379131E-07	5.79560471845754E-07	1.02277931287508E-05
32.5916667	4.74378411966726E-06	6.1801776086947E-06	1.76514889908305E-07	5.26271907211985E-07	9.81461787904473E-06
32.7583332999999	4.78586559294316E-06	6.16096079239385E-06	1.78968330000984E-07	6.52291396824152E-07	9.37883771057521E-06
32.925	4.78762767758427E-06	6.11887575878503E-06	1.70967911768244E-07	6.62122736737266E-07	9.08152560910693E-06
33.0916667	4.78455147528866E-06	6.15745440773183E-06	1.49490793298441E-07	5.71439252433749E-07	8.86157353513586E-06
33.2583332999999	4.83324209806627E-06	5.93819712805484E-06	1.40053385916054E-07	5.63595529966368E-07	8.53177880352347E-06
33.425	4.90046191579657E-06	5.70528790329133E-06	1.2250921706581E-07	4.25707014559382E-07	8.30129590446729E-06
33.5916667	4.95346607748471E-06	5.46938080545814E-06	1.14160915356515E-07	3.86717374961089E-07	8.02971705914849E-06
33.7583332999999	5.01075960363077E-06	5.07532955559386E-06	1.16831451745856E-07	3.43492749846661E-07	7.69850961205491E-06
33.925	5.0649068545687E-06	4.9912266490606E-06	1.02357025405196E-07	2.59539198160182E-07	7.55315937141891E-06
34.0916667	5.08802832469792E-06	4.57827547736133E-06	1.01312390651708E-07	2.21987041600053E-07	7.29527238404305E-06
34.2583332999999	5.12452922448948E-06	4.14603134499878E-06	1.11182222611718E-07	2.20224792568305E-07	7.09109087903111E-06
34.425	5.16239855494907E-06	3.57354231068403E-06	1.23656894988276E-07	2.18116343342165E-07	6.95883544126663E-06
34.5916667	5.16570671374206E-06	2.88845179815003E-06	1.50824992935758E-07	2.47973570261111E-07	6.90108985664777E-06
34.7583332999999	5.11962622197084E-06	2.42574767391578E-06	1.7266804232971E-07	2.55854953637734E-07	6.91866345608747E-06
34.925	4.71809040703831E-06	1.44463923680887E-06	2.17666236693034E-07	2.57141709420682E-07	6.89900051792606E-06
35.0916667	4.27290348056533E-06	7.94603749863211E-07	2.90346551756977E-07	2.54173158098637E-07	6.75708988211708E-06
35.2583332999999	4.10373101965955E-06	5.08477309606247E-07	3.24594067381181E-07	2.24115166016823E-07	6.48284880597592E-06
35.425	4.33981218756562E-06	7.70019559688952E-07	3.30768412184779E-07	2.0128221250192E-07	6.24292973465991E-06
35.5916667	4.61446541444049E-06	1.20398585771113E-06	3.12674251644111E-07	1.71062125250841E-07	6.21437398513339E-06
35.7583332999999	4.41803602155751E-06	1.37727087780854E-06	2.6999496977705E-07	1.31686968715668E-07	6.37629812021304E-06
35.925	3.49497361724186E-06	6.57048808150764E-07	2.78409530418299E-07	1.39509991467128E-07	6.37142717661972E-06
36.0916667	2.66113339940417E-06	1.56615334831766E-07	4.30383298971852E-07	2.40316731071866E-07	6.07886990052885E-06
36.2583332999999	3.03669618441887E-06	2.71429084769291E-07	5.11974714487578E-07	3.35974914808422E-07	5.96296391720819E-06
36.425	3.18178525573886E-06	4.13364537071474E-07	4.49415832777873E-07	3.8427632070032E-07	6.05801099388852E-06
36.5916667	3.0587720855279E-06	3.46984183852135E-07	3.23238338636299E-07	3.62209115088592E-07	6.07978528588512E-06
36.7583333	2.32510928694747E-06	9.26609569610067E-08	2.57128906143092E-07	3.42730855951689E-07	6.06077816860668E-06
36.925	1.81191566203396E-06	4.59075271215343E-08	3.18428421820646E-07	3.45742823232169E-07	6.01587505711981E-06
37.0916667	1.58863865306838E-06	2.66369327802489E-08	3.79579521696221E-07	3.62948258117003E-07	5.97432227318468E-06
37.2583333	1.40804520715108E-06	3.26836144750138E-08	3.81749510507562E-07	3.91290512823626E-07	5.92609744460287E-06
37.425	1.41432800119843E-06	7.58890309486344E-08	4.29081817882004E-07	4.14597541920283E-07	5.81517873009376E-06
37.5916667	1.25903708350792E-06	5.29770567319578E-08	3.95680013194864E-07	4.12011638209167E-07	5.71134094334542E-06
37.7583333	9.30729823697853E-07	3.07264403815396E-08	3.60389935652271E-07	4.21568698789716E-07	5.6991906525721E-06
37.925	8.67966552156406E-07	3.34861182453169E-08	3.84464758278712E-07	4.0749116215209E-07	5.6179693064387E-06
38.0916667	8.83178356366397E-07	5.28143995934609E-08	3.62176578783723E-07	3.77219532005312E-07	5.52697262643442E-06
38.2583333	8.21340928498309E-07	3.76517903435348E-08	3.78586482141285E-07	3.3971247309938E-07	5.4152431718209E-06
38.425	7.29109156488999E-07	3.3499270409787E-08	3.54741992338232E-07	3.03211000083624E-07	5.32192064715095E-06
38.5916667	7.70686879380719E-07	6.0551380492843E-08	3.76290069941911E-07	2.63327682103215E-07	5.21772873857981E-06
38.7583333	6.69673091029566E-07	3.63053255554162E-08	3.57800638194505E-07	2.26912543616525E-07	5.17053065012367E-06
38.925	4.47733576208513E-07	2.57096655364808E-08	3.22441270332039E-07	1.98965310622936E-07	5.15558047952975E-06
39.0916667	2.63699932662784E-07	1.68012875381921E-08	3.53214400556407E-07	1.96007442171196E-07	5.15488081644064E-06
39.2583333	2.41586005572497E-07	1.51408831941094E-08	4.74336252951956E-07	2.10463124923305E-07	5.10104339403998E-06
39.425	1.90595831726138E-07	1.62633368971066E-08	5.57647737917839E-07	1.95979703861179E-07	4.99496999693176E-06
39.5916667	1.27798465597952E-07	2.70638241560145E-08	4.71607362477028E-07	1.47929167203462E-07	4.84574450505779E-06
39.7583333	1.0571849533028E-07	2.77004814780872E-08	2.87261320536919E-07	1.05887277183652E-07	4.77905379479317E-06
39.925	8.38929133211958E-08	2.14913228541397E-08	1.90425416795116E-07	8.08543583645636E-08	4.75814611770975E-06
40.0916667	6.23252106419357E-08	1.41309831062923E-08	2.15402796538123E-07	7.52009195298649E-08	4.48123935100702E-06
40.2583333	9.95242034254937E-08	2.11665627420163E-08	2.49717615569297E-07	1.01647275731565E-07	4.41426506297397E-06
40.425	1.6894518041453E-07	5.05543280604312E-08	2.86433565887327E-07	9.42277049557851E-08	4.30058973744622E-06
40.5916667	2.12810628287668E-07	7.56842941432659E-08	2.37987535454735E-07	8.42307237706101E-08	4.27427021651581E-06
40.7583333	3.1394845795931E-07	1.33452470367839E-07	2.12206402020887E-07	7.8252462741111E-08	4.22883209064725E-06
40.925	3.53125226219545E-07	1.24281901666588E-07	2.24808068793637E-07	7.45482799886721E-08	4.13717044105285E-06
41.0916667	3.96070510391495E-07	1.93594564458161E-07	2.41879000935526E-07	7.46340702950527E-08	4.05801254527857E-06
41.2583333	4.06210013414904E-07	1.55494291445366E-07	2.47441829871526E-07	7.36763788790526E-08	3.97743020136339E-06
41.425	4.0494540180674E-07	1.71225976816951E-07	3.46311093388258E-07	7.92034740709663E-08	3.85557652134427E-06
41.5916667	3.18865927007085E-07	9.66641740122037E-08	3.75164928461585E-07	8.61460386855136E-08	3.76782690989912E-06
41.7583333	8.38549472829046E-09	1.42624950621281E-08	4.24769416097571E-07	9.52622691264922E-08	3.40885909000711E-06
41.925	3.73999829005627E-09	1.37070076020147E-08	4.04529233699486E-07	1.11710797982806E-07	3.31197880701739E-06
42.0916667	1.0452503779772E-09	1.31197511123808E-08	3.82140123812682E-07	1.17068050451959E-07	3.34125086067022E-06
42.2583333	5.79306141764569E-10	1.30468406025806E-08	4.9968712641447E-07	1.17691509180079E-07	3.2196322646152E-06
42.425	7.33627220898922E-10	1.35270227563965E-08	5.38739719439196E-07	1.2843788777334E-07	3.13773344528215E-06
42.5916667	9.52610010826145E-10	1.35887085546261E-08	5.41284649406454E-07	1.36752370998153E-07	3.0661754804382E-06
42.7583333	1.3078937522041E-09	1.17027337157027E-08	5.04614656881505E-07	1.36937005897972E-07	3.01511746068579E-06
42.925	1.59852182060002E-09	1.06615280813148E-08	4.64338621722482E-07	1.37063977790149E-07	2.98538638592557E-06
43.0916667	3.82736772617179E-09	1.36777216312461E-08	5.31502216290376E-07	1.38634087522019E-07	2.92425249976476E-06
43.2583333	6.7320201926699E-09	1.37871363591531E-08	5.77984000369328E-07	1.42332818650484E-07	2.97434366744602E-06
43.425	1.37969145633493E-08	1.37588157484704E-08	7.19135100532584E-07	1.48309854923899E-07	2.87752830276077E-06
43.5916667	2.62348458788355E-08	1.65276846331875E-08	7.11662477355028E-07	1.49615390181389E-07	2.73893576672957E-06
43.7583333	3.36172959838417E-08	1.78933723295485E-08	7.45039001262735E-07	1.48397559272418E-07	2.72317793989505E-06
43.925	3.45337863499021E-08	2.04282980607503E-08	8.48427629710085E-07	1.51388578179181E-07	2.64185606938168E-06
44.0916667	3.39042995736224E-08	1.75939421224974E-08	8.48721329103259E-07	1.60278475210621E-07	2.59411034051206E-06
44.2583333	6.54591225769124E-09	1.37088805921149E-08	1.09510070173767E-06	1.70553438119871E-07	2.47387424502602E-06
44.425	8.6942409880835E-10	1.44414202594519E-08	1.47752713875482E-06	1.91668954127922E-07	2.33935327966654E-06
44.5916667	5.55962777172439E-10	1.29469550188775E-08	1.53991160758272E-06	2.13093877796159E-07	2.21120566817155E-06
44.7583333	4.3411872596083E-10	1.09981341780561E-08	1.44603648625509E-06	2.2925538341808E-07	2.13808318414016E-06
44.925	4.78909259408312E-10	1.48527484187606E-08	1.44826886176691E-06	2.40460121976107E-07	2.13935485021006E-06
45.0916667	5.36300398961331E-10	1.86104890996563E-08	1.68255949135501E-06	2.59497082442516E-07	2.28909876681725E-06
45.2583333	4.65089824132895E-10	1.65461995592306E-08	1.99295102921014E-06	2.84230206266417E-07	2.27369041814084E-06
45.425	4.23462691437406E-10	1.54929065344102E-08	2.12666330096441E-06	2.97923059447407E-07	2.16023527437838E-06
45.5916667	7.4245019577463E-10	1.39674128871463E-08	2.09643042569766E-06	3.02802542117863E-07	2.04158451906907E-06
45.7583333	5.40655707363048E-10	1.20962309093541E-08	1.9190419999281E-06	3.03752440116567E-07	1.85041443966725E-06
45.925	6.30017926597798E-10	1.24322585206167E-08	1.7423030550506E-06	2.98020391115567E-07	1.71637432309832E-06
46.0916667	3.06026525997543E-10	1.60590440109026E-08	1.88559904240802E-06	3.01380886494729E-07	1.75105337594145E-06
46.2583333	5.14357540648962E-10	1.54746983345198E-08	2.16125094134302E-06	3.23249259608629E-07	1.85291020053516E-06
46.425	9.57366737127969E-10	1.57283779194566E-08	2.30124527512212E-06	3.39459794026975E-07	1.85178704066615E-06
46.5916667	7.95409714159523E-10	1.35965176362413E-08	2.41129519250891E-06	3.51732034971935E-07	1.81211473548344E-06
46.7583333	6.1604174190219E-10	1.70520682502332E-08	2.4349011675142E-06	3.63129751486688E-07	1.71787028327941E-06
46.925	8.15103844908703E-10	1.88889246945639E-08	2.29931504500054E-06	3.63575941529635E-07	1.5694088135267E-06
47.0916667	5.6159442225028E-10	1.357231005107E-08	2.40538828354838E-06	3.63173225606084E-07	1.58658278754319E-06
47.2583333	9.11327263778898E-10	1.30818436860629E-08	2.55759711684612E-06	3.84779669043411E-07	1.60038593606612E-06
47.425	4.30529532771349E-10	1.35342827838703E-08	2.64456476126045E-06	4.00817528243392E-07	1.60052748560325E-06
47.5916667	6.93545421438715E-10	1.52886230366177E-08	2.59824043407785E-06	4.05516318097114E-07	1.46330716020553E-06
47.7583333	4.32568096188471E-10	1.14255547152453E-08	2.76239326670785E-06	4.16616765338816E-07	1.50779828104762E-06
47.925	3.50073612490028E-10	1.53915807519321E-08	2.71213744635073E-06	4.27944358467419E-07	1.39452364817248E-06
48.0916667	8.20749700249933E-10	1.60225470498928E-08	2.65237141110201E-06	4.28518536962899E-07	1.31102997416665E-06
48.2583333	4.62995921862945E-10	1.72205971535408E-08	2.67566527013991E-06	4.28248172567045E-07	1.28559983152232E-06
48.425	8.51722170538664E-10	1.53168341788651E-08	2.68913130809161E-06	4.44527913244275E-07	1.22158713433636E-06
48.5916667	6.95510194793156E-10	1.63561879806716E-08	2.78708004597965E-06	4.49472484115688E-07	1.21766364482345E-06
48.7583333	6.43070085473264E-10	1.67273704856621E-08	2.89811258863967E-06	4.69769414964128E-07	1.22218359405116E-06
48.925	4.85612626656842E-10	1.36952444497074E-08	2.92232005672193E-06	4.84856718287598E-07	1.1776261231803E-06
49.0916667	3.45393328035293E-10	1.71754055368399E-08	2.86407199630497E-06	4.84650386349881E-07	1.09382219908055E-06
49.2583333	6.76527367418262E-10	1.3564083135675E-08	2.96438435779898E-06	4.89717703895975E-07	1.08448186814311E-06
49.425	5.62058858868093E-10	1.65226381770117E-08	3.10276468520493E-06	5.2101977134295E-07	1.13436672822481E-06
49.5916667	8.42729099772177E-10	1.52350101363722E-08	3.09955672482537E-06	5.31580085862411E-07	1.06781458712127E-06
49.7583333	5.24494290763017E-10	1.58480992243384E-08	3.15862886612159E-06	5.40793693317191E-07	1.06174389832543E-06
49.925	4.70790237877731E-10	1.44499915643792E-08	3.18053529100613E-06	5.58403805211178E-07	1.03672132289084E-06
50.0916667	9.0859405477352E-10	1.56870379541213E-08	3.16381199374202E-06	5.5518229657182E-07	9.46794897933211E-07
50.2583333	3.70634749808177E-10	1.62235594641528E-08	3.19710373961813E-06	5.65346113542025E-07	9.11566665842771E-07
50.425	8.46609327504927E-10	1.6759001840352E-08	3.17824324137761E-06	5.72281322535293E-07	8.67036646767532E-07
50.5916667	3.90056831565322E-10	1.85626772281347E-08	3.22997413107483E-06	5.78127873272197E-07	8.51245099569704E-07
50.7583333	4.37507185973048E-10	1.58929375799168E-08	3.24596882735367E-06	5.93517862285524E-07	7.99755206276074E-07
50.925	8.13816684784263E-10	1.23120727366824E-08	3.40410871365172E-06	6.1574191775992E-07	8.62898432835555E-07
51.0916667	5.78657197910241E-10	1.50103751129619E-08	3.55480348654403E-06	6.72912336650582E-07	9.19773682604237E-07
51.2583333	4.1329115573782E-10	1.40845200325802E-08	3.59809757804801E-06	7.04229115774571E-07	9.11799587053844E-07
51.425	8.51637789128202E-10	1.53861010412016E-08	3.60030271477369E-06	7.26250595881972E-07	8.81266235879869E-07
51.5916667	4.38141280380932E-10	1.58900707899471E-08	3.63600036675952E-06	7.26538217676583E-07	8.51842997091001E-07
51.7583333	3.61309076980352E-10	1.70569015828308E-08	3.61839998134424E-06	7.36174011275415E-07	7.72174698905893E-07
51.925	7.47888185519357E-10	1.30606189527109E-08	3.53099262653252E-06	7.12017016235687E-07	6.77237760707487E-07
52.0916667	3.26189122980079E-10	1.70504954177779E-08	3.50081061906373E-06	7.18410878256193E-07	6.55292207145799E-07
52.2583333	5.24942546270784E-10	1.79831126743659E-08	3.51814834305414E-06	7.16894946039107E-07	6.20005848219007E-07
52.425	3.12781751820069E-10	1.71969786735374E-08	3.54915215376898E-06	7.42645397030734E-07	6.17902048391496E-07
52.5916667	4.95675555815241E-10	1.62397954972626E-08	3.57147670672827E-06	7.5339241254022E-07	6.02984372912496E-07
52.7583333	7.33124431213675E-10	1.39430341274651E-08	3.46985126046646E-06	7.81557199231498E-07	5.94109464210798E-07
52.925	6.59028253940651E-10	1.65378004016264E-08	3.44870780237504E-06	7.71717159448171E-07	5.54040383139484E-07
53.0916667	5.5320388052485E-10	1.20278881122955E-08	3.53629112693962E-06	7.69322420924561E-07	5.16472872836866E-07
53.2583333	4.24253018963047E-10	1.55281353912293E-08	3.63588284334923E-06	7.82625646423394E-07	4.96925137623454E-07
53.425	5.86184466485044E-10	1.41240099448485E-08	3.64662034128534E-06	8.25888992288231E-07	4.89512617598878E-07
53.5916667	5.54775654863126E-10	1.57812609168617E-08	3.5879765095563E-06	8.09915323585738E-07	4.38311696933382E-07
53.7583333	4.18964492900838E-10	1.52390684230263E-08	3.57121911594584E-06	7.94890832237136E-07	4.10734262786385E-07
53.925	6.1467075908559E-10	1.48588148512107E-08	3.64677180276523E-06	8.23140988552951E-07	4.16605057032176E-07
54.0916667	4.30288646512989E-10	1.63593018785589E-08	3.69333466591045E-06	8.49078449646614E-07	4.09284891186403E-07
54.2583333	4.99849368944222E-10	1.42804135445401E-08	3.74525290712453E-06	8.8462897262611E-07	4.12859162813186E-07
54.425	7.66582472766724E-10	1.21964641172394E-08	3.76491502750762E-06	9.09512538008935E-07	4.07398092626003E-07
54.5916667	8.47382471107944E-10	1.35656056984592E-08	3.79587698498238E-06	9.43286980941561E-07	3.97058528380125E-07
54.7583333	4.19584006918236E-10	1.34946184654979E-08	3.79189503488497E-06	9.38981340890142E-07	3.72207975932595E-07
54.925	8.52832367633948E-10	1.76068598136428E-08	3.87289388473824E-06	1.0033231305401E-06	4.05504249945535E-07
55.0916667	6.27881704756879E-10	1.41438797926226E-08	3.82717879327954E-06	1.00378204447237E-06	3.60713970814853E-07
55.2583333	4.13690028930613E-10	1.46359695913087E-08	3.7954683187736E-06	9.92128426086719E-07	3.24272763498075E-07
55.425	4.80765838160767E-10	1.5224340375061E-08	3.79112887785474E-06	9.9515600468415E-07	3.12374749828116E-07
55.5916667	6.61953415101895E-10	1.60892656938098E-08	3.80876076579886E-06	1.00075527588918E-06	3.09943661526828E-07
55.7583333	4.53946791179277E-10	1.52829410576791E-08	3.83071536803614E-06	1.05394865154942E-06	3.12614580817968E-07
55.925	4.44328468039251E-10	1.36762316794083E-08	3.851012823069E-06	1.12394535661911E-06	3.45167010482671E-07
56.0916667	2.76585258324879E-10	1.63607444899427E-08	3.91146366398772E-06	1.20555206348861E-06	3.81749122421766E-07
56.2583333	3.21589799150377E-10	1.36494344339508E-08	3.91922103774863E-06	1.2324856809805E-06	3.48585367810034E-07
56.425	7.44680922496326E-10	1.29846535244907E-08	3.84999868012546E-06	1.18150463675076E-06	2.8631849908238E-07
56.5916667	4.20869075829087E-10	1.63592546024082E-08	3.77542220479382E-06	1.1108401157992E-06	2.42473747396009E-07
56.7583333	6.05749564637491E-10	1.83517990956905E-08	3.75621108521957E-06	1.09735210748749E-06	2.29979235415825E-07
56.925	3.38922277397901E-10	1.6670489873725E-08	3.84221759151485E-06	1.14939946444583E-06	2.44705408411148E-07
57.0916667	2.81706320830641E-10	1.28585722686977E-08	3.78014576081639E-06	1.17924532114568E-06	2.24297412846552E-07
57.2583333	4.09295494440706E-10	1.5489123213464E-08	3.68978916399336E-06	1.10674276777527E-06	1.85960402475818E-07
57.425	4.17953572551933E-10	1.42414833705655E-08	3.65055525307488E-06	1.08298074211071E-06	1.75474960474013E-07
57.5916667	6.09182347980201E-10	1.34843064554778E-08	3.66510954542892E-06	1.07000409296585E-06	1.73194949518618E-07
57.7583333	3.67062808928766E-10	1.49268408975065E-08	3.74015234643171E-06	1.13053984574363E-06	1.72195878316014E-07
57.925	5.45843339962264E-10	1.59072794215584E-08	3.72684390675722E-06	1.15222632148549E-06	1.56747397342817E-07
58.0916667	3.63332823626905E-10	1.70681364351048E-08	3.68826529866502E-06	1.12748405027085E-06	1.46052996258353E-07
58.2583333	4.67150781627144E-10	1.40301395898299E-08	3.69034278036633E-06	1.11700053094454E-06	1.39717430308165E-07
58.425	3.44364877016999E-10	1.69078891430862E-08	3.68666436735862E-06	1.13833264933355E-06	1.36601118026619E-07
58.5916667	5.78413315257513E-10	1.35663574068998E-08	3.66966701568892E-06	1.17944291796374E-06	1.34856083917441E-07
58.7583333	5.0604393163634E-10	1.73226471821538E-08	3.6453372069275E-06	1.1687846033263E-06	1.25614626650393E-07
58.925	1.85482087924661E-10	1.49475427768349E-08	3.63410519448708E-06	1.18420244634664E-06	1.25754170164676E-07
59.0916667	3.28502485438188E-10	1.51181772993311E-08	3.61979045486431E-06	1.19516229932526E-06	1.18489692142791E-07
59.2583333	5.29198881488583E-10	1.17163081294489E-08	3.56983967791737E-06	1.19050448720169E-06	1.11669996071388E-07
59.425	3.40879371909322E-10	1.52595867283355E-08	3.45644605373697E-06	1.11495366368859E-06	9.99559301230333E-08
59.5916667	2.83045663103053E-10	1.53145960327022E-08	3.41513271500706E-06	1.07571074556497E-06	9.60284433914014E-08
59.7583333	3.33823912692054E-10	1.54313694439446E-08	3.53993569078918E-06	1.16843776753929E-06	1.0323134620412E-07
59.925	3.93031838677818E-10	1.46030888131852E-08	3.58417216630846E-06	1.30197720471046E-06	1.10582250705061E-07
60.0916667	4.74377127956478E-10	1.66802851434071E-08	3.5004588342644E-06	1.29027741521197E-06	1.00925204949699E-07
60.2583333	6.31812289858799E-10	1.51393916812287E-08	3.47844907367261E-06	1.22828474735721E-06	9.45050438030433E-08
60.425	4.63074153369917E-10	1.5231060526012E-08	3.52889622785238E-06	1.28964892490861E-06	9.43477807792741E-08
60.5916667	2.82893097118298E-10	1.5664138926176E-08	3.58920267210145E-06	1.38321841995916E-06	9.57062196770134E-08
60.7583333	2.69583852431903E-10	1.48797652914056E-08	3.58837478575836E-06	1.47133437855663E-06	1.01398520574508E-07
60.925	6.82182752370382E-10	1.2535113345792E-08	3.59082025765841E-06	1.48369649605604E-06	9.39871638148182E-08
61.0916667	4.11410321483559E-10	1.54779360165279E-08	3.60054494218507E-06	1.54830574115371E-06	1.0659550319116E-07
61.2583333	3.23825621052949E-10	1.38414522762653E-08	3.53072952984372E-06	1.55710445964872E-06	9.11804403286374E-08
61.425	5.82591906052221E-10	1.41925553597161E-08	3.42200679874524E-06	1.35575170346845E-06	7.81488493524649E-08
61.5916667	2.76688682678272E-10	1.68660362416288E-08	3.42647635111183E-06	1.30226435603885E-06	7.7344838737567E-08
61.7583333	5.26699751746233E-10	1.36257143590311E-08	3.45820702844811E-06	1.40462399476752E-06	7.84131168537585E-08
61.925	4.06404089828672E-10	1.41677500553828E-08	3.45388228266759E-06	1.50106870623637E-06	7.88215598883126E-08
62.0916667	6.02992227123912E-10	1.54866018602026E-08	3.40208230176058E-06	1.43837834212177E-06	7.33204535389204E-08
62.2583333	4.02663211878393E-10	1.66219832945928E-08	3.40240904329624E-06	1.42839456185445E-06	7.43191388475252E-08
62.425	3.18371857423023E-10	1.44342943632898E-08	3.39804377193022E-06	1.50013985539385E-06	7.33238447250307E-08
62.5916667	3.0519367011325E-10	1.25199805894817E-08	3.36954958968476E-06	1.48844338983904E-06	6.96183237796531E-08
62.7583333	2.74277595637068E-10	1.38110131213805E-08	3.37751238517964E-06	1.52999055453844E-06	7.16892946438934E-08
62.925	5.40255844254283E-10	1.44879267260249E-08	3.34113360206843E-06	1.53103711509398E-06	6.85386733618228E-08
63.0916667	6.23399306974234E-10	1.41423607591177E-08	3.31683253541123E-06	1.54703010878326E-06	6.68792868419627E-08
63.2583333	2.79114200726438E-10	1.29411464292089E-08	3.24437999567521E-06	1.47334514229069E-06	6.66424906324206E-08
63.425	6.78767422127839E-10	1.53432933753274E-08	3.23415521876461E-06	1.47106369299516E-06	6.17569368172694E-08
63.5916667	6.4688038168275E-10	1.70333610849199E-08	3.21284501179207E-06	1.47750530725843E-06	6.77544343192747E-08
63.7583333	1.9534659196308E-10	1.26298135536355E-08	3.20207757274454E-06	1.50922365402052E-06	6.4555250628356E-08
63.925	3.72442806755696E-10	1.2779025734379E-08	3.12356998399083E-06	1.49610554284426E-06	6.07248990835137E-08
64.0916666999999	3.23575189920554E-10	1.41341666170664E-08	2.91263041763226E-06	1.36735658866694E-06	6.17589704731105E-08
64.2583333	8.63040043380522E-11	1.31891031580674E-08	2.78702667638961E-06	1.23897013475238E-06	5.86098870906018E-08
64.425	1.94409392251011E-10	1.42423499017507E-08	2.85961821946617E-06	1.23046808701793E-06	5.77852505547354E-08
64.5916666999999	1.04619047638671E-10	1.29444982937088E-08	2.98135761519536E-06	1.37535218420556E-06	6.2362571295364E-08
64.7583333	3.20608835370088E-10	1.34054737396877E-08	2.98317930184495E-06	1.47172962532784E-06	6.13069599962806E-08
64.925	3.95349734136825E-10	1.4546149312247E-08	2.98428992679962E-06	1.48799892504783E-06	6.01618729099156E-08
65.0916666999999	5.79184103348851E-10	1.64140182535145E-08	2.97857026171266E-06	1.52617068684914E-06	6.02090686229055E-08
65.2583333	5.21953891584846E-10	1.15474000979052E-08	2.90634665693783E-06	1.53348712078995E-06	5.94647387829905E-08
65.425	3.79759459664668E-10	1.32931268695978E-08	2.81315771856548E-06	1.48049764838194E-06	5.97981852038178E-08
65.5916666999999	4.73512789723507E-10	1.37545776051044E-08	2.77071811186125E-06	1.50048525199251E-06	5.9754201534252E-08
65.7583333	5.22988594792138E-10	1.22371562661349E-08	2.74332717417414E-06	1.53206445506018E-06	5.88510861591168E-08
65.925	2.33512334632418E-10	1.1221141258243E-08	2.81665805876851E-06	1.57797938664447E-06	5.97390016520201E-08
66.0916666999999	1.81869736911039E-10	1.44332325683089E-08	2.79553212867591E-06	1.61433342903875E-06	6.22404609938765E-08
66.2583333	2.71399415185016E-10	1.32430751209534E-08	2.7793936240703E-06	1.59914377480107E-06	6.08688487966207E-08
66.425	3.43137991895689E-10	1.48438670119993E-08	2.86840404241115E-06	1.6897992543343E-06	5.64677388229551E-08
66.5916666999999	7.77468427621316E-10	1.36018370303138E-08	2.84348076762732E-06	1.77506520495323E-06	5.88388924386815E-08
66.7583333	4.56044794260263E-10	1.32841967587729E-08	2.77720988705185E-06	1.74561744292479E-06	6.02740084060567E-08
66.925	5.16271325647461E-10	1.40446852637569E-08	2.80740463407302E-06	1.7796920504755E-06	5.74850219600064E-08
67.0916666999999	5.13717242329506E-10	1.43380464750924E-08	2.74249132119254E-06	1.80125429793731E-06	5.77888087096842E-08
67.2583333	3.61623791111298E-10	1.35565587046728E-08	2.69783122994734E-06	1.74821735034101E-06	5.9123625685949E-08
67.425	4.35380007434734E-10	1.45778341544835E-08	2.78269751277995E-06	1.84580468580015E-06	5.78823447262555E-08
67.5916666999999	4.61317133297703E-10	1.33093680784052E-08	2.76301876686901E-06	1.92099968517087E-06	5.83847261603746E-08
67.7583333	3.35340752738389E-10	1.65174181727989E-08	2.80560640468214E-06	1.97183338214601E-06	5.9198520440743E-08
67.925	3.28950772857051E-10	1.52267047318786E-08	2.82367506795528E-06	2.06009341318529E-06	5.6670022857396E-08
68.0916666999999	3.5606816197579E-10	1.31242494988518E-08	2.83442968082177E-06	2.12517543842165E-06	6.04170988886789E-08
68.2583333	1.50666648242421E-10	1.30664651734507E-08	2.7595800987359E-06	2.12389459409036E-06	5.79061040863097E-08
68.425	1.30742502074859E-10	1.47291076198885E-08	2.63460337093176E-06	2.04323028740423E-06	5.676120533764E-08
68.5916666999999	2.11633321833822E-10	1.33916014334523E-08	2.57237423024706E-06	1.9902947751203E-06	5.58028769298347E-08
68.7583333	3.24036056310515E-10	1.37636674457834E-08	2.51748827010897E-06	1.97888624741173E-06	5.71751200419271E-08
68.925	5.09200701066514E-10	1.56676041057999E-08	2.40518562257255E-06	1.91318031361017E-06	5.52117044177012E-08
69.0916666999999	3.71885158593323E-10	1.32062175706951E-08	2.30827252371812E-06	1.86880499031273E-06	5.45357837944551E-08
69.2583333	3.22483796979932E-10	1.36897652696422E-08	2.20916764786135E-06	1.81670857278508E-06	5.49990313250269E-08
69.425	4.03486594281436E-10	1.15767943038942E-08	2.16005038411936E-06	1.79767801196502E-06	5.45229349203008E-08
69.5916666999999	2.13423290420517E-10	1.20188004283201E-08	2.13655312988446E-06	1.82796806269909E-06	5.55549155012223E-08
69.7583333	1.97533483578866E-10	1.273555092923E-08	2.12198737770664E-06	1.83283939202185E-06	5.73260531158535E-08
69.925	3.05123334417432E-10	1.16081835934937E-08	2.2063939568576E-06	1.94866788953865E-06	5.48200559287842E-08
70.0916666999999	5.069827913437E-10	1.19719376387227E-08	2.13199834975416E-06	1.95160231192296E-06	5.86848582638772E-08
70.2583333	2.86072753888269E-10	1.07088831551314E-08	2.03139107580519E-06	1.89687866109586E-06	5.49591841008678E-08
70.425	3.11337107552417E-10	1.15719422474602E-08	1.86693010713313E-06	1.85523670967663E-06	5.49981152006456E-08
70.5916666999999	3.07376147203142E-10	1.17392898846125E-08	1.79328628811876E-06	1.79466508224667E-06	5.58164546481892E-08
70.7583333	4.09512806749095E-10	1.03912421321322E-08	1.78766851431931E-06	1.77221423233467E-06	5.68643579316844E-08
70.925	2.41623375057775E-10	1.33668694606704E-08	1.83195181971913E-06	1.83484181679204E-06	5.3539551072676E-08
71.0916666999999	2.55832783130527E-10	1.23620441915469E-08	1.83407848297409E-06	1.88780904211715E-06	5.5231524395873E-08
71.2583333	1.94655744618183E-10	1.43769856028475E-08	2.02183186538022E-06	2.01025338287608E-06	5.84768387326217E-08
71.425	2.45181993561012E-10	1.17570842221986E-08	2.20710024271987E-06	2.2666580969908E-06	5.70493277608304E-08
71.5916666999999	2.2235442951124E-10	1.25423065222508E-08	2.20984457911044E-06	2.3791977360935E-06	5.51996702570511E-08
71.7583333	3.07522235513902E-10	1.27976195237481E-08	2.07093988408605E-06	2.31030977032107E-06	5.55492337455497E-08
71.925	2.21975630054591E-10	9.48323444254882E-09	1.86281375050168E-06	2.18804592771053E-06	5.74217606382775E-08
72.0916666999999	2.11513487345481E-10	1.16667970418034E-08	1.87212441813745E-06	2.13565401227086E-06	5.7568598211453E-08
72.2583333	2.35132395073934E-10	1.25229371881617E-08	1.88470775834751E-06	2.23911343264496E-06	5.32386992724753E-08
72.425	7.47643272071191E-11	1.26922967481651E-08	1.74108545809796E-06	2.18175282764795E-06	5.64441886262329E-08
72.5916666999999	3.847233101175E-10	1.04706945673151E-08	1.64480964466929E-06	2.13866719240775E-06	5.62439833671126E-08
72.7583333	2.07642149746333E-10	9.5769586497667E-09	1.58232346788064E-06	2.1291575326061E-06	5.67945219043806E-08
72.925	1.26471192303202E-10	1.13144346406708E-08	1.4330068262681E-06	2.05075294000178E-06	5.43914278060462E-08
73.0916666999999	1.74058751771199E-10	1.01740793019475E-08	1.34904809076266E-06	1.94206004307902E-06	5.42249293011965E-08
73.2583333	2.44061724359141E-10	1.26300051418186E-08	1.2606191909921E-06	1.90489168429318E-06	5.67144887003432E-08
73.425	2.94052672618804E-10	1.12336968093942E-08	1.25762939687547E-06	1.91852259653086E-06	5.53121810965343E-08
73.5916666999999	4.62034436547609E-10	1.24276645565723E-08	1.31059861224315E-06	1.9788645250093E-06	5.29137597398129E-08
73.7583333	2.01348182605946E-10	1.15323492517142E-08	1.44482526639439E-06	2.14064575436987E-06	5.36032179710593E-08
73.925	2.16702887605485E-10	9.74156527984848E-09	1.24747780073697E-06	2.12432979254164E-06	5.71902205447154E-08
74.0916666999999	2.16707501867752E-10	9.33776347149211E-09	1.09710524249826E-06	1.93449653949245E-06	5.5543848233693E-08
74.2583333	2.4676687103228E-10	1.04840354592327E-08	1.08848883157516E-06	1.93329034606474E-06	5.56792779153109E-08
74.425	2.2538947124838E-10	1.0915677880823E-08	1.24751809597938E-06	2.0541100211539E-06	5.29347416815254E-08
74.5916666999999	1.58143450425034E-10	1.19299975528497E-08	1.30150111844544E-06	2.2498366554216E-06	5.61939955315672E-08
74.7583333	5.29944802284981E-11	9.32212874537443E-09	1.16479792318172E-06	2.16749588533449E-06	5.57363380192858E-08
74.925	2.31641429707551E-10	1.00714748402151E-08	1.1180876061471E-06	2.13760605651137E-06	5.46700268858463E-08
75.0916666999999	3.01204550314589E-10	9.42707541979658E-09	1.07868588882243E-06	2.10819050599162E-06	5.45057734292628E-08
75.2583333	2.09043171019968E-10	9.7697180273178E-09	1.10458104614307E-06	2.15973767443689E-06	5.42538076230127E-08
75.425	8.77954608890336E-11	1.29179075380342E-08	1.2190329108789E-06	2.29781104486132E-06	5.48267293743635E-08
75.5916666999999	1.34253350351735E-10	1.24849609612487E-08	1.24431061300196E-06	2.44997432631873E-06	5.1966213954707E-08
75.7583333	4.76610562387833E-11	1.33328376167437E-08	1.20254156104963E-06	2.43908550564073E-06	5.39550248223779E-08
75.925	1.24596453145807E-10	1.09115753192921E-08	1.16378427925947E-06	2.43079228870457E-06	5.50441040560609E-08
76.0916666999999	1.45304472294406E-10	1.02600339761211E-08	1.09929698098786E-06	2.39120308648838E-06	5.33262093306843E-08
76.2583333	2.15043132229337E-10	1.06739833060705E-08	1.04290940053618E-06	2.40625831472992E-06	5.27422212534814E-08
76.425	1.91353391453039E-10	1.13661413067092E-08	9.79386419629425E-07	2.32321233621774E-06	5.34164161912968E-08
76.5916666999999	1.08140390833363E-10	1.22231923553536E-08	1.00536286673087E-06	2.37699871735696E-06	5.56431664316377E-08
76.7583333	1.47146626846388E-10	1.09637394327266E-08	1.03230575341594E-06	2.45220291100005E-06	5.21590028038476E-08
76.925	6.59306822204862E-11	1.10015020281302E-08	1.05343160629426E-06	2.52577812236477E-06	5.36437112405806E-08
77.0916666999999	1.22273769512754E-10	1.05421701891528E-08	1.01799559136942E-06	2.58029826799571E-06	5.69888328631675E-08
77.2583333	1.1256158042938E-10	9.17651790319368E-09	9.39904980891358E-07	2.49167057450891E-06	5.68193869320463E-08
77.425	3.14819006936388E-10	9.05563963562601E-09	1.01277240507835E-06	2.57082914115493E-06	5.41707051135417E-08
77.5916666999999	2.02033650776025E-10	9.42901593178742E-09	1.08983076969576E-06	2.78019211386561E-06	5.55772445201814E-08
77.7583333	7.95792151822244E-11	1.28230564466225E-08	9.7716580315551E-07	2.73193624622351E-06	5.38038824966367E-08
77.925	2.46751715512349E-10	9.89990272616815E-09	9.04065869739048E-07	2.63570698796219E-06	5.71052822151772E-08
78.0916666999999	2.72103678330744E-10	1.1372698071377E-08	8.31787896133978E-07	2.55325878120808E-06	5.45571353043771E-08
78.2583333	1.31531283760012E-10	1.10173324432374E-08	7.47534719377112E-07	2.47375021702407E-06	5.19739605995146E-08
78.425	8.41234964205634E-11	1.13371736748195E-08	7.50130358745398E-07	2.45095525207573E-06	5.36299711358394E-08
78.5916666999999	9.89434544963789E-11	1.00743868932889E-08	7.45077651868486E-07	2.53967218313204E-06	5.35216328566303E-08
78.7583333	2.02318919498911E-11	8.52345094707003E-09	7.44203271417755E-07	2.5417031946234E-06	5.14564583282085E-08
78.925	1.45596480178594E-10	9.06395658578676E-09	7.47483548086348E-07	2.61385985646022E-06	5.16412438444422E-08
79.0916666999999	2.44359279622625E-11	9.03725491830793E-09	7.97204445604179E-07	2.71082793538682E-06	5.41460599049824E-08
79.2583333	1.07870896353066E-10	7.70323356648866E-09	7.78858658640082E-07	2.75817694995669E-06	5.48208403254181E-08
79.425	4.73368373240326E-11	1.08470485380529E-08	8.33774034347294E-07	2.85449166638079E-06	5.21721718668187E-08
79.5916666999999	2.98647538164036E-11	9.12675110413886E-09	8.59447984322438E-07	2.98186930511569E-06	5.22977942379252E-08
79.7583333	1.65728783240456E-10	1.01494196634989E-08	9.00469356089308E-07	3.12492780688439E-06	5.53607453294206E-08
79.925	1.43128417850263E-10	1.1052582527805E-08	8.60008191705352E-07	3.13818750913909E-06	5.46878803817343E-08
80.0916666999999	8.68594209641043E-11	8.13111441812732E-09	7.95017460379053E-07	3.07095732895773E-06	5.50037701591869E-08
80.2583333	1.01256897184945E-10	9.46483539481277E-09	7.63875188670498E-07	3.03462785518881E-06	5.59367216578018E-08
80.425	1.5958349686412E-10	1.06445407466235E-08	6.70674999359242E-07	2.94419031557096E-06	5.55430328568721E-08
80.5916666999999	1.55865698610661E-10	8.31543541169592E-09	6.61148484695794E-07	2.87877794861907E-06	5.63105350506451E-08
80.7583333	3.06918882695161E-10	6.19190096098609E-09	6.53048494309532E-07	2.93841848080594E-06	5.51532099597154E-08
80.925	4.0412724076722E-12	1.20422204483534E-08	6.41668543557884E-07	2.96025862363892E-06	5.21942511665017E-08
81.0916666999999	1.97157783264871E-10	8.70462476739879E-09	5.6481474041631E-07	2.85821917447918E-06	5.34024817101913E-08
81.2583333	2.51699614545516E-10	9.64793918253294E-09	5.2549989648672E-07	2.7751556838873E-06	5.45110100370024E-08
81.425	1.12627626520726E-10	8.60855819614774E-09	5.1269336341324E-07	2.78195556728991E-06	5.29112813408746E-08
81.5916666999999	1.18235328463984E-10	9.51036474033964E-09	5.20399650725249E-07	2.80197674465938E-06	5.49710562680601E-08
81.7583333	9.99594803098873E-11	6.90216721594797E-09	4.90691793885417E-07	2.86313620230381E-06	5.53934606501326E-08
81.925	7.66582792884897E-11	9.12417759191328E-09	4.47025171277025E-07	2.75955830845698E-06	5.34887183882819E-08
82.0916666999999	1.38483461941388E-10	8.78025910759971E-09	4.41903463994647E-07	2.75136936284902E-06	5.48171003477368E-08
82.2583333	1.05703104993412E-10	9.36792167067893E-09	3.76322094588942E-07	2.69343489624725E-06	5.59448025186997E-08
82.425	1.66295824619291E-10	7.90860225835485E-09	3.21029166565896E-07	2.46612674527978E-06	5.47557564779199E-08
82.5916666999999	6.03137064578206E-11	9.155304504893E-09	3.31667550577085E-07	2.46861121854012E-06	5.40139450112868E-08
82.7583333	1.1540728722825E-10	1.04175666588386E-08	3.48414785051694E-07	2.64655106206354E-06	5.39351786173317E-08
82.925	3.00375388286447E-10	8.36819521625745E-09	3.34327117553973E-07	2.61255386268628E-06	5.49804047085178E-08
83.0916666999999	9.31652250934073E-11	7.90261824438286E-09	3.50640370526796E-07	2.70615309606217E-06	5.57795744222927E-08
83.2583333	3.56662676696111E-10	8.82631330287135E-09	3.65187705038141E-07	2.80237626878655E-06	5.39346309723221E-08
83.425	1.75206287134922E-10	1.03945392168119E-08	3.67371213066226E-07	2.85581429063952E-06	5.15782322068187E-08
83.5916666999999	7.05960109919962E-11	7.54995757756641E-09	3.68543362996007E-07	2.90472516068695E-06	5.29012768079316E-08
83.7583333	1.22644973811993E-10	8.25720252867956E-09	3.28099853108083E-07	2.84161490998175E-06	5.6520872674856E-08
83.925	1.33368333152326E-10	8.3849684059879E-09	2.83904588809563E-07	2.70339029683672E-06	5.50765837164089E-08
84.0916666999999	2.20902786859924E-10	8.13598695508196E-09	2.80513376803531E-07	2.70571717503056E-06	5.38440432565816E-08
84.2583333	1.65988742480545E-10	5.74540024775842E-09	2.56510933372991E-07	2.65578077453174E-06	5.16416279392718E-08
84.425	2.22680309743438E-10	5.87579397301873E-09	2.75230298744113E-07	2.7329939790534E-06	5.40111673550734E-08
84.5916666999999	3.97953799507107E-11	9.17885140693267E-09	2.77804823619454E-07	2.84000404920749E-06	5.40365353939698E-08
84.7583333	1.05774625243925E-10	6.85800833175771E-09	2.71812472424209E-07	2.83908687642316E-06	5.38214566257969E-08
84.925	2.21328007851652E-10	6.88283685150501E-09	2.96230803731579E-07	2.95625419041638E-06	5.31169066092889E-08
85.0916666999999	3.01017631430674E-10	7.94096106132506E-09	2.93215112652219E-07	3.04139620583808E-06	5.38898523464332E-08
85.2583333	1.27416718554999E-10	8.12129894218411E-09	2.89387152495968E-07	2.99420778491812E-06	5.4491815295665E-08
85.425	1.87641264019466E-10	8.91082572114804E-09	2.99715568858111E-07	3.10930542383786E-06	4.88219944299323E-08
85.5916666999999	3.99514104324014E-10	6.9061970152625E-09	3.08496558666532E-07	3.22852350102921E-06	5.22609987535364E-08
85.7583333	9.31156295001221E-11	6.87175114003625E-09	3.14677373907105E-07	3.3213307083292E-06	5.41621005214002E-08
85.925	6.33236084516601E-11	9.65333980138301E-09	2.72412149273555E-07	3.17184805408135E-06	5.49657753914558E-08
86.0916666999999	1.70249580872451E-10	7.17946376435579E-09	2.64194487925114E-07	3.13520829966808E-06	5.22356360185596E-08
86.2583333	1.80646486834284E-10	7.74866572862396E-09	2.16432031770263E-07	2.9857725190152E-06	5.59558290885037E-08
86.425	1.97854749279162E-10	8.87777750844279E-09	1.98136679706844E-07	2.84958169067363E-06	5.34121788452513E-08
86.5916666999999	3.49539576262688E-11	7.97538415764787E-09	2.24609679043738E-07	2.98131597595446E-06	5.31393671267652E-08
86.7583333	4.61440209717835E-11	9.70333272644576E-09	2.18674035110086E-07	3.02482603920951E-06	5.17140341707739E-08
86.925	2.73653332831583E-11	6.58875580798754E-09	2.26435035985108E-07	3.19522844468542E-06	5.35660559239981E-08
87.0916666999999	9.42053753751804E-11	7.60307290736179E-09	1.89699290730966E-07	3.03734606287088E-06	5.40120307273379E-08
87.2583333	5.70893863878463E-11	9.510205526544E-09	1.79899271115103E-07	2.93283577815267E-06	5.32062943634245E-08
87.425	9.85046078748975E-11	7.00548379176654E-09	1.81570977485932E-07	2.96654087594631E-06	5.12371619603235E-08
87.5916666999999	1.25159350919997E-10	6.30687471655413E-09	1.71352488411153E-07	2.96853548058538E-06	5.3969374466664E-08
87.7583333	6.284102971022E-11	8.89835238482833E-09	1.72534057878391E-07	2.99230493982125E-06	5.3351166079712E-08
87.925	6.26163448309974E-11	5.20582926298102E-09	2.10646375936644E-07	3.25106929407618E-06	5.29601883266994E-08
88.0916666999999	1.58998302689753E-10	9.39967682880481E-09	2.36357804527213E-07	3.53969374595465E-06	5.38837439019872E-08
88.2583333	2.88167689430002E-10	9.19665509495361E-09	2.09138820618549E-07	3.48175812896393E-06	5.50158779786457E-08
88.425	5.32690290205872E-11	5.35119546967078E-09	1.92545485658309E-07	3.40314490565394E-06	5.20193018414045E-08
88.5916666999999	2.86569509872766E-11	7.04638953795551E-09	1.9600507874521E-07	3.38256775113002E-06	5.46358148360621E-08
88.7583333	6.34985999902775E-11	6.13989499395893E-09	1.86751687885242E-07	3.43270298280039E-06	5.36048984728712E-08
88.925	8.33364376511563E-11	6.94862135823488E-09	1.77611500679381E-07	3.36370699377356E-06	5.30188708227731E-08
89.0916666999999	1.03998220936041E-10	6.90649379221001E-09	1.51514124957907E-07	3.24741794456999E-06	5.35131997337077E-08
89.2583333	3.04564250151971E-11	7.77449214147099E-09	1.17248966501553E-07	2.91951154294937E-06	5.35214143069284E-08
89.425	1.39201838515027E-10	7.12450825747954E-09	1.12223084072974E-07	2.83056667538096E-06	5.03653493338629E-08
89.5916666999999	4.59518814876133E-11	6.1821517065031E-09	1.06531097002361E-07	2.783260402779E-06	5.42889222937535E-08
89.7583333	1.30777019775803E-10	8.75215162619071E-09	1.18400900818807E-07	2.83358095825257E-06	5.38176051270602E-08
89.925	1.29795925405263E-10	7.66426581381625E-09	1.44552322194816E-07	3.14809737806003E-06	5.28378877844693E-08
90.0916666999999	3.43348958042289E-11	7.55688784347506E-09	1.5020516199792E-07	3.3921707321734E-06	5.42171678182292E-08
90.2583333	3.92304551919059E-10	4.92475903507706E-09	1.60122583889166E-07	3.52101164269595E-06	5.34091465177856E-08
90.425	1.27283698668224E-10	6.40551933040139E-09	1.53513997490476E-07	3.5706893225125E-06	5.3917499665627E-08
90.5916666999999	7.9494663241948E-11	5.59403214724407E-09	1.62497634985613E-07	3.70123431314532E-06	5.42793040719575E-08
90.7583333	2.94614173946213E-11	6.18881409632687E-09	1.7299497568744E-07	3.84094218283132E-06	5.36033785846898E-08
90.925	3.66023860001194E-11	7.65510820818169E-09	1.87972110000482E-07	4.03613400296984E-06	5.40180580417361E-08
91.0916666999999	3.79557815509036E-11	4.64891999222886E-09	1.80011717934478E-07	3.98981245896681E-06	5.59272745949675E-08
91.2583333	2.95165530300957E-11	6.43669537477768E-09	2.02102217169667E-07	4.14136971225279E-06	5.22883477562137E-08
91.425	7.67712318014233E-11	6.9740704673005E-09	2.11870318882807E-07	4.3293025431446E-06	5.0974799074718E-08
91.5916666999999	4.03633980896934E-11	9.22360692811103E-09	2.01035984118041E-07	4.30080985249794E-06	5.41424150624325E-08
91.7583333	9.54193906734717E-11	7.33969210972631E-09	1.65204816722799E-07	3.98504944494598E-06	5.35083734754651E-08
91.925	1.35394349423327E-10	6.77028876992525E-09	1.56147913511899E-07	3.83790582890312E-06	5.24628224373926E-08
92.0916666999999	1.8441999034892E-10	7.12233704948963E-09	1.53410413651907E-07	3.82087878225069E-06	5.29665751358468E-08
92.2583333	1.54810954354328E-10	6.34294192984908E-09	1.63646782382279E-07	3.9265370336293E-06	5.42675693190284E-08
92.425	8.68245286254873E-11	7.28147159324184E-09	1.55813037103304E-07	3.80496905447073E-06	5.0130778515747E-08
92.5916666999999	1.10099402283468E-10	8.18543085686339E-09	1.65445283761512E-07	3.98319680314574E-06	5.39286734835606E-08
92.7583333	3.98522226207345E-11	7.27188361378759E-09	1.47841497715621E-07	3.95908500022825E-06	5.34076884267114E-08
92.925	2.84029139792167E-11	7.50003599168055E-09	1.357011753612E-07	3.71478799790315E-06	5.38194379164875E-08
93.0916666999999	9.25551119866278E-12	7.58925906101532E-09	1.45755250899217E-07	3.81793767692015E-06	5.47105055309527E-08
93.2583333	6.90309167876521E-11	7.14421771523649E-09	1.61561591814932E-07	4.06834764729928E-06	5.17286464142732E-08
93.425	1.94294904974609E-10	7.05112163409121E-09	1.68971010769513E-07	4.15562434635341E-06	4.93798489539226E-08
93.5916666999999	6.40927360937944E-11	5.90064382054683E-09	1.78890713418837E-07	4.2289424382419E-06	5.48624822615958E-08
93.7583333	2.89712019662461E-11	6.97716207209232E-09	1.90559797136117E-07	4.38999358759037E-06	5.22950675466781E-08
93.925	2.9259330165784E-11	5.58169243552237E-09	1.55845763375802E-07	4.13543785498768E-06	5.08330040549497E-08
94.0916666999999	3.17859500130535E-11	6.51394270020786E-09	1.36163417477687E-07	3.78069809652303E-06	5.31523222453587E-08
94.2583333	9.94521727356346E-11	7.93178283152659E-09	1.32398943928891E-07	3.70557460871649E-06	5.38636530344462E-08
94.425	5.41883609837748E-12	6.40852929406937E-09	1.40470772385595E-07	3.78957437660544E-06	5.33042983303046E-08
94.5916666999999	1.89827921266736E-11	5.41093699926625E-09	1.43722526172824E-07	3.90671371200085E-06	5.18884394189075E-08
94.7583333	2.71126829116456E-11	7.05697592859607E-09	1.33507114015987E-07	3.76677051872762E-06	5.31594410291863E-08
94.925	2.49811076764035E-11	9.12887935791099E-09	1.35837382846902E-07	3.75405691453095E-06	5.32595472705077E-08
95.0916666999999	1.55456499836875E-10	6.48321163342491E-09	1.46229634783613E-07	3.94769302838862E-06	5.28449548668692E-08
95.2583333	1.30821360671158E-11	6.26375868054767E-09	1.44790463107346E-07	3.89148996617747E-06	5.20215940633198E-08
95.425	1.55337900681379E-11	6.76464924021913E-09	1.42308390500484E-07	3.87720137189413E-06	5.21122179475876E-08
95.5916666999999	7.11069366756148E-11	8.36727816908629E-09	1.49638405336285E-07	4.03733359647455E-06	5.4525185484503E-08
95.7583333	1.48050010388884E-10	5.51063166612441E-09	1.28655736460897E-07	3.81403815145162E-06	5.12367010702352E-08
95.925	8.40192251394411E-11	5.44323730745674E-09	1.1184178297232E-07	3.60465719919983E-06	5.10129654979249E-08
96.0916666999999	1.07132720505262E-10	8.85008646889299E-09	1.04329152074227E-07	3.42423837902684E-06	5.45476113694252E-08
96.2583333	2.40188439684526E-11	7.18443367354815E-09	1.13353879784697E-07	3.50091516453932E-06	5.40486053952338E-08
96.425	1.81984891094302E-10	7.62373438412324E-09	1.36602982504831E-07	3.76343595235354E-06	5.22145169526356E-08
96.5916666999999	4.59968467297674E-11	7.58358781188445E-09	1.56857615630434E-07	4.13257474724763E-06	5.07510148192834E-08
96.7583333	4.78846672000718E-12	8.86854258835283E-09	1.60845043590688E-07	4.25241555957318E-06	5.2304931071214E-08
96.925	7.58523133752737E-11	7.08201603812171E-09	1.45380404308315E-07	4.09423574758079E-06	5.29860271066073E-08
97.0916666999999	2.86238802506723E-11	5.82359655405367E-09	1.35975591200973E-07	3.92320501222088E-06	5.2532962440852E-08
97.2583333	2.23770134137937E-11	7.71039594517992E-09	1.37980708328392E-07	3.92580092645148E-06	5.18576380546615E-08
97.425	4.67449511598085E-11	6.73867695683171E-09	1.47339407704081E-07	4.0480843056669E-06	4.96823155496417E-08
97.5916666999999	4.58757221970209E-11	6.62083794099565E-09	1.39657867285714E-07	3.97819909680288E-06	5.20575350252667E-08
97.7583333	3.50033432588588E-11	7.54840307396661E-09	1.47774015847706E-07	4.08199656527398E-06	4.93103836744545E-08
97.925	5.95377596732094E-11	8.25379662309677E-09	1.32160062851235E-07	3.94421044888191E-06	4.90682949857406E-08
98.0916666999999	1.53694744980887E-10	5.87326093391997E-09	1.59523438174763E-07	4.14286869230916E-06	5.19780012699754E-08
98.2583333	9.22098488102565E-12	8.60718592910684E-09	1.74698991243693E-07	4.31950583777989E-06	5.09523566944604E-08
98.425	6.82320633201181E-11	6.89871133148511E-09	1.81192281509923E-07	4.50434345488743E-06	4.86200699669783E-08
98.5916666999999	1.18624780993236E-10	7.85350056308705E-09	1.65785664994669E-07	4.33784930705009E-06	5.09949708858096E-08
98.7583333	1.13100580817064E-10	6.04519624318074E-09	1.55909025666514E-07	4.15477550775081E-06	5.31003896095387E-08
98.925	1.34127367628845E-10	7.01922097618799E-09	1.63185220637728E-07	4.2005848005674E-06	4.99624981624514E-08
99.0916666999999	1.09814568873717E-10	6.4408029095647E-09	1.68862303058281E-07	4.29710643093973E-06	5.25753629213255E-08
99.2583333	3.60353890925122E-11	6.78569101190648E-09	1.7534964413204E-07	4.39309202335751E-06	5.20396357408225E-08
99.425	4.78466985809935E-11	7.33387649360729E-09	1.69218083358296E-07	4.38081245671195E-06	5.0118568688823E-08
99.5916666999999	6.28040902118775E-11	5.70938675162561E-09	1.72071673505411E-07	4.31474502946327E-06	5.06444979345776E-08
99.7583333	7.47614036369096E-11	9.83907889372101E-09	1.87350693451935E-07	4.48194561204547E-06	5.09176395842467E-08
99.925	1.04948160230593E-10	7.65536044717795E-09	1.86451230116115E-07	4.46127930756201E-06	5.11230244159659E-08
100.091667	3.96166187869123E-11	7.25647430135601E-09	1.69308141501885E-07	4.38332165249869E-06	5.36482085186866E-08
100.258333	8.24598042388698E-11	7.96724863950147E-09	1.62817263384087E-07	4.18627530140774E-06	4.99701966422716E-08
100.425	0	7.71953466139335E-09	1.55281893494673E-07	4.10263609899504E-06	4.90794100387483E-08
100.591667	7.77159894827796E-11	6.83470135737797E-09	1.36944826106931E-07	3.90303964821737E-06	5.18173027943308E-08
100.758333	5.11679629596154E-11	6.77838198971721E-09	1.35173663964755E-07	3.84638946058961E-06	5.26598470521292E-08
100.925	7.11349957187168E-11	7.52697259152306E-09	1.20101753801467E-07	3.73189378729901E-06	5.11824410979986E-08
101.091667	2.7691252024539E-11	6.52951593376464E-09	1.04931429229376E-07	3.55693622602961E-06	4.98117834121017E-08
101.258333	4.36784195335325E-11	6.44115879241089E-09	1.10185803279722E-07	3.46923011919991E-06	4.96231083287726E-08
101.425	6.51286986600646E-11	6.89184316423759E-09	1.28025030174593E-07	3.67628884550459E-06	5.11302858374895E-08
101.591667	9.74708595536307E-11	7.71838874417752E-09	1.58803479915588E-07	4.0497157984866E-06	5.21047508450495E-08
101.758333	4.71289534601939E-11	6.08877714783034E-09	1.85637221794039E-07	4.48689462915902E-06	4.96398711675015E-08
