time	N2O	NO	NH3	CO	HC
0.091666667	1.87748149288596E-06	2.91083123385978E-05	3.50162187013796E-08	0.000163880984331	1.22770386934944E-05
0.258333333	1.8716284499195E-06	2.91587121703425E-05	3.43898018589712E-08	0.000164054245309	1.22685718968164E-05
0.425	1.85969475271749E-06	2.92070062668493E-05	3.32928720890225E-08	0.000163851009786	1.22324831108872E-05
0.591666666999999	1.84148153325261E-06	2.92396283686799E-05	3.46479101786859E-08	0.000163868109424	1.21838194115842E-05
0.758333332999999	1.81166411563967E-06	2.92495746674796E-05	3.37906705411517E-08	0.000163750027802	1.2133688714548E-05
0.925	1.79966364972256E-06	2.93002671994681E-05	3.34874239786493E-08	0.00016385962016	1.21113444839196E-05
1.09166667	1.78711518999727E-06	2.93034092849149E-05	3.30639189045311E-08	0.000163537637582	1.20859913967002E-05
1.25833333	1.77849674146731E-06	2.9343541319636E-05	3.28317036732446E-08	0.000163497628632	1.21043596996481E-05
1.42499999999999	1.77075546890772E-06	2.93988288165319E-05	3.18964488674909E-08	0.000163683285205	1.21711967381832E-05
1.59166667	1.75859141789067E-06	2.94128801076768E-05	3.24392493148253E-08	0.000163750010722	1.21131650055995E-05
1.75833333	1.74810057160136E-06	2.94247898807812E-05	3.1926230932604E-08	0.000163876152984	1.20974436047174E-05
1.925	1.74308438422595E-06	2.95021335403755E-05	3.04556973777637E-08	0.000163829594888	1.20523225171125E-05
2.09166666999999	1.73621420223657E-06	2.95166594341657E-05	3.09237991247354E-08	0.000163987182883	1.20323127825565E-05
2.25833333	1.72852728582961E-06	2.95486961509093E-05	3.14732266848935E-08	0.000164049280954	1.19688613937349E-05
2.425	1.72387070792308E-06	2.95704656878529E-05	3.03409662101606E-08	0.000163798211222	1.19133538696496E-05
2.59166667	1.71024877231612E-06	2.95694408149897E-05	2.97666985537355E-08	0.000163745706909	1.18649213565696E-05
2.75833333	1.7059481775424E-06	2.96367652618805E-05	2.92716342538962E-08	0.000164053484396	1.19373891488613E-05
2.925	1.69718748158685E-06	2.96867318346444E-05	2.74118838552961E-08	0.000164022370238	1.1993131564225E-05
3.09166667	1.68926172393773E-06	2.96769225055648E-05	2.83246481675602E-08	0.000163727119248	1.21087505324342E-05
3.25833333	1.68429032372138E-06	2.97371449035219E-05	2.70764935282311E-08	0.000164208360207	1.22522214073942E-05
3.425	1.67160014648478E-06	2.97485717330257E-05	2.66275646781964E-08	0.000164117237086	1.23373161514334E-05
3.59166667	1.6671911986103E-06	2.98047287669168E-05	2.62506005487228E-08	0.00016417670926	1.23484016676478E-05
3.75833333	1.65361401575337E-06	2.98290433975859E-05	2.59579050588366E-08	0.00016400265974	1.23012249791225E-05
3.925	1.64806939658153E-06	2.98505540633433E-05	2.49429105472685E-08	0.000164135575722	1.23230473466823E-05
4.09166667	1.63719717190867E-06	2.98968680506398E-05	2.51973327788568E-08	0.000164481878343	1.22841947558192E-05
4.25833333	1.63091957567082E-06	2.99264073409879E-05	2.55881010987612E-08	0.000164136100199	1.226714720586E-05
4.425	1.61873791082798E-06	2.99327114517635E-05	2.34926714734878E-08	0.000164196392721	1.2304501839066E-05
4.59166667	1.60904942135296E-06	2.99672228474988E-05	2.36590768900286E-08	0.000164369084214	1.23337352493188E-05
4.75833333	1.60527927225684E-06	3.00216020220493E-05	2.40692929909148E-08	0.000164341802369	1.23494323428864E-05
4.925	1.59781466934792E-06	3.00591321512656E-05	2.43157646157337E-08	0.000164413920144	1.23292907575161E-05
5.09166667	1.58982742960883E-06	3.00968890115118E-05	2.33769302146486E-08	0.000164695719059	1.24011125393335E-05
5.25833333	1.58101529879617E-06	3.01507923386146E-05	2.19635211298126E-08	0.000164675954175	1.23928345550098E-05
5.425	1.57314031389582E-06	3.01874764770499E-05	2.19252084274807E-08	0.000164876083877	1.22652286020078E-05
5.59166666999999	1.56528871671946E-06	3.01918559325841E-05	2.09242759506657E-08	0.000164710605346	1.21863907122724E-05
5.75833333	1.55853591564344E-06	3.0233611550296E-05	2.27345953099704E-08	0.000164915317771	1.21820215374178E-05
5.925	1.55381262332013E-06	3.02908227293883E-05	2.0813279943515E-08	0.000164895034096	1.22143914862964E-05
6.09166666999999	1.54788667377864E-06	3.03068130783861E-05	2.04006076464209E-08	0.000165101304559	1.21706110374724E-05
6.25833333	1.54161557292728E-06	3.03585506429592E-05	2.09037259112933E-08	0.000165578359284	1.21758776990055E-05
6.425	1.53297806911858E-06	3.03317516998933E-05	2.02004862369086E-08	0.000164970069048	1.23099044278202E-05
6.59166667	1.52753147978553E-06	3.03595073398291E-05	2.1972263786081E-08	0.000165199287	1.2367190562104E-05
6.75833333	1.51824965643918E-06	3.03473205714339E-05	2.09488152653813E-08	0.000165221292241	1.23365379879755E-05
6.925	1.51153358647844E-06	3.03725611689934E-05	2.01561553758426E-08	0.000165263308237	1.22884062298604E-05
7.09166667	1.50082661339383E-06	3.03751130406477E-05	2.04769535518823E-08	0.000165085743979	1.22644563142307E-05
7.25833333	1.49321476863968E-06	3.04664040364975E-05	1.92551867791585E-08	0.000165225541396	1.22263204611238E-05
7.425	1.48326082793537E-06	3.0517254096559E-05	1.94220731762114E-08	0.000165481803502	1.21367554965722E-05
7.59166667	1.47355273135996E-06	3.0518392100235E-05	1.90753180894534E-08	0.000165426785046	1.2048530824397E-05
7.75833333	1.46545530134084E-06	3.04977777556123E-05	1.98430185589953E-08	0.000165323192636	1.21455460476525E-05
7.925	1.46158077128517E-06	3.05101532684155E-05	1.87367951469404E-08	0.000165172151278	1.21621006033948E-05
8.09166667	1.45765446708866E-06	3.05839761089822E-05	1.98150802421594E-08	0.000165624985342	1.21793976133987E-05
8.25833333	1.44813734931442E-06	3.05593950850036E-05	1.89134369110697E-08	0.000165231881247	1.2307488938954E-05
8.425	1.44416382882605E-06	3.05787536065607E-05	1.85076122678686E-08	0.00016518353709	1.2462282415484E-05
8.59166667	1.43765824186558E-06	3.05967681189549E-05	1.90439786952929E-08	0.000165473980234	1.25409925518019E-05
8.75833333	1.43649717572578E-06	3.06578615462043E-05	1.83855788879201E-08	0.000165655276318	1.24284839577223E-05
8.925	1.42896517177335E-06	3.0644354227776E-05	1.80059002986618E-08	0.000165600166443	1.23870079125541E-05
9.09166667	1.42830048374812E-06	3.06975277076245E-05	1.83074396452068E-08	0.000165549319446	1.23687624256792E-05
9.25833333	1.42211894338769E-06	3.07102534864182E-05	1.79679838070738E-08	0.000165526613749	1.2317021230294E-05
9.425	1.41827250541307E-06	3.07027871604442E-05	1.85964315530365E-08	0.000165701137457	1.22324582273968E-05
9.59166667	1.4108363739612E-06	3.06941789281685E-05	1.79048686598491E-08	0.000165613705401	1.22586102019229E-05
9.75833333	1.40785672112471E-06	3.07725544595731E-05	1.67219315465304E-08	0.000165510411366	1.23876684923132E-05
9.925	1.40569463831128E-06	3.07604219861117E-05	1.82376689634968E-08	0.00016544101701	1.23653475766588E-05
10.0916667	1.40146333353836E-06	3.07675251518518E-05	1.67252233165434E-08	0.000165586306437	1.23266755035203E-05
10.2583333	1.398176984284E-06	3.07922879519685E-05	1.72949852034108E-08	0.000165703092284	1.23280422546193E-05
10.425	1.39283686997704E-06	3.0770847578383E-05	1.72396026665061E-08	0.000165601872781	1.23871773405668E-05
10.5916667	1.3927162073609E-06	3.08393451602868E-05	1.66173351232225E-08	0.000166007399548	1.23299956067591E-05
10.7583332999999	1.3913763055789E-06	3.08466496420918E-05	1.67294125794657E-08	0.000165828587499	1.22097557644328E-05
10.925	1.3878745686355E-06	3.08516525208292E-05	1.67652789154942E-08	0.00016593032078	1.21796571092638E-05
11.0916667	1.3914812137363E-06	3.08491323325046E-05	1.77677607377557E-08	0.000165915172846	1.2245071386878E-05
11.2583332999999	1.39269379915937E-06	3.08467259272356E-05	1.61058155049124E-08	0.000165710555669	1.22886124715193E-05
11.425	1.39763446356866E-06	3.08380897197242E-05	1.76283642033084E-08	0.000166031505744	1.23527745650689E-05
11.5916667	1.40434019095719E-06	3.07809020480737E-05	1.78248442960229E-08	0.000165755515848	1.24534635645772E-05
11.7583332999999	1.41158219886547E-06	3.07392484265098E-05	1.75324139532051E-08	0.000165794187242	1.26122844113051E-05
11.925	1.42652763786227E-06	3.06733267784979E-05	1.61240588941673E-08	0.000165763025214	1.25353970497136E-05
12.0916667	1.44228303410194E-06	3.06640399426606E-05	1.75422817161992E-08	0.000165759841254	1.25014123923372E-05
12.2583332999999	1.45965955033314E-06	3.0609330335771E-05	1.73157163011362E-08	0.000165715381446	1.25297519020751E-05
12.425	1.47964605001945E-06	3.05592425493761E-05	1.7521541207109E-08	0.000165685972378	1.2478163798787E-05
12.5916667	1.51637012755851E-06	3.04374195093857E-05	1.76995823069377E-08	0.000165345459801	1.23758026758933E-05
12.7583332999999	1.54200628907373E-06	3.0350049306244E-05	1.90433051067718E-08	0.000165545391044	1.22867836308583E-05
12.925	1.56704870894815E-06	3.02247407894087E-05	1.80604301270424E-08	0.000164929955596	1.23736310579909E-05
13.0916667	1.59683896625074E-06	3.01595388135639E-05	1.81989888232923E-08	0.000164979518605	1.24411282806506E-05
13.2583332999999	1.62098630032015E-06	3.00254651195275E-05	2.04233507455983E-08	0.000164848278194	1.23560879988016E-05
13.425	1.64764320247E-06	2.99279570974431E-05	1.97652219817178E-08	0.000164392893599	1.23789500049546E-05
13.5916667	1.67731632887259E-06	2.98049710700399E-05	1.99407429455771E-08	0.000164310035135	1.24134388061202E-05
13.7583332999999	1.70639315914229E-06	2.97193958212789E-05	2.13061173099672E-08	0.000164584585208	1.23445075625156E-05
13.925	1.73341561619275E-06	2.95816522265012E-05	2.16127371884461E-08	0.00016433681582	1.2214155712268E-05
14.0916667	1.76931153917063E-06	2.95193129369148E-05	2.27372683458149E-08	0.000164164696032	1.21483220931534E-05
14.2583333	1.79994503131964E-06	2.94066217094807E-05	2.28956252409851E-08	0.000164406151529	1.2120167265377E-05
14.425	1.8351237508781E-06	2.92464188718629E-05	2.45813375169431E-08	0.000164001208633	1.21019938457956E-05
14.5916667	1.89388846779719E-06	2.90959943841709E-05	2.50670814378572E-08	0.000163613692698	1.20302667154174E-05
14.7583333	1.92761935600757E-06	2.89712207337417E-05	2.58215021441485E-08	0.000163432132472	1.20037766095426E-05
14.925	1.96343791347015E-06	2.88101522267333E-05	2.74548550693941E-08	0.000163243622434	1.20419243427474E-05
15.0916667	1.99880202599268E-06	2.86353628783695E-05	2.82585144588404E-08	0.000163158035988	1.20475934169671E-05
15.2583333	2.03709729315599E-06	2.84691373267845E-05	2.98463798279636E-08	0.000162786788233	1.19352260521307E-05
15.425	2.07938474052393E-06	2.83001611344282E-05	3.07618170515284E-08	0.000162568041344	1.18328923407713E-05
15.5916667	2.1233522430119E-06	2.81756678405926E-05	3.30822567321825E-08	0.000162650666965	1.17759814386756E-05
15.7583333	2.16911007123235E-06	2.79741000872406E-05	3.48018374388445E-08	0.000161875179836	1.16391852213789E-05
15.925	2.21462774977912E-06	2.78029902499087E-05	3.6672572874962E-08	0.000161938744194	1.15229044352686E-05
16.0916666999999	2.25493441430854E-06	2.75768315276805E-05	3.91372767333424E-08	0.00016150867588	1.15340467117146E-05
16.2583333	2.3027818176287E-06	2.73931396110823E-05	4.05409122155554E-08	0.000161222046453	1.16168785550374E-05
16.425	2.34729413354901E-06	2.71773771735516E-05	4.37753495802339E-08	0.000161026442612	1.16934034096656E-05
16.5916666999999	2.39159022125974E-06	2.69791897473882E-05	4.50037882732636E-08	0.000160965835472	1.17096519148667E-05
16.7583333	2.44946665400979E-06	2.67855212871319E-05	4.77513399755891E-08	0.000160423418708	1.17360642985457E-05
16.925	2.50830179123543E-06	2.65782357343903E-05	5.01324993400442E-08	0.000160212980394	1.17333847817785E-05
17.0916666999999	2.5542213253058E-06	2.63397799690251E-05	5.42133734544975E-08	0.00016003508303	1.16091967938202E-05
17.2583333	2.60229892667549E-06	2.61679079027431E-05	5.81490788816131E-08	0.000159675234285	1.15393286881431E-05
17.425	2.64603085667787E-06	2.59169656352134E-05	6.17307038629091E-08	0.000159546146436	1.14728509580176E-05
17.5916666999999	2.69742254018277E-06	2.57149007108481E-05	6.47500980318067E-08	0.000159459331804	1.1529918320958E-05
17.7583333	2.75269963326902E-06	2.54761460994987E-05	6.92095893566076E-08	0.000158679951931	1.15294122808801E-05
17.925	2.81802966677666E-06	2.52875188920148E-05	7.26583694286853E-08	0.000158731324623	1.15327418321888E-05
18.0916666999999	2.86155319284025E-06	2.50637004138955E-05	7.80311910327112E-08	0.000158449360999	1.16433000427994E-05
18.2583333	2.90545146435855E-06	2.47761779296041E-05	8.25840491206727E-08	0.00015805370579	1.16792601018942E-05
18.425	2.95212484412284E-06	2.46036700157506E-05	8.79818963887802E-08	0.000157895982467	1.16481389768827E-05
18.5916666999999	2.99642842328807E-06	2.43593848504758E-05	9.2939227263963E-08	0.000157482881244	1.16098535386645E-05
18.7583333	3.0892719600574E-06	2.40949345274028E-05	9.92949145168127E-08	0.000157220322355	1.15922320367627E-05
18.925	3.15754244144513E-06	2.38226644317791E-05	1.05313928301542E-07	0.000156771929191	1.15785045087521E-05
19.0916666999999	3.20407359893277E-06	2.35995176824817E-05	1.1045158732033E-07	0.000156786085624	1.15356496636743E-05
19.2583333	3.24677257439305E-06	2.33517843259849E-05	1.17978776023834E-07	0.000156336816638	1.15026536853651E-05
19.425	3.29634639477206E-06	2.31172008211257E-05	1.24352509925946E-07	0.0001559073194	1.14807082596842E-05
19.5916666999999	3.33190044322992E-06	2.2866438253192E-05	1.32390144774298E-07	0.000155775430491	1.14803520643213E-05
19.7583333	3.36346206477268E-06	2.25932418893446E-05	1.3945951715002E-07	0.000155293703817	1.14909587198472E-05
19.925	3.40361777773881E-06	2.23403170527828E-05	1.49831571285072E-07	0.000155257827885	1.14913055440162E-05
20.0916666999999	3.44591150042256E-06	2.20640804296542E-05	1.57496461570098E-07	0.000154569740417	1.15388939301906E-05
20.2583333	3.4904864964474E-06	2.18114944539619E-05	1.66112716272501E-07	0.00015466188102	1.14985622665937E-05
20.425	3.5264220968375E-06	2.15217042496012E-05	1.76558568616565E-07	0.000154043312901	1.1408702551534E-05
20.5916666999999	3.58387828064474E-06	2.12750560291171E-05	1.862305265227E-07	0.000153576156727	1.13850655130999E-05
20.7583333	3.62062007366594E-06	2.09898026155758E-05	1.96346500439615E-07	0.000153263310852	1.13890317816451E-05
20.925	3.66023836272299E-06	2.07313692597654E-05	2.07524013099999E-07	0.000153012194317	1.13992374627006E-05
21.0916666999999	3.69587742683552E-06	2.04225955065441E-05	2.17826031226204E-07	0.000152189457747	1.14649287282207E-05
21.2583333	3.73026311268096E-06	2.01420207699902E-05	2.28519119057683E-07	0.00015183535448	1.15325678461264E-05
21.4249999999999	3.79565566038512E-06	1.98625780186491E-05	2.42683380911266E-07	0.000151379744844	1.15339147400183E-05
21.5916666999999	3.85010280165509E-06	1.95716830058288E-05	2.5568076913455E-07	0.000151198558658	1.1508344102805E-05
21.7583333	3.8722227796668E-06	1.9249152129935E-05	2.68287913804973E-07	0.000150391677708	1.1404012903766E-05
21.9249999999999	3.91365919985414E-06	1.90115857493777E-05	2.81202075639171E-07	0.000150229061311	1.13594118412691E-05
22.0916666999999	3.94403423662866E-06	1.87033155275459E-05	2.98383431268544E-07	0.00014968512176	1.13085122747919E-05
22.2583333	3.97291923540496E-06	1.84118365646703E-05	3.12123461670504E-07	0.000149073728177	1.12392019077542E-05
22.4249999999999	4.0083205749375E-06	1.81378749267101E-05	3.29275947596486E-07	0.000148711706304	1.11950943284051E-05
22.5916666999999	4.03720366513491E-06	1.785075600439E-05	3.45121028010567E-07	0.000148192752554	1.11684199107557E-05
22.7583333	4.07100198032695E-06	1.75456362323042E-05	3.63632720848675E-07	0.00014760381974	1.11628751116751E-05
22.9249999999999	4.09614072811349E-06	1.72555828149882E-05	3.81494666403046E-07	0.000146792094472	1.1180247211183E-05
23.0916666999999	4.12014616733656E-06	1.6966760389459E-05	3.99688120063829E-07	0.000146538259827	1.11159944392897E-05
23.2583333	4.14013955670398E-06	1.66536219338036E-05	4.20774462285116E-07	0.000145887799984	1.11067858934711E-05
23.4249999999999	4.17280822574419E-06	1.63940068910731E-05	4.38242784476021E-07	0.000145577644287	1.10337108746953E-05
23.5916666999999	4.19618930338583E-06	1.60863983374503E-05	4.58235111213837E-07	0.000144867816308	1.09752244633183E-05
23.7583333	4.22015125559391E-06	1.58025467141379E-05	4.81830780865578E-07	0.00014432477687	1.09032853818461E-05
23.9249999999999	4.27094575425765E-06	1.55209861600583E-05	5.04514414948398E-07	0.000143927394118	1.08905957550648E-05
24.0916666999999	4.29958116669173E-06	1.52412248413478E-05	5.30414067970105E-07	0.000143335689757	1.0946700391496E-05
24.2583333	4.30801150259771E-06	1.49263736477004E-05	5.534961249044E-07	0.000142333414356	1.10016479601698E-05
24.4249999999999	4.3222852770681E-06	1.46350840217173E-05	5.81619658640805E-07	0.000141742036679	1.09389312915728E-05
24.5916666999999	4.33837945625561E-06	1.43637948133613E-05	6.08728148907489E-07	0.000141246290558	1.09202547392203E-05
24.7583333	4.35292316072913E-06	1.40923546020758E-05	6.36956627852756E-07	0.000140590768125	1.08910352832114E-05
24.9249999999999	4.3667729193416E-06	1.38097287484076E-05	6.68470796614736E-07	0.000139815597262	1.08097627238435E-05
25.0916666999999	4.37486857896244E-06	1.3536683262666E-05	6.98350602446079E-07	0.00013943098608	1.06915044702979E-05
25.2583333	4.39529238375556E-06	1.32735477489532E-05	7.3230430322214E-07	0.000138862955123	1.06271407459228E-05
25.4249999999999	4.39686490319502E-06	1.2997744906098E-05	7.64892308680945E-07	0.000137807297022	1.06862511623412E-05
25.5916666999999	4.42538491835106E-06	1.27467580644194E-05	7.99521750181073E-07	0.000137530229711	1.06812981064513E-05
25.7583332999999	4.43015436419819E-06	1.24871161025615E-05	8.35028392681749E-07	0.00013647127143	1.06629973516329E-05
25.925	4.42953352303618E-06	1.2218690356989E-05	8.71357341168591E-07	0.000135667865855	1.06207865220755E-05
26.0916667	4.43493896125582E-06	1.19928871754792E-05	9.10667432620254E-07	0.000135042987821	1.06517969501359E-05
26.2583332999999	4.42411793484155E-06	1.1740666562142E-05	9.50249511307476E-07	0.000134014554127	1.0555820035024E-05
26.425	4.42420706232021E-06	1.15068408785819E-05	9.90519053313774E-07	0.000133074892246	1.04502334982277E-05
26.5916667	4.41741501292408E-06	1.12775152477873E-05	1.03264420033488E-06	0.000132238417736	1.03472683201631E-05
26.7583332999999	4.40307484784041E-06	1.10615863213057E-05	1.07484601736365E-06	0.000131402997707	1.03255179462649E-05
26.925	4.40583853410626E-06	1.08674478334671E-05	1.11935516003231E-06	0.000130623129407	1.0338332558978E-05
27.0916667	4.37939708888035E-06	1.06530826930261E-05	1.16593832309168E-06	0.000129691231585	1.0299320146099E-05
27.2583332999999	4.36073046315521E-06	1.04588090491928E-05	1.20914674526718E-06	0.000128655717065	1.03122337553972E-05
27.425	4.34612409266274E-06	1.02947382651593E-05	1.2585863486646E-06	0.000127566720883	1.03301433337423E-05
27.5916667	4.31788150134598E-06	1.01157390851661E-05	1.30431939013056E-06	0.000126118817053	1.0300216168662E-05
27.7583332999999	4.29681095246911E-06	9.97785293342226E-06	1.35141888290152E-06	0.0001254018181	1.01948504821944E-05
27.925	4.2570485382381E-06	9.87407320403882E-06	1.39947295707289E-06	0.000124216919157	1.01473571043893E-05
28.0916667	4.20100166440033E-06	9.76274562652455E-06	1.44239013288665E-06	0.000122974077195	1.01069524779845E-05
28.2583332999999	4.14367278984633E-06	9.69016551450171E-06	1.48619638727996E-06	0.000121609460809	1.00671550279507E-05
28.425	4.09339503657882E-06	9.66037727990705E-06	1.52608477686129E-06	0.000120412546789	1.00103031740121E-05
28.5916667	4.02927071944491E-06	9.67458191212368E-06	1.56206875251625E-06	0.000118732228111	9.99587028673425E-06
28.7583332999999	3.95674882046612E-06	9.73944542273567E-06	1.59555405680363E-06	0.00011724437562	1.01172021042154E-05
28.925	3.84594042391599E-06	9.83624105246513E-06	1.62110590366028E-06	0.000115877007121	1.01291318741266E-05
29.0916667	3.7691719347809E-06	9.98694402582164E-06	1.64688593858454E-06	0.000114510101687	9.96373133669018E-06
29.2583332999999	3.68814240527894E-06	1.01519917431595E-05	1.6690830163398E-06	0.000112960013031	9.85547089779874E-06
29.425	3.60299286728759E-06	1.0298521676709E-05	1.69393181583587E-06	0.000111289732726	9.90284507414092E-06
29.5916667	3.5195550314781E-06	1.04326290374055E-05	1.71822387668512E-06	0.000109387085617	9.95270155751463E-06
29.7583332999999	3.44607502908067E-06	1.05871598702659E-05	1.74897369380032E-06	0.000107702963668	9.83829439025754E-06
29.925	3.38071913778966E-06	1.07255624245016E-05	1.77225156488667E-06	0.000106075485896	9.80600618097905E-06
30.0916667	3.29726774735482E-06	1.08682963521941E-05	1.79625446175948E-06	0.000103833848907	9.87195243774647E-06
30.2583332999999	3.19601844370398E-06	1.10151254988459E-05	1.82285719149236E-06	0.00010173266076	9.84450896700642E-06
30.425	3.12084204762742E-06	1.11435452972304E-05	1.84700946508285E-06	9.93391833646281E-05	9.73497017365468E-06
30.5916667	3.04376150158617E-06	1.12770792490536E-05	1.87155674506769E-06	9.63894347917531E-05	9.65521915551853E-06
30.7583332999999	2.96729654559916E-06	1.13888550850617E-05	1.8915289678292E-06	9.28653882488143E-05	9.69652048938099E-06
30.925	2.9010427692266E-06	1.15265396332335E-05	1.91404717745611E-06	8.84729913089018E-05	9.71724565280291E-06
31.0916667	2.88807637313478E-06	1.15158999366042E-05	1.878775614663E-06	7.98099178664334E-05	9.64803666342035E-06
31.2583332999999	3.23790782460744E-06	1.08859170293793E-05	1.44902612304727E-06	5.56922364853658E-05	9.61089398707381E-06
31.425	3.71424304006919E-06	1.00005522374374E-05	8.52330249321714E-07	2.88004400348603E-05	9.63190681139798E-06
31.5916667	4.14662239801567E-06	9.20488104232074E-06	3.04148212725361E-07	7.54393787550068E-06	9.49668938155048E-06
31.7583332999999	4.2243421394615E-06	9.17452875661251E-06	3.51792043539224E-08	2.40233386226287E-07	9.17583438026856E-06
31.925	4.12538576558804E-06	9.42178952120012E-06	1.2231961977883E-08	3.16440990932435E-08	8.82970284070357E-06
32.0916667	3.99733398057874E-06	9.69206966035057E-06	8.69920323688369E-09	2.34125763385494E-08	8.59429106939333E-06
32.2583332999999	3.89167921278602E-06	1.0012263328654E-05	7.02279167431362E-09	1.77602692012377E-08	8.33908886999199E-06
32.425	3.77914201960327E-06	1.03442919298584E-05	6.06907762733403E-09	1.53807953299864E-08	8.10860548080427E-06
32.5916667	3.65085422587314E-06	1.06947346778458E-05	5.81667929754182E-09	1.1605434103217E-08	7.95664598686084E-06
32.7583332999999	3.5292082344839E-06	1.10540253686728E-05	5.4034292249395E-09	1.10011258075152E-08	7.89510550906751E-06
32.925	3.38532451764266E-06	1.14253880721767E-05	5.02350881613898E-09	9.86082736147863E-09	7.87279714277151E-06
33.0916667	3.26593175867219E-06	1.18273229841923E-05	4.412660111413E-09	7.79565562733342E-09	7.79566018119953E-06
33.2583332999999	3.14030727748059E-06	1.22313183852694E-05	4.55810004084391E-09	1.28247898385226E-08	7.67355300521468E-06
33.425	3.0022933605571E-06	1.27086682927227E-05	3.74556013062049E-09	9.85786512486758E-09	7.55221979584931E-06
33.5916667	2.83300774342138E-06	1.32320488042291E-05	4.39598790693167E-09	6.72661827430138E-09	7.4510776545475E-06
33.7583332999999	2.66012078352092E-06	1.38093637161518E-05	4.15031933159396E-09	5.69753714142425E-09	7.36449611674947E-06
33.925	2.48019432941501E-06	1.46136999821983E-05	4.87426108215761E-09	7.69156191736217E-09	7.25287521052609E-06
34.0916667	2.21684736133808E-06	1.55591561380424E-05	4.82492859392492E-09	7.97814831567668E-09	7.20973625678867E-06
34.2583332999999	1.94947399635776E-06	1.65494500422018E-05	4.71612718339888E-09	7.49961406197532E-09	7.16784222200053E-06
34.425	1.74146966926345E-06	1.7483086459417E-05	3.81381585925873E-09	6.82200240999415E-09	7.08402448287831E-06
34.5916667	1.57949829091321E-06	1.81396151029222E-05	4.24323534434565E-09	6.38619412048276E-09	7.0382336629528E-06
34.7583332999999	1.46554010750853E-06	1.85831999099038E-05	5.1847044848724E-09	5.56095056608891E-09	6.95301755562361E-06
34.925	1.37061913440129E-06	1.89090502861638E-05	4.44831945054051E-09	5.96095051921441E-09	6.87022231978769E-06
35.0916667	1.27645567724408E-06	1.91248984327528E-05	4.25769829739946E-09	5.63564918086133E-09	6.76380535213115E-06
35.2583332999999	1.20450019061779E-06	1.93085166112007E-05	4.98239830504801E-09	5.97715296333042E-09	6.71999299769194E-06
35.425	1.14575892481844E-06	1.93919579159505E-05	4.86058662859538E-09	4.30229104011402E-09	6.64755258181975E-06
35.5916667	1.0969845845662E-06	1.94863721071428E-05	4.83924469636012E-09	5.29300047625185E-09	6.60531633665712E-06
35.7583332999999	1.04952746504686E-06	1.95411010117471E-05	4.1569164879499E-09	3.6844029703819E-09	6.54721215297968E-06
35.925	1.00734904985153E-06	1.95660754543994E-05	4.57361998987838E-09	3.3388485811146E-09	6.5014354179109E-06
36.0916667	9.77418220041032E-07	1.955003816416E-05	5.17417917408933E-09	4.09399105410304E-09	6.4521799144009E-06
36.2583332999999	9.52268061952514E-07	1.95613719834568E-05	4.79912058071246E-09	4.6069789637677E-09	6.36915205125062E-06
36.425	9.31294122043716E-07	1.95566687380036E-05	5.50561106111731E-09	7.02021847534481E-09	6.29377641827349E-06
36.5916667	9.13756155009348E-07	1.95500779498081E-05	5.67959308502576E-09	4.32537580662062E-09	6.22144225083255E-06
36.7583333	8.9648479861343E-07	1.94964973595669E-05	5.24022622073218E-09	4.67312852214903E-09	6.14220921156612E-06
36.925	8.81951057220706E-07	1.94748531296895E-05	4.42545599964162E-09	3.75922514808618E-09	6.05594686010569E-06
37.0916667	8.71661758170553E-07	1.94446494427176E-05	4.52681364835938E-09	5.70472055019475E-09	6.00993077681916E-06
37.2583333	8.58567334503628E-07	1.93993793987155E-05	5.02008785457989E-09	4.54124346008967E-09	5.98716413742684E-06
37.425	8.50760493086206E-07	1.93448792900537E-05	5.29704713588273E-09	2.91519688740959E-09	5.95305880341062E-06
37.5916667	8.38879583992545E-07	1.92975354068558E-05	4.82626905194452E-09	4.31579569346837E-09	5.8151523425457E-06
37.7583333	8.29759010947786E-07	1.92848236868107E-05	4.70135137930544E-09	3.6333457125707E-09	5.71720069609927E-06
37.925	8.22669703128301E-07	1.92323329133969E-05	5.13232607231167E-09	3.32617961255042E-09	5.71522227276673E-06
38.0916667	8.14446034686423E-07	1.92058553641495E-05	5.53117546915747E-09	3.93760267873412E-09	5.63666829863242E-06
38.2583333	8.0850987208332E-07	1.91779378329777E-05	5.53110050464737E-09	2.69773335762186E-09	5.54926730590221E-06
38.425	8.01349529446554E-07	1.91476540202334E-05	4.46459020921432E-09	3.47528277569688E-09	5.51383948257302E-06
38.5916667	7.93738069679125E-07	1.91276235701955E-05	4.51263675782259E-09	3.44898602766651E-09	5.4697687811892E-06
38.7583333	7.80241421662159E-07	1.91021131746462E-05	5.24869560337957E-09	2.98032646920999E-09	5.38878566270192E-06
38.925	7.76409869828862E-07	1.90843969588793E-05	4.60216980320601E-09	3.18059083111324E-09	5.27439746441549E-06
39.0916667	7.67785648274812E-07	1.90375499108675E-05	4.71177926640752E-09	4.05892322727729E-09	5.15752766680846E-06
39.2583333	7.59926489038496E-07	1.90426667572337E-05	3.80312834867812E-09	3.16675876942267E-09	5.09447645172763E-06
39.425	7.50724387914014E-07	1.90294274792096E-05	4.05605874415305E-09	3.49903218386033E-09	5.03838596117517E-06
39.5916667	7.42892254492718E-07	1.90156120249588E-05	4.67178789552484E-09	3.52467708802672E-09	4.94120933964341E-06
39.7583333	7.35065284326389E-07	1.90171060487751E-05	3.87759863765688E-09	4.07576212137997E-09	4.85353712951986E-06
39.925	7.29878169208473E-07	1.90220027116612E-05	4.34686126808749E-09	3.0774442909935E-09	4.83125560865378E-06
40.0916667	7.2064610419693E-07	1.89853951843456E-05	4.10504243933653E-09	3.55499963883955E-09	4.76223569957773E-06
40.2583333	7.13690232949906E-07	1.89500448243058E-05	4.16401027096828E-09	1.76584384470671E-09	4.64440011744788E-06
40.425	7.04956358896938E-07	1.89903683547938E-05	3.90226594334061E-09	1.6362509962477E-09	4.53780379660255E-06
40.5916667	6.96881985466908E-07	1.89833190731145E-05	3.49360112795796E-09	2.05577715292512E-09	4.43708313618867E-06
40.7583333	6.9003320517271E-07	1.90092346404237E-05	4.31967417610804E-09	1.62861309786715E-09	4.37096789558761E-06
40.925	6.80264427625682E-07	1.90104511871498E-05	3.62360108737965E-09	3.13221827521789E-09	4.29890924156281E-06
41.0916667	6.71861875823493E-07	1.90117994697009E-05	3.84059215044512E-09	3.65964395688017E-09	4.2303440595473E-06
41.2583333	6.62195632036165E-07	1.90332707131192E-05	3.69892686137776E-09	2.36871739590813E-09	4.15272325136904E-06
41.425	6.54484032716364E-07	1.90468921125466E-05	3.88939427115818E-09	2.66033637877666E-09	4.09962831532411E-06
41.5916667	6.45779166889935E-07	1.90839492751128E-05	4.11160139356526E-09	2.82812932973094E-09	4.02732173493147E-06
41.7583333	6.35471802689462E-07	1.9046171330478E-05	3.67119450185487E-09	2.6645282820379E-09	3.95459112238048E-06
41.925	6.25782776282985E-07	1.90743324209593E-05	3.49075883949871E-09	2.51870213891289E-09	3.85610071257501E-06
42.0916667	6.1602612717244E-07	1.91160644021269E-05	3.30553830285548E-09	2.68381795253678E-09	3.77009503685211E-06
42.2583333	6.07668746075145E-07	1.91354747860031E-05	4.20791047182586E-09	2.21000384068649E-09	3.70047518841636E-06
42.425	5.97748990569675E-07	1.91515677112982E-05	3.69330781394208E-09	2.73627753565087E-09	3.63939072065244E-06
42.5916667	5.88446146215845E-07	1.91631733675901E-05	3.17486570498095E-09	2.15382746675042E-09	3.5732967983381E-06
42.7583333	5.79220308610361E-07	1.92057328177962E-05	3.20446464959804E-09	3.6911314518077E-09	3.50808167679498E-06
42.925	5.71655989672348E-07	1.92352791427357E-05	4.43421750816246E-09	3.1312029201335E-09	3.43753274731254E-06
43.0916667	5.60767915396035E-07	1.92351050029413E-05	3.3687614940854E-09	1.8473030293036E-09	3.36826200022706E-06
43.2583333	5.51902502247564E-07	1.92303512694896E-05	4.16711009080441E-09	2.33761103225014E-09	3.29735210762406E-06
43.425	5.41456361412085E-07	1.92821580234384E-05	4.05111939467551E-09	3.10397701941897E-09	3.21565649945617E-06
43.5916667	5.31192720821604E-07	1.92739005148284E-05	3.35277622783659E-09	2.57461934820202E-09	3.16829672223136E-06
43.7583333	5.21882467020378E-07	1.93220229780927E-05	3.32140461527805E-09	2.4929250087552E-09	3.13005455762595E-06
43.925	5.14341338337006E-07	1.93403356114239E-05	3.41131261914466E-09	1.04724132268369E-09	3.08685602416716E-06
44.0916667	5.05535280402583E-07	1.93237027607108E-05	3.40328524733254E-09	5.41583084648663E-10	3.02155027612932E-06
44.2583333	4.97260785317978E-07	1.93167139563439E-05	2.81020769499731E-09	1.14658383343925E-09	2.93364676639578E-06
44.425	4.88756371345936E-07	1.93266407680479E-05	2.28224515632136E-09	2.08230677672446E-09	2.85852103392349E-06
44.5916667	4.8131589430969E-07	1.93463348846089E-05	1.39914827765789E-09	1.82966233240288E-09	2.81284108156404E-06
44.7583333	4.73320101387843E-07	1.93425191780975E-05	1.26943386354304E-09	1.08444693308826E-09	2.75192259434719E-06
44.925	4.65406861743891E-07	1.93534480240179E-05	1.14676184620915E-09	2.08134915683894E-09	2.66560234641852E-06
45.0916667	4.58877397432637E-07	1.93815154140939E-05	1.20744636264294E-09	1.05540738914906E-09	2.62422093080166E-06
45.2583333	4.53748530497072E-07	1.9416546471315E-05	1.25822838284679E-09	1.99809239848962E-09	2.58631885961754E-06
45.425	4.4724696093298E-07	1.94017708107528E-05	1.6317052176413E-09	2.2288509473768E-09	2.5336924078546E-06
45.5916667	4.40991483433604E-07	1.94090903755113E-05	9.82656977789835E-10	1.78399344193886E-09	2.46539611664239E-06
45.7583333	4.33085825136981E-07	1.93984563087718E-05	1.3194816867937E-09	6.33706093537001E-10	2.39107144786082E-06
45.925	4.26466063049493E-07	1.9394615670421E-05	1.35445875748552E-09	1.74128269176378E-09	2.33834309821951E-06
46.0916667	4.20435303924412E-07	1.94208187524693E-05	1.56208778039353E-09	1.58826767602334E-09	2.28360696897737E-06
46.2583333	4.13829499151166E-07	1.9409659098329E-05	2.22702709894429E-09	1.76519188870516E-09	2.22181813275952E-06
46.425	4.07236877574438E-07	1.94361808698853E-05	1.86336368022213E-09	1.1033580980782E-09	2.16612849988929E-06
46.5916667	4.03326516524828E-07	1.94267374114716E-05	1.30238381320813E-09	6.75044438728632E-10	2.13452154648521E-06
46.7583333	3.98355181091877E-07	1.93960561890962E-05	8.99750323211595E-10	8.36413853309509E-10	2.08467290131755E-06
46.925	3.95034511973194E-07	1.94138474679305E-05	1.04420768846188E-09	1.67514990650517E-09	2.02749958704169E-06
47.0916667	3.91283508045143E-07	1.93548027811335E-05	1.51164323578373E-09	1.81591203645407E-09	1.97034467552876E-06
47.2583333	3.85175135697567E-07	1.93548418180394E-05	1.51309656452729E-09	1.24082026127173E-09	1.91790283283449E-06
47.425	3.81695917774907E-07	1.93625779349532E-05	1.48762068661582E-09	2.7290278923636E-09	1.86826253965596E-06
47.5916667	3.85619301530911E-07	1.93247045307324E-05	1.21013882765083E-09	1.80508863696836E-09	1.83507983983398E-06
47.7583333	4.55346059353775E-07	1.88930665776463E-05	1.63266893293488E-09	1.15082057134254E-09	1.7772647355942E-06
47.925	5.77560181227588E-07	1.78450086717873E-05	7.36417365989042E-09	1.54974791985745E-09	1.6915215323648E-06
48.0916667	6.31331266495945E-07	1.70484944920576E-05	1.04445162583658E-08	2.06911859943477E-09	1.60904206454966E-06
48.2583333	6.06390594439978E-07	1.70414505381784E-05	1.60518062247848E-08	3.6488760108263E-09	1.5546670555496E-06
48.425	6.41151776328669E-07	1.668457466099E-05	2.27459917755287E-08	6.47102254520727E-09	1.50355226496516E-06
48.5916667	7.65790638275701E-07	1.52179088084361E-05	2.83890738764707E-08	1.02146615163391E-08	1.42191379216211E-06
48.7583333	7.89667805545986E-07	1.43732507867097E-05	4.05030185384261E-08	1.45769170628646E-08	1.33099064099149E-06
48.925	7.8784150504755E-07	1.39956065957075E-05	5.21611159676631E-08	2.29281421049216E-08	1.26386002375981E-06
49.0916667	8.37455506981387E-07	1.26742091108041E-05	5.20707438433457E-08	2.90235727782984E-08	1.19268291111964E-06
49.2583333	9.1377952768959E-07	1.06054828531817E-05	7.3487801539889E-08	3.93258612681656E-08	1.06006945808168E-06
49.425	8.12459613316145E-07	9.85379031097266E-06	1.1609606019433E-07	5.92210723764153E-08	9.47557809230666E-07
49.5916667	7.99224103323652E-07	1.01412393008689E-05	1.96877418021673E-07	8.59478797772904E-08	9.1140088137308E-07
49.7583333	9.14699480253021E-07	9.41933369686086E-06	2.17026929372973E-07	9.39159204372241E-08	8.71853492303205E-07
49.925	1.02569502906677E-06	7.13184905416717E-06	2.03597211601038E-07	9.67227748735201E-08	7.634734555591E-07
50.0916667	1.03581440022918E-06	6.75004229158016E-06	2.00504622248807E-07	9.81468928806073E-08	7.00175809668596E-07
50.2583333	1.00802041018971E-06	6.72769186309182E-06	2.29886718131614E-07	1.07175415314702E-07	6.57288648968438E-07
50.425	9.84879173421596E-07	5.86468622745483E-06	2.19409378797927E-07	1.17996277414524E-07	6.10214126554198E-07
50.5916667	9.11966800069234E-07	4.38094346748477E-06	2.24109626190977E-07	1.33316091785574E-07	5.21821535037885E-07
50.7583333	8.77271835515491E-07	3.04164826097209E-06	2.95814947791034E-07	1.51761261639864E-07	4.27118573958322E-07
50.925	8.62726996408575E-07	3.18627365044945E-06	3.60997356594607E-07	1.70740759423051E-07	3.91185659154518E-07
51.0916667	8.22030963681138E-07	3.65295985355409E-06	3.74384117235301E-07	1.7775482375444E-07	3.83159686204933E-07
51.2583333	7.77315799990635E-07	3.20270094283272E-06	3.47503301165916E-07	1.75317216440767E-07	3.50454120831554E-07
51.425	7.58064081763669E-07	2.64224734045813E-06	3.33183725556712E-07	1.78658948337853E-07	3.18236630045495E-07
51.5916667	7.84822797038938E-07	1.36309273397678E-06	3.57567560483872E-07	1.82273756020622E-07	2.60884787784365E-07
51.7583333	7.12423022791234E-07	9.93710472593306E-07	3.37452806472118E-07	1.78557859205827E-07	2.10898678944423E-07
51.925	6.35899597030109E-07	6.24902239726166E-07	3.48204155771857E-07	1.85515602727424E-07	1.82414000125082E-07
52.0916667	4.4057206545846E-07	2.36815761162479E-07	3.62156322437283E-07	1.97715110326247E-07	1.45540486386283E-07
52.2583333	3.16734179688236E-07	1.38385164225089E-07	3.74106026651291E-07	2.00724427022018E-07	1.17760839693561E-07
52.425	2.25165652300332E-07	8.98717887084562E-08	3.57114319831215E-07	1.91662485451367E-07	9.40500688748167E-08
52.5916667	1.36077838094293E-07	3.99505440663679E-08	3.14148791908242E-07	1.90603808963749E-07	7.78213404840018E-08
52.7583333	4.90052212268846E-08	1.36201934693492E-08	3.22664179856345E-07	1.99332270570652E-07	5.54531766788177E-08
52.925	2.11524752140998E-08	1.0418512227449E-08	4.30681138283726E-07	2.17887896882229E-07	3.86692325432389E-08
53.0916667	7.56975275326176E-09	1.13480721905747E-08	6.13563520131582E-07	2.3629558847666E-07	2.83157616239418E-08
53.2583333	2.51316029116649E-09	9.41426588330342E-09	7.18675353501901E-07	2.7275598934146E-07	2.00113877017977E-08
53.425	1.37613447918998E-09	1.12201469690284E-08	6.42679256159322E-07	3.13493173192912E-07	1.71747481358228E-08
53.5916667	1.64072445219726E-09	1.04314594083407E-08	6.16173743246182E-07	3.2367265013569E-07	1.86150148054049E-08
53.7583333	2.15959951188087E-09	1.14055703834172E-08	6.00396810831804E-07	3.1684569292626E-07	1.84574602711534E-08
53.925	1.46230773919939E-09	9.00037759323325E-09	5.89134172624439E-07	3.07994507762405E-07	1.57497061948003E-08
54.0916667	7.95447010361603E-10	1.02111698081775E-08	6.22014889639901E-07	3.08670536571629E-07	1.44579264076853E-08
54.2583333	9.45590578085981E-10	9.52818988706913E-09	6.66750616255441E-07	3.06415256707866E-07	1.14163072116075E-08
54.425	7.70523705466024E-10	1.16989505795324E-08	7.41759586575833E-07	3.09328743129119E-07	1.00779280815525E-08
54.5916667	7.66628717489078E-10	9.41348108230137E-09	9.37900746973748E-07	3.26848441205797E-07	1.08077727827515E-08
54.7583333	7.95234964699239E-10	9.75471389019296E-09	1.1301735251881E-06	3.67824725518586E-07	1.10835996295688E-08
54.925	8.2659364675394E-10	1.14776393361992E-08	1.07178595795661E-06	4.12060417556622E-07	9.18226842647101E-09
55.0916667	4.18775305200191E-10	8.05680477646528E-09	9.30205527846382E-07	4.21080851294316E-07	1.07475308807576E-08
55.2583333	7.51086763876411E-10	1.04961586155817E-08	1.10064446902272E-06	4.0989941660347E-07	8.8769554811972E-09
55.425	6.0034658379435E-10	1.2334461683696E-08	1.26020758602364E-06	4.30262376052088E-07	8.37980526225504E-09
55.5916667	5.61785152645052E-10	1.24747707992176E-08	1.19279499500941E-06	4.66351348662222E-07	8.6408003181191E-09
55.7583333	8.19021561844432E-10	1.24204311477641E-08	1.02295432269511E-06	4.69251793578403E-07	1.00795398179444E-08
55.925	8.49862536982531E-10	9.77302785342283E-09	1.06779112351315E-06	4.45328152602422E-07	8.57980056777912E-09
56.0916667	4.90704998686125E-10	8.47182484154668E-09	1.15531832759165E-06	4.53034988110144E-07	8.52054790481636E-09
56.2583333	8.51151261238762E-10	1.04144833383763E-08	1.16615750086669E-06	4.89768929268992E-07	7.96783517380134E-09
56.425	4.32074030572586E-10	9.92084984704996E-09	1.13524715981549E-06	4.87459960466162E-07	7.35755497590987E-09
56.5916667	6.50869957054578E-10	9.12404062706212E-09	1.05995944564909E-06	4.64035784473893E-07	8.65282639662055E-09
56.7583333	3.18231710029779E-10	1.07817688378252E-08	1.18551176847641E-06	4.46346377580914E-07	8.64114618033406E-09
56.925	9.32539192496196E-10	1.19637399015381E-08	1.34507914544708E-06	4.84627810586052E-07	8.63265800922993E-09
57.0916667	6.66522957233233E-10	9.44606530223519E-09	1.25267393385036E-06	5.4117694340601E-07	8.5299791003633E-09
57.2583333	6.11870179051615E-10	1.30618385499492E-08	1.10181407523886E-06	5.35294952657441E-07	6.89648571636002E-09
57.425	4.34576437197667E-10	1.15307079171782E-08	1.06006588106729E-06	4.96021314022692E-07	6.78312755732168E-09
57.5916667	4.65679286988834E-10	9.97322716953831E-09	1.10958126092832E-06	4.7233091965765E-07	7.74025856941965E-09
57.7583333	6.09496419465441E-10	1.22170900066879E-08	1.30490782726286E-06	4.90888977623862E-07	8.10891479479943E-09
57.925	9.71088071164261E-10	1.23790204734256E-08	1.46375037021564E-06	5.41551037121444E-07	6.51470839547271E-09
58.0916667	9.88380449965406E-10	1.30948914823228E-08	1.48833777933567E-06	6.05165046959008E-07	8.17648438694789E-09
58.2583333	8.48824965385364E-10	9.04935934356025E-09	1.30981973420368E-06	6.17164027237383E-07	7.05368541760356E-09
58.425	9.47974576426354E-10	9.40211214652589E-09	1.21554038034659E-06	5.7487621835296E-07	6.44509839887049E-09
58.5916667	8.57951090961696E-10	9.43394479469212E-09	1.16125475836411E-06	5.49656457190632E-07	7.21240255059069E-09
58.7583333	8.20529748333138E-10	1.17334950583434E-08	1.24076127902684E-06	5.47365726202482E-07	8.18685025455054E-09
58.925	7.07509231595172E-10	9.90826810273603E-09	1.17956445514156E-06	5.73832593364392E-07	6.56059705635523E-09
59.0916667	9.15458411631773E-10	7.98595430795615E-09	9.97649121167211E-07	5.66767206048311E-07	7.01971817834283E-09
59.2583333	2.93234362602119E-10	8.60124207942122E-09	9.64452602620426E-07	5.28311511028566E-07	5.76430210823322E-09
59.425	6.44544818025812E-10	9.60808600928964E-09	1.00706018962261E-06	5.17729669985867E-07	5.84001995435887E-09
59.5916667	7.16508618778717E-10	1.08645959388455E-08	8.08045899935591E-07	4.92465609902821E-07	7.17717419990258E-09
59.7583333	4.18815529316626E-10	1.04953874481449E-08	6.1282374137775E-07	4.40024170711589E-07	7.61255257610346E-09
59.925	4.22944888707814E-10	1.01090526516649E-08	5.12519568429698E-07	3.8851496753803E-07	5.93737572922921E-09
60.0916667	7.63239765784053E-10	1.02892514069039E-08	6.06257220633286E-07	3.62592143922515E-07	7.33157435383416E-09
60.2583333	6.92586960704669E-10	9.44910460086492E-09	7.77707814430756E-07	3.71849418084363E-07	6.27108110380899E-09
60.425	7.29637523126864E-10	8.86153827789131E-09	9.16861562954406E-07	4.28987220600706E-07	5.32079811726162E-09
60.5916667	5.200618182574E-10	1.10551613051662E-08	8.79078465968457E-07	4.92423252433649E-07	6.58028294231154E-09
60.7583333	3.79228836874772E-10	9.11951432128984E-09	7.23607835895152E-07	4.99916478878411E-07	7.83433074167741E-09
60.925	2.83162195407388E-10	9.90960436611898E-09	7.47997648223449E-07	4.58114838837577E-07	6.70517144763461E-09
61.0916667	5.33643723874033E-10	9.85298834365681E-09	7.20290676405465E-07	4.49580288113496E-07	7.96551055383831E-09
61.2583333	5.20352159637339E-10	8.00029106838646E-09	6.28512588725578E-07	4.57417974009719E-07	6.06204155583532E-09
61.425	5.40586461467828E-10	9.643004930327E-09	5.59728753343614E-07	4.38760552637525E-07	5.70934366539848E-09
61.5916667	5.33375962143985E-10	5.47175669385648E-09	7.17114306481788E-07	4.27679793883916E-07	7.09535611936873E-09
61.7583333	9.32282868630516E-10	1.09481729244635E-08	1.01204323576615E-06	4.71665612973904E-07	7.37992386061737E-09
61.925	6.62488878491106E-10	7.52343770796707E-09	1.02333086667949E-06	5.73113124824673E-07	6.17191332606734E-09
62.0916667	6.26177609133395E-10	8.24892686747614E-09	8.13315508944466E-07	5.99900398273358E-07	7.21684882763437E-09
62.2583333	9.4187036233467E-10	5.1859648566959E-09	7.8470794852688E-07	5.48733512124166E-07	6.76830409381567E-09
62.425	3.96358558116001E-10	7.65524667621381E-09	7.51937389791558E-07	5.3132333178796E-07	5.92558734796202E-09
62.5916667	4.34500811165136E-10	9.37290688300317E-09	9.09283093403608E-07	5.14523634617671E-07	6.79762308854856E-09
62.7583333	6.55580724048265E-10	9.16082630659524E-09	1.09554029544738E-06	5.82940434328899E-07	7.71980658385113E-09
62.925	7.78391394191761E-10	7.99549014370131E-09	1.00022884581955E-06	6.45654197116624E-07	6.1201329594334E-09
63.0916667	4.77924752392218E-10	1.04056435569789E-08	9.02307039809702E-07	6.22209089155717E-07	7.35433191213032E-09
63.2583333	5.93023741638502E-10	1.07076388110189E-08	7.74632933488531E-07	5.78069020550716E-07	6.26382939639866E-09
63.425	7.6627848779111E-10	9.83627465739877E-09	7.79541566746433E-07	5.50787219422173E-07	5.34050743447725E-09
63.5916667	6.56039591016477E-10	1.06291048096119E-08	7.41935669225402E-07	5.62116746582688E-07	6.61128426503452E-09
63.7583333	6.92688863736921E-10	9.26585182799688E-09	6.61622875347656E-07	5.51927730376239E-07	6.67674991238431E-09
63.925	6.32551281269922E-10	8.46905495392754E-09	7.43203008752162E-07	5.48007102630611E-07	5.74435574028603E-09
64.0916666999999	5.93688755873938E-10	1.10145793938423E-08	7.85368426095563E-07	5.86362875899025E-07	7.06638591679262E-09
64.2583333	6.85468450043461E-10	8.31413381451391E-09	7.56759544950934E-07	6.08729661144102E-07	5.86672008400583E-09
64.425	5.87787831658358E-10	7.59473280124769E-09	7.78392998156966E-07	6.13466220657246E-07	5.1809160222059E-09
64.5916666999999	8.96609626252403E-10	7.59179884873678E-09	6.77789266505761E-07	6.32790621706907E-07	6.20921592099355E-09
64.7583333	4.40267345159865E-10	7.63291529834279E-09	5.39949297210136E-07	6.00584919094612E-07	6.86307021648992E-09
64.925	7.65955744436953E-10	7.44759509959896E-09	5.50851360083368E-07	5.50461936712392E-07	5.62843852483649E-09
65.0916666999999	5.92739269692681E-10	8.27699579281912E-09	6.51457501352947E-07	5.51578159674051E-07	6.11435993638473E-09
65.2583333	5.42440569294418E-10	8.27797169439224E-09	6.8319589133742E-07	5.86407276492042E-07	5.48068412496462E-09
65.425	5.33599881511155E-10	8.36164810647766E-09	6.25591156371893E-07	6.17319641036435E-07	5.43077915121407E-09
65.5916666999999	7.58388200763768E-10	6.89681411358885E-09	5.27019236019989E-07	6.13442029044599E-07	6.51743618249499E-09
65.7583333	9.53495322932612E-10	1.06015164677039E-08	5.38283511374711E-07	5.83362857315924E-07	6.79371622134706E-09
65.925	6.08530115776982E-10	9.31551921378572E-09	6.53722385135454E-07	6.00446417648616E-07	5.66826339522735E-09
66.0916666999999	3.60697980323965E-10	1.01687034579913E-08	7.12554703350004E-07	6.50580974065717E-07	6.71242953174989E-09
66.2583333	5.67978604186421E-10	8.49571369936671E-09	6.55801342931931E-07	6.49535132643373E-07	5.03344763928362E-09
66.425	6.4958603025314E-10	7.00389555480723E-09	5.73658621231923E-07	6.21587591900119E-07	4.49626051366471E-09
66.5916666999999	5.00507353541663E-10	7.90746161874708E-09	6.65576202529146E-07	6.27870240573887E-07	6.62470552039447E-09
66.7583333	4.67309400052575E-10	7.07267954911617E-09	7.24564799236478E-07	7.12448253528828E-07	6.78724120829413E-09
66.925	5.54279668675327E-10	5.93920324189908E-09	5.66010567773584E-07	7.40520031868333E-07	5.48592601761124E-09
67.0916666999999	7.57074995092447E-10	7.00938320128482E-09	4.25332290402895E-07	6.67578392696361E-07	6.43245932436699E-09
67.2583333	5.00960510169775E-10	9.44728781574339E-09	3.48105806328561E-07	5.96375848496353E-07	5.00001788540307E-09
67.425	6.02531969413693E-10	8.06218378604818E-09	3.35809278753615E-07	5.63191466027657E-07	5.39219117935178E-09
67.5916666999999	5.0867636405865E-10	8.647974366394E-09	4.4574591579067E-07	5.71543854271292E-07	6.05165271930896E-09
67.7583333	6.37853221996699E-10	1.00872945403377E-08	5.11133581247915E-07	6.56867828650167E-07	6.73946565236421E-09
67.925	8.74383378897953E-10	9.09220601514165E-09	4.52549932627281E-07	6.95615892606402E-07	6.12508125313283E-09
68.0916666999999	7.45459699272044E-10	7.63930154817554E-09	3.35179984307666E-07	6.66887553176566E-07	6.40905886799603E-09
68.2583333	4.13181722702981E-10	5.55462383203787E-09	3.16621609778883E-07	6.22663321937097E-07	5.03887574968462E-09
68.425	6.49424000805547E-10	6.40823540550981E-09	4.13975892862349E-07	6.15132192847407E-07	4.70027844994019E-09
68.5916666999999	3.48817902534169E-10	6.66116804697966E-09	4.43352677140736E-07	6.39276505272548E-07	5.99079704923301E-09
68.7583333	7.01848640866123E-10	6.05969078161628E-09	3.6951576497321E-07	6.04394903530295E-07	6.92833754443876E-09
68.925	6.88565759320817E-10	8.66810016262622E-09	3.14850422724742E-07	5.53147636044204E-07	6.00706082639804E-09
69.0916666999999	3.61012994959459E-10	6.47592913113023E-09	2.97587882131949E-07	5.28777429900501E-07	5.71477464294902E-09
69.2583333	7.20246561582733E-10	8.49998089325524E-09	3.11619552334055E-07	5.38600615979508E-07	5.59134857043249E-09
69.425	5.42312394138751E-10	7.63456163332235E-09	3.27533256042966E-07	5.62216639839696E-07	4.78494450525258E-09
69.5916666999999	2.60262237200417E-10	9.03040253300828E-09	3.26176193004023E-07	5.79468593717589E-07	5.06974837067844E-09
69.7583333	5.93428745785728E-10	8.27209574800887E-09	3.45345724436032E-07	6.23578468020869E-07	6.19223546353984E-09
69.925	7.10322641250176E-10	9.49945035652839E-09	3.76183104008548E-07	6.9172479186551E-07	5.34189172353349E-09
70.0916666999999	4.96624756459648E-10	6.18434027780134E-09	3.93619620154157E-07	7.08413148194713E-07	6.35902800349168E-09
70.2583333	7.62491988678499E-10	6.77577331646824E-09	4.07129542524369E-07	7.43485575843266E-07	5.73792517722901E-09
70.425	1.56123246219083E-10	8.15252738695714E-09	3.43624785311052E-07	7.59299096459337E-07	5.40281239853671E-09
70.5916666999999	3.49766566033131E-10	7.64370718142441E-09	2.74162503926457E-07	7.1433209777219E-07	6.0634158472085E-09
70.7583333	3.9889371046906E-10	5.47487375060338E-09	2.30669546347412E-07	6.69525600030125E-07	6.21681157450891E-09
70.925	5.67794586780165E-10	8.78557710050494E-09	3.33766274690827E-07	6.76387014620931E-07	6.0887197648834E-09
71.0916666999999	6.11785289581972E-10	6.28108233807294E-09	4.90715337720734E-07	8.32377871709011E-07	6.0305512429805E-09
71.2583333	4.11928265575466E-10	8.32811729624972E-09	4.88107342497337E-07	9.34188784868578E-07	5.45501686494753E-09
71.425	2.84281550039444E-10	5.31094131141933E-09	4.17466623714658E-07	9.50236836989291E-07	4.55461835542879E-09
71.5916666999999	3.19185414867001E-10	8.78565035978221E-09	2.6993010554332E-07	9.0987014542655E-07	5.53823555180851E-09
71.7583333	2.82445190803374E-10	6.65094875733594E-09	1.90108881733894E-07	7.87684423243489E-07	6.08927139231624E-09
71.925	5.16707807831185E-10	5.71621405737108E-09	1.84368095878106E-07	7.09320777311189E-07	5.38185426781842E-09
72.0916666999999	6.03574404090356E-10	7.26684078730838E-09	2.25483011410875E-07	7.44581134109342E-07	6.12332012662989E-09
72.2583333	6.44022405847859E-10	7.01624398330869E-09	2.32353428966235E-07	8.07855199631455E-07	4.88449055657691E-09
72.425	3.84728299091663E-10	7.60241801998261E-09	2.66358925310502E-07	8.43758641720514E-07	4.26217711695024E-09
72.5916666999999	4.03581462033267E-10	8.05663158993332E-09	2.58554488695789E-07	8.76678076720523E-07	5.62317256962003E-09
72.7583333	5.80610516663086E-10	6.76595013103155E-09	2.54803175589424E-07	8.83796959874348E-07	6.24724076282482E-09
72.925	3.72025637634497E-10	7.31397639972746E-09	2.45560435693978E-07	9.04208192446611E-07	4.74749111353889E-09
73.0916666999999	4.29709621581346E-10	6.25039431815911E-09	2.03259781311251E-07	8.93041702915679E-07	6.01130344208813E-09
73.2583333	4.87681075813735E-10	6.95196000736631E-09	1.82936947601967E-07	8.48600676754614E-07	5.100624421107E-09
73.425	5.85883034955447E-10	7.73808389244924E-09	2.1689998745601E-07	8.2578470525739E-07	4.73725473687504E-09
73.5916666999999	5.17607389177162E-10	6.25149200557704E-09	2.9596889987664E-07	9.18357807708835E-07	5.1159513284954E-09
73.7583333	6.79721966023219E-10	6.06180913436888E-09	3.09818956040431E-07	1.02580450736414E-06	5.94254190448786E-09
73.925	2.77028113452883E-10	8.50879326266322E-09	2.71142192430037E-07	9.9599895000884E-07	5.2423854738057E-09
74.0916666999999	5.04324786718075E-10	5.93611358018561E-09	2.55367430999764E-07	9.32089400875556E-07	5.73108784600613E-09
74.2583333	5.30139062829786E-10	6.69217468593519E-09	2.92666497111887E-07	9.43515324287022E-07	4.14719530244823E-09
74.425	4.23176092980194E-10	4.97367894887783E-09	3.47857212057595E-07	1.00620428439904E-06	4.80461120745722E-09
74.5916666999999	3.70858252137037E-10	8.7857324374916E-09	4.37490937155725E-07	1.15358746269493E-06	5.55355168954415E-09
74.7583333	3.5853211510949E-10	5.56541540672156E-09	4.36391634603512E-07	1.2294884683438E-06	6.16552862285298E-09
74.925	2.24273351319557E-10	7.58084770387559E-09	3.87064051688494E-07	1.24461624090123E-06	5.0180170306123E-09
75.0916666999999	5.37697910817419E-10	5.28856388075127E-09	3.04919942927582E-07	1.18933822580288E-06	5.7704378561053E-09
75.2583333	3.54268498480184E-10	7.93556341329368E-09	2.93624468018693E-07	1.12591190234734E-06	5.42216352363466E-09
75.425	5.62259998174856E-10	7.38978825010774E-09	3.15566895425496E-07	1.12183406961662E-06	4.81829105098562E-09
75.5916666999999	3.12596931613777E-10	7.21296795551671E-09	3.00513615673603E-07	1.17694981950022E-06	5.71558095791854E-09
75.7583333	5.27895190986908E-10	5.03559869783193E-09	2.50185716015341E-07	1.1529552697897E-06	6.04059897987004E-09
75.925	4.34981246516294E-10	7.21505746512972E-09	2.22838588828791E-07	1.09896124437962E-06	5.48105349901567E-09
76.0916666999999	6.00658588938654E-10	7.32116011150219E-09	2.07378300681269E-07	1.06721826696899E-06	6.08259247661114E-09
76.2583333	6.04382280688839E-10	5.04551966487934E-09	2.02456614479905E-07	1.12494871332141E-06	4.9895853692138E-09
76.425	6.79501679893185E-10	8.12061886638565E-09	1.5834658839461E-07	1.14849802022809E-06	4.46277941370735E-09
76.5916666999999	5.16175450681555E-10	7.50352231040661E-09	1.17098562569303E-07	1.02914515702854E-06	5.70158101445761E-09
76.7583333	5.45483099852844E-10	6.71920542766815E-09	1.04717587575109E-07	9.46190168363548E-07	6.08039130997703E-09
76.925	4.46288087411836E-10	7.18073492841914E-09	1.15854825753393E-07	9.34818560214362E-07	5.1355735715268E-09
77.0916666999999	2.78241516363961E-10	5.77896893395564E-09	1.19269619877037E-07	9.80669434536059E-07	5.95425709210844E-09
77.2583333	6.04003482633389E-10	3.81239176476847E-09	1.14835124113305E-07	1.01276504227901E-06	4.84299482683229E-09
77.425	8.54605055580492E-10	5.93768707845361E-09	1.1796093803001E-07	1.01771810338382E-06	4.74024007457321E-09
77.5916666999999	2.56725785814145E-10	7.12195195102265E-09	1.13742002135648E-07	1.06293237158365E-06	5.40213754927435E-09
77.7583333	5.08507431594798E-10	5.40281523754616E-09	9.69443516215544E-08	1.04386389860968E-06	6.09832589263235E-09
77.925	3.2251397622468E-10	5.2439458634877E-09	1.29817362867169E-07	1.03831484158594E-06	4.66819502786145E-09
78.0916666999999	1.9494948174853E-10	6.50689626002257E-09	1.88734849511941E-07	1.25833560093449E-06	5.73217106991751E-09
78.2583333	5.05191250554674E-10	5.69314474027726E-09	1.69929584571139E-07	1.35389052227696E-06	4.89304284348284E-09
78.425	4.34712053071147E-10	6.44208400431658E-09	1.17098370920412E-07	1.26227436823511E-06	4.18332073288208E-09
78.5916666999999	4.29923614269623E-10	7.98214069987114E-09	9.23567015585068E-08	1.1163730728835E-06	5.57275530694116E-09
78.7583333	3.10620350020231E-10	5.4756059755693E-09	1.06690775165393E-07	1.05571747828847E-06	5.9983605039879E-09
78.925	3.66351612642423E-10	8.17533042968571E-09	1.17965549806399E-07	1.08965899530037E-06	4.98786999934745E-09
79.0916666999999	6.03093146933839E-10	6.70340728319134E-09	1.04058612284942E-07	1.13521761478707E-06	5.53065022387444E-09
79.2583333	1.99131661260626E-10	6.16614049960507E-09	9.33421863371793E-08	1.14793315990099E-06	4.40037213836407E-09
79.425	4.80825524359254E-10	7.09663449394061E-09	9.40250741549384E-08	1.1451316147464E-06	4.99144104888519E-09
79.5916666999999	1.4771695858769E-10	6.50014527171216E-09	1.02396944487336E-07	1.14241260554877E-06	5.79170639836032E-09
79.7583333	3.33064061746937E-10	5.80564881803442E-09	1.12075874711585E-07	1.14360881389509E-06	5.98373392221687E-09
79.925	6.17017570652732E-10	6.77210607812468E-09	9.80260848179367E-08	1.15719238192796E-06	5.47949222017572E-09
80.0916666999999	3.10803496534415E-10	4.91199254888532E-09	1.10441941648126E-07	1.17214516509952E-06	5.38025339550025E-09
80.2583333	3.05719954264574E-10	5.22883370228612E-09	9.00236142041914E-08	1.17979247319722E-06	4.66918889240821E-09
80.425	6.81745093500161E-10	5.99126641302181E-09	5.90003703544807E-08	1.05730707943928E-06	5.12622052584069E-09
80.5916666999999	3.86986807003404E-10	5.40598081681902E-09	5.53895029162931E-08	9.80019799976436E-07	5.65767898228858E-09
80.7583333	3.52591043108223E-10	5.62606454305575E-09	7.07588898450134E-08	1.03665564523795E-06	5.78361941140456E-09
80.925	5.19713734540691E-10	6.97317910747335E-09	6.83728036660348E-08	1.14417503436616E-06	5.24779988686781E-09
81.0916666999999	2.87376864377429E-10	7.56897290261578E-09	5.38085181626749E-08	1.09595996757471E-06	5.61478115075424E-09
81.2583333	1.64447188250672E-10	6.12463581931935E-09	4.25088637547893E-08	1.00788429136894E-06	4.75996502746507E-09
81.425	4.08381313864174E-10	6.35783635539143E-09	4.45979991981698E-08	9.87789157490785E-07	4.70749231079433E-09
81.5916666999999	5.24420397919624E-10	6.62721677681899E-09	5.34075549226159E-08	1.09274615063406E-06	5.74074110742123E-09
81.7583333	1.176474248219E-10	5.53087883501773E-09	5.01978371585212E-08	1.18818385118666E-06	6.49606109982058E-09
81.925	1.23002951018412E-10	8.27307775507195E-09	2.88927289858414E-08	1.09032502255022E-06	5.1585757251409E-09
82.0916666999999	4.30776048343198E-10	5.78309784798466E-09	1.93301228630161E-08	8.79881666247123E-07	5.80346833685228E-09
82.2583333	4.90381046588892E-10	4.88318681438816E-09	1.5940201726461E-08	7.52494952424342E-07	4.56537574839455E-09
82.425	4.26047134688876E-10	5.48602973271135E-09	1.31078209657951E-08	7.20595591009497E-07	4.71365973192746E-09
82.5916666999999	4.26630064472782E-10	5.2623002690474E-09	1.56533095488112E-08	7.24079946386977E-07	5.41147680907381E-09
82.7583333	5.84574631650972E-10	4.81775525627226E-09	1.74796471522087E-08	7.75286705883495E-07	5.5976014321049E-09
82.925	5.75171356841017E-10	4.72888187725635E-09	1.61394303165046E-08	7.73276266498405E-07	4.63669944599217E-09
83.0916666999999	5.45261472415697E-10	6.60223375676379E-09	1.40326889975551E-08	7.23483837630967E-07	5.32715927134148E-09
83.2583333	3.10434978367773E-10	5.37334158590686E-09	1.49579834830866E-08	7.13886184722851E-07	4.68902802524846E-09
83.425	2.89697668368688E-10	6.55007879463239E-09	2.01863646494284E-08	7.76965551962338E-07	4.06470865253664E-09
83.5916666999999	1.8139731589045E-10	5.47350001780144E-09	2.71259995422454E-08	9.55257742239015E-07	5.5832854293643E-09
83.7583333	2.76098493217865E-10	5.71125897044222E-09	2.93692693109232E-08	1.09648644429422E-06	5.91120276115167E-09
83.925	2.23313567477829E-10	7.27537289583569E-09	2.75860409799702E-08	1.10199645476227E-06	4.60329529892116E-09
84.0916666999999	5.12445152157191E-10	5.80662776617385E-09	2.83296267282138E-08	1.12018881511552E-06	6.04243756030737E-09
84.2583333	8.04185362513643E-10	5.49594666997499E-09	3.2820118485327E-08	1.14924218860135E-06	4.76365973992574E-09
84.425	4.54456985134357E-10	6.14477136614027E-09	2.80087321596765E-08	1.15352917954754E-06	4.05778695533724E-09
84.5916666999999	5.0449119206512E-10	4.25742739635043E-09	2.23297289877324E-08	1.06159375855915E-06	5.34270685147807E-09
84.7583333	5.55183394213152E-10	6.46601985079958E-09	2.4586216160268E-08	1.02573966702096E-06	5.60321039864488E-09
84.925	3.67083009967422E-10	5.19610019858847E-09	3.14811955193058E-08	1.2013261282688E-06	4.67424219163917E-09
85.0916666999999	4.97745177529762E-10	6.33722697780857E-09	2.63842375808647E-08	1.22005637671604E-06	5.83777641576661E-09
85.2583333	5.80292446667174E-10	4.96534403010187E-09	2.32309230394081E-08	1.11282097836969E-06	4.75179565901029E-09
85.425	3.17003997506541E-10	5.381200920874E-09	2.58024249185042E-08	1.08542064529588E-06	4.56522498451344E-09
85.5916666999999	3.14292271565525E-10	4.53461183714898E-09	2.79864724553425E-08	1.13048078821008E-06	6.2166874689821E-09
85.7583333	5.35929027445775E-10	5.69578904005274E-09	2.69092547859531E-08	1.12905834420262E-06	6.50739525522874E-09
85.925	3.48873481885521E-10	5.61159277078711E-09	3.23450015885817E-08	1.1639714798769E-06	4.81070217975145E-09
86.0916666999999	2.72682782351354E-10	5.87599148281822E-09	4.31993901116897E-08	1.36091244513578E-06	5.54966282383541E-09
86.2583333	3.80441998910505E-10	6.47543297442575E-09	5.12479677375694E-08	1.59780064073595E-06	4.55070690313318E-09
86.425	3.10528573183785E-10	5.88371699967026E-09	3.98960183569787E-08	1.58200892783029E-06	4.51457108934086E-09
86.5916666999999	4.25053910812119E-10	3.57341749162777E-09	3.43565685196816E-08	1.44908495266021E-06	5.78399554767194E-09
86.7583333	2.7756088335876E-10	4.33780388688533E-09	3.93204837128599E-08	1.51471374769688E-06	5.61579953512025E-09
86.925	3.45581384029958E-10	7.32185008888204E-09	4.25251281293422E-08	1.66841952802352E-06	4.83356724448962E-09
87.0916666999999	2.34844656670011E-10	7.10258122434186E-09	3.86502963072885E-08	1.70470462137141E-06	5.69135134144357E-09
87.2583333	2.65364833453372E-10	3.53150837074066E-09	2.82155817995336E-08	1.60731356436502E-06	5.09469783211236E-09
87.425	2.32206449934347E-10	5.52224947946203E-09	1.93082875049097E-08	1.40815760389207E-06	4.92803341165038E-09
87.5916666999999	3.75268227858359E-10	6.32279771863389E-09	1.69318627769736E-08	1.26014201798675E-06	6.30337073056363E-09
87.7583333	2.11824799748387E-10	5.50081063151674E-09	1.60679984560323E-08	1.23921262642881E-06	6.25299208728831E-09
87.925	3.60571474012686E-10	5.78727786681717E-09	1.61598056317016E-08	1.24540852535322E-06	4.95887337619587E-09
88.0916666999999	1.67173820166023E-10	5.5090842915347E-09	1.73029928042241E-08	1.28064489901106E-06	5.32042506850773E-09
88.2583333	2.51187247575007E-10	6.57409500823464E-09	1.61321730291561E-08	1.31977996869087E-06	5.08556822143847E-09
88.425	2.36461731543438E-10	6.04427061162406E-09	1.46476005092442E-08	1.30634498559516E-06	4.46103131641907E-09
88.5916666999999	3.09047791581681E-10	4.39641013686034E-09	1.2995507480559E-08	1.24511045769217E-06	5.35257751459895E-09
88.7583333	4.08100428956998E-10	4.31994274655221E-09	1.29763752546528E-08	1.2078004683515E-06	5.92843031485705E-09
88.925	1.74549197170004E-10	2.75598468831137E-09	1.53061787189377E-08	1.26260932533555E-06	5.19035981157627E-09
89.0916666999999	2.83100713748435E-10	4.68436162041152E-09	1.63399476599206E-08	1.35149297027306E-06	6.14354494262884E-09
89.2583333	3.26550678118369E-10	4.84357204081999E-09	1.31776226355065E-08	1.30764945296911E-06	4.88636796315425E-09
89.425	3.55163005273425E-10	5.96542843581432E-09	1.05834137701726E-08	1.15449930826668E-06	4.62153233133118E-09
89.5916666999999	1.22318952318688E-10	5.25371492854517E-09	8.81419125467464E-09	1.01834475124815E-06	5.73881171980187E-09
89.7583333	3.57221939941231E-10	4.03870518640444E-09	6.95511337244363E-09	9.37104456049176E-07	6.00696051223857E-09
89.925	3.81646517134933E-10	3.78768682193659E-09	6.25120799764437E-09	9.14512125170021E-07	5.20889067260749E-09
90.0916666999999	3.3543391065728E-10	5.87427510719513E-09	7.82870590396688E-09	9.85902836619898E-07	5.71993182159761E-09
90.2583333	3.1760170341555E-10	5.11862688161476E-09	8.07057822146622E-09	1.07837719107298E-06	4.90807861191956E-09
90.425	3.50326967340898E-10	5.71156133613045E-09	7.57834724623125E-09	1.06692570135282E-06	4.34887497519012E-09
90.5916666999999	2.23287730566324E-10	7.25206002472175E-09	7.49217224872667E-09	1.06860741544894E-06	5.37887234926378E-09
90.7583333	3.48387560235506E-10	6.4989494427188E-09	7.71154648623722E-09	1.11525044391871E-06	5.54028349590183E-09
90.925	3.14257641522182E-10	5.15221092463404E-09	7.31248663950019E-09	1.08843370794335E-06	4.76515361509655E-09
91.0916666999999	4.91015319750501E-10	5.19052063411742E-09	8.35987284686111E-09	1.10829827560215E-06	5.72960552765236E-09
91.2583333	4.59964444490347E-10	7.65205444667635E-09	9.27925325005002E-09	1.17285746006847E-06	4.2993673666043E-09
91.425	3.56152040147634E-10	4.06768059280418E-09	7.51603740105098E-09	1.16041472016519E-06	4.02277178937862E-09
91.5916666999999	2.94852615904146E-10	5.91809576055218E-09	6.63917820044965E-09	1.07100335583371E-06	4.86240788421729E-09
91.7583333	3.02707705392141E-10	5.20898007880426E-09	6.54308880772984E-09	1.05142357973167E-06	6.04019469869339E-09
91.925	3.23318346200294E-10	3.66162375785433E-09	5.49460728026049E-09	1.01647597583452E-06	4.77393659569217E-09
92.0916666999999	1.53030527447731E-10	6.15992614779925E-09	5.76713035264527E-09	9.58186682105649E-07	5.43853585425131E-09
92.2583333	3.29926023482916E-10	5.97874243501747E-09	7.60263290512827E-09	9.87735323611747E-07	4.98827616101995E-09
92.425	7.66717189759914E-10	5.38481122538196E-09	7.99275763440987E-09	1.1619757081207E-06	4.36101643447161E-09
92.5916666999999	2.03122787932527E-10	6.27577430158157E-09	5.80220927208012E-09	1.17609547701697E-06	5.36997713141744E-09
92.7583333	3.03132368243729E-10	6.50823518238161E-09	5.63314896374623E-09	1.0486100289507E-06	5.57432226371851E-09
92.925	3.0898225822278E-10	7.18160493306642E-09	5.59099937043702E-09	9.94658129002342E-07	4.58807762169164E-09
93.0916666999999	4.1199772875408E-10	4.93707428831101E-09	7.28994071255546E-09	1.06778587618132E-06	5.41557634540067E-09
93.2583333	3.63341637685412E-10	5.76135764595685E-09	8.21155723099558E-09	1.23620998370339E-06	4.28526151786623E-09
93.425	5.35289663535451E-10	5.67885979376128E-09	8.23161716709084E-09	1.26588503630166E-06	3.85760689113961E-09
93.5916666999999	3.88995076032525E-10	4.30903846793245E-09	8.91402027858556E-09	1.3041340045287E-06	4.89726705311579E-09
93.7583333	2.93656320539365E-10	4.4146762693639E-09	8.07566340292101E-09	1.35766292871954E-06	5.97268843885729E-09
93.925	2.18008353831839E-10	6.23855552277135E-09	7.12694917673723E-09	1.22685717569177E-06	4.36353920243023E-09
94.0916666999999	3.27756504669719E-10	6.2847582316753E-09	8.10748225138959E-09	1.17912601062593E-06	5.29726456585132E-09
94.2583333	4.3867167557619E-10	4.87179196781623E-09	8.9082426375869E-09	1.26883139820756E-06	4.36879172781602E-09
94.425	2.07571917950136E-10	4.36522158930679E-09	7.8342149727978E-09	1.35062778489392E-06	4.10179618262629E-09
94.5916666999999	3.94939972110922E-10	5.38678576540631E-09	6.46760890461291E-09	1.2716376198833E-06	5.04384303684972E-09
94.7583333	5.43104299272882E-10	5.77167126631828E-09	7.40532765089117E-09	1.17189979106881E-06	5.52100379020955E-09
94.925	4.4195363520811E-10	5.12912949018127E-09	1.04961312467707E-08	1.24534249538549E-06	4.82995489001082E-09
95.0916666999999	2.93988985240623E-10	5.55467832732544E-09	1.16500327730748E-08	1.38417090948451E-06	5.41473243211989E-09
95.2583333	4.85370283785023E-10	5.27648515547728E-09	1.03076283110522E-08	1.35762075824668E-06	5.00737377484249E-09
95.425	4.78221605163134E-10	4.99550165165068E-09	8.53021658488105E-09	1.26283589069043E-06	4.77706773198211E-09
95.5916666999999	2.50244164386411E-10	3.88963657411372E-09	8.55501057448164E-09	1.27170446697848E-06	5.82482465190072E-09
95.7583333	5.14699671260893E-10	6.47300932357921E-09	8.74055334692439E-09	1.30201429700224E-06	5.56218714022353E-09
95.925	3.86962100391746E-10	5.69334483722218E-09	9.36393433328916E-09	1.31995264863302E-06	4.59187021995694E-09
96.0916666999999	2.92602512860681E-10	5.7031757546516E-09	9.63999070148594E-09	1.25733041941367E-06	5.08418736353915E-09
96.2583333	4.00638952100743E-10	6.17547703522942E-09	8.02560011619685E-09	1.16270388829227E-06	5.20023863490166E-09
96.425	7.18867700113989E-10	5.70759987894559E-09	6.8725159801536E-09	1.06773571743875E-06	4.94472225110459E-09
96.5916666999999	3.77942414108304E-10	4.67052313148034E-09	6.0619506049417E-09	1.04169348922662E-06	5.37913938845848E-09
96.7583333	4.49329150216137E-10	4.94865182072697E-09	4.8383603162209E-09	1.03154138553934E-06	5.77125254785119E-09
96.925	4.5681542351659E-10	4.82221136077642E-09	3.8176924799076E-09	9.07479241697997E-07	4.82146936364513E-09
97.0916666999999	3.9649400655328E-10	6.34191613200111E-09	2.0654253908953E-09	7.45181159164757E-07	5.38541398327853E-09
97.2583333	2.95295207747592E-10	6.25202529162024E-09	1.84065389723845E-09	5.98829951057025E-07	3.92358785363259E-09
97.425	2.74569983691603E-10	5.06340114372235E-09	2.892534499157E-09	5.38622972415921E-07	3.7375001008223E-09
97.5916666999999	2.37832582513355E-10	5.73001103501057E-09	3.38701417898929E-09	6.37972534351143E-07	5.11253241647943E-09
97.7583333	3.63628128887201E-10	3.31542343154578E-09	3.53748175584095E-09	7.51681216226622E-07	5.56852730105951E-09
97.925	2.75080679058861E-10	5.32815685157371E-09	3.38135845668832E-09	7.61171519644213E-07	4.83013626460881E-09
98.0916666999999	5.23326785041429E-10	5.34316742057192E-09	2.65313274893732E-09	6.91844811079031E-07	5.37450725541841E-09
98.2583333	1.46242823685514E-10	5.21674854861659E-09	1.58731951621416E-09	5.77363077732391E-07	5.13149768006551E-09
98.425	5.15356169160293E-10	6.18230627040416E-09	1.88093965839161E-09	4.96463047566841E-07	4.39269549131429E-09
98.5916666999999	2.77852194037565E-10	6.87181597212808E-09	2.94066460948141E-09	5.40778936523658E-07	4.82203092411413E-09
98.7583333	3.78873388745775E-10	4.88502539196277E-09	3.13292931772963E-09	6.86395115347632E-07	5.47588820977363E-09
98.925	5.15499527619212E-10	8.08125464279114E-09	3.33081008470057E-09	7.31135115331193E-07	4.88725887151747E-09
99.0916666999999	3.57957053694833E-10	5.12247531653403E-09	2.52956856442798E-09	7.53632307543794E-07	5.36681492785623E-09
99.2583333	5.90455974134399E-10	5.29718394793189E-09	2.75263275820012E-09	7.41193786977054E-07	4.61866545762492E-09
99.425	4.67998143225918E-10	5.62087781796589E-09	2.67067253417199E-09	6.90749160823271E-07	4.01990941353771E-09
99.5916666999999	4.15070036110346E-10	4.55834610017369E-09	2.93226549134294E-09	6.86852372242855E-07	5.11941583280609E-09
99.7583333	3.99751079831089E-10	3.96880856975862E-09	2.52293631481722E-09	7.13191755872157E-07	5.36426569404213E-09
99.925	2.95665384130199E-10	5.97739827711988E-09	2.06476897533851E-09	7.06065195334052E-07	3.88601656452045E-09
100.091667	1.63186841354781E-10	4.99926169529042E-09	1.97801199955205E-09	6.56390991281944E-07	5.62622901792371E-09
100.258333	1.49116582083059E-10	5.70715391442258E-09	2.3959293409612E-09	6.08383047957795E-07	4.56802452603021E-09
100.425	3.88534481795953E-10	4.43782474617429E-09	2.8502467243087E-09	6.14079565659536E-07	4.42007383781057E-09
100.591667	3.47451878849273E-10	6.39633626667394E-09	3.11653747183839E-09	6.84141617997105E-07	4.96982296694438E-09
100.758333	3.97778701546144E-10	4.89616654333742E-09	4.44468918490063E-09	7.81724957966367E-07	5.34843976602407E-09
100.925	2.80789052562274E-10	6.54468824544759E-09	6.55090099235554E-09	9.62848191923924E-07	4.12037685090127E-09
101.091667	3.52433216730517E-10	7.58916832813663E-09	7.01699646634355E-09	1.08206925888517E-06	4.88325265632793E-09
101.258333	5.41655644165286E-10	5.10700524215412E-09	5.82351982259723E-09	9.80919169880279E-07	3.98795487463294E-09
101.425	3.51359574144593E-10	4.28216765683061E-09	7.47786177157186E-09	9.40078691555482E-07	4.24680484376846E-09
101.591667	3.67699000213068E-10	5.36415695093671E-09	9.2771465778956E-09	1.07417885122518E-06	4.95052640770238E-09
101.746665666666	4.35373674188474E-10	2.68244554981438E-09	9.03676983166884E-09	1.19517658680446E-06	4.39345940137865E-09
