time	N2O	NO	NH3	CO	HC
0.091666667	1.54917364293339E-06	3.15667072682744E-05	2.18754781280486E-08	0.000174401592077	1.40415939313701E-05
0.258333333	1.58067136161871E-06	3.14597431894041E-05	2.2179380763625E-08	0.000174215507623	1.4002713968536E-05
0.425	1.60845923406027E-06	3.13212510573461E-05	2.17217005361005E-08	0.000174147308784	1.40628530725719E-05
0.591666666999999	1.63355316700108E-06	3.12163516422436E-05	2.28593890917358E-08	0.000173837078318	1.40524172718596E-05
0.758333332999999	1.6537264551466E-06	3.1101855487726E-05	2.23392453402197E-08	0.00017349329721	1.40705632288157E-05
0.925	1.672904280042E-06	3.09609616013125E-05	2.34381578914517E-08	0.000173076508226	1.38681837917651E-05
1.09166667	1.68701945725697E-06	3.08533568256371E-05	2.43395981047278E-08	0.000173046762594	1.3944137395399E-05
1.25833333	1.7037492241274E-06	3.07536051452556E-05	2.41464357071279E-08	0.000172621420032	1.38442396687903E-05
1.42499999999999	1.71734386257048E-06	3.0640671535139E-05	2.4016606805273E-08	0.000172376124796	1.39320793364707E-05
1.59166667	1.73124909925452E-06	3.05732616735602E-05	2.45789166274651E-08	0.000172127335669	1.40230239457451E-05
1.75833333	1.74261144654304E-06	3.05059346428013E-05	2.41105556746576E-08	0.000172108157299	1.40888972599351E-05
1.925	1.75584543306539E-06	3.04738578867006E-05	2.4720907891472E-08	0.000172216788264	1.39021386312108E-05
2.09166666999999	1.76409996603665E-06	3.03996294117908E-05	2.53506863036496E-08	0.000171912880516	1.38768815343663E-05
2.25833333	1.77582871376216E-06	3.03714893846512E-05	2.47151830845938E-08	0.000172139859943	1.38229686890515E-05
2.425	1.78241876792923E-06	3.03304184876995E-05	2.58214580530584E-08	0.000171837493023	1.37364355386224E-05
2.59166667	1.78953342419483E-06	3.03124436492925E-05	2.58235353642904E-08	0.000171456908014	1.38634978786701E-05
2.75833333	1.79793636958355E-06	3.02859023037815E-05	2.52775066548176E-08	0.000171853605826	1.37961303682205E-05
2.925	1.80299523459259E-06	3.02468093866854E-05	2.6102205670692E-08	0.000171685361355	1.39693193373631E-05
3.09166667	1.80811357951582E-06	3.02495027803921E-05	2.56882022433274E-08	0.000171653687798	1.38375446312709E-05
3.25833333	1.81373351944711E-06	3.02126976651711E-05	2.61672022555467E-08	0.000171531997254	1.39861839918697E-05
3.425	1.81619527968692E-06	3.01960923497688E-05	2.43687729815052E-08	0.000171415257087	1.38092552921402E-05
3.59166667	1.82021170726761E-06	3.01951673702278E-05	2.40420016010544E-08	0.000171532060365	1.39335982011955E-05
3.75833333	1.82097124203299E-06	3.01719993406551E-05	2.32561710375689E-08	0.000171612948344	1.3883149369618E-05
3.925	1.82263701290648E-06	3.020096370408E-05	2.29160439592473E-08	0.000171265507041	1.41290656103567E-05
4.09166667	1.82085458844708E-06	3.01845228313107E-05	2.29768850160178E-08	0.000171537819341	1.41177470673351E-05
4.25833333	1.82277335125885E-06	3.01946955963927E-05	2.26470652285486E-08	0.000171638436094	1.40504915580991E-05
4.425	1.81866883901461E-06	3.0164187636536E-05	2.32070014787757E-08	0.00017144129214	1.39878119440309E-05
4.59166667	1.82114099795116E-06	3.01866059890941E-05	2.22517151349042E-08	0.000171715339672	1.39506813054331E-05
4.75833333	1.81525250829785E-06	3.01549436886255E-05	2.29427317927144E-08	0.000171419092449	1.40584844420221E-05
4.925	1.81543655821041E-06	3.01800747420151E-05	2.31181315889671E-08	0.000171503594322	1.37863260537519E-05
5.09166667	1.81166812277522E-06	3.01755664155396E-05	2.23920930121201E-08	0.000171588213965	1.39065527366889E-05
5.25833333	1.81069173772891E-06	3.02063383836266E-05	2.22312158852372E-08	0.000171625174872	1.37871939044967E-05
5.425	1.80522575313817E-06	3.01838993659109E-05	2.20150803904255E-08	0.000171200806657	1.39446750097468E-05
5.59166666999999	1.80358950652311E-06	3.02181104257216E-05	2.21586977530486E-08	0.000171602600563	1.38049917355811E-05
5.75833333	1.79932204789013E-06	3.01943586457724E-05	2.19647550501427E-08	0.000171366486117	1.39777935955758E-05
5.925	1.79778699761968E-06	3.02165027154999E-05	2.27551094187462E-08	0.000171204080569	1.38495313786249E-05
6.09166666999999	1.79087258091297E-06	3.02249773124261E-05	2.14033463026394E-08	0.000171371256869	1.40856680024334E-05
6.25833333	1.78822554130324E-06	3.02446961395195E-05	2.15845689749016E-08	0.000171415108361	1.3996455863595E-05
6.425	1.78269952194615E-06	3.02564648443036E-05	2.19560722733211E-08	0.000171290558618	1.40329340899645E-05
6.59166667	1.77750055238954E-06	3.02577563818461E-05	2.19610913338852E-08	0.000171492524409	1.3999399625488E-05
6.75833333	1.77420184079894E-06	3.02873759611306E-05	2.03665769949158E-08	0.000171453321871	1.40977237148255E-05
6.925	1.76979187884856E-06	3.03359272909348E-05	2.10791405660418E-08	0.000171723940366	1.40095136012949E-05
7.09166667	1.76421025070045E-06	3.03268146103686E-05	2.10434925261756E-08	0.000171460418413	1.39645341818662E-05
7.25833333	1.76154173600744E-06	3.03437713893021E-05	2.0410241039042E-08	0.000171596590619	1.40840080828402E-05
7.425	1.75244553921528E-06	3.0357490111202E-05	2.13196256026146E-08	0.000171463738703	1.3940911901712E-05
7.59166667	1.75165268741542E-06	3.0387158411478E-05	2.01032964496083E-08	0.000171460226255	1.41844300843409E-05
7.75833333	1.74379905811207E-06	3.04064042792709E-05	1.96715166954726E-08	0.000171538356436	1.40051287631873E-05
7.925	1.73937408509573E-06	3.04319903836657E-05	2.13567885404256E-08	0.000171681199003	1.42100944871527E-05
8.09166667	1.73339124255648E-06	3.04613545110634E-05	2.11960439684199E-08	0.000171946252993	1.39498081224379E-05
8.25833333	1.7306160235919E-06	3.04946334042361E-05	1.99114898857027E-08	0.00017200266725	1.40695759483332E-05
8.425	1.72401521484179E-06	3.05032812790091E-05	1.96553713066893E-08	0.000171959583987	1.38150274129359E-05
8.59166667	1.71953730838274E-06	3.05196243047029E-05	2.02820016331453E-08	0.000171935858461	1.40031974411564E-05
8.75833333	1.71852560046131E-06	3.05758603682766E-05	1.98697445624754E-08	0.000172078545076	1.38657463461216E-05
8.925	1.7108024847207E-06	3.05417578915606E-05	1.84356401746271E-08	0.00017162888332	1.39522918584208E-05
9.09166667	1.70805650968867E-06	3.05835248809488E-05	1.83006768361198E-08	0.000172164385935	1.39823823676016E-05
9.25833333	1.70236373588268E-06	3.06107513453618E-05	1.80923808581141E-08	0.00017209582037	1.41550864193019E-05
9.425	1.69761880859983E-06	3.06452199560575E-05	1.65381703312146E-08	0.000172194308181	1.42324952245424E-05
9.59166667	1.69525786935751E-06	3.06914752512383E-05	1.61119597145192E-08	0.000172401429312	1.40311963024675E-05
9.75833333	1.68765574849723E-06	3.06915190695303E-05	1.66110642269211E-08	0.000172225669525	1.40722768159941E-05
9.925	1.68413019376539E-06	3.07246941187111E-05	1.53130673508779E-08	0.000172213460758	1.39466421106738E-05
10.0916667	1.67666429743409E-06	3.07345537890999E-05	1.540539106939E-08	0.000172331341013	1.39936678310725E-05
10.2583333	1.6735042038444E-06	3.0765159307532E-05	1.52459731111309E-08	0.000172479302285	1.37678979434379E-05
10.425	1.6673549590522E-06	3.07664504054938E-05	1.53327629604882E-08	0.000172263951881	1.38295406338524E-05
10.5916667	1.66237377180282E-06	3.08102533462938E-05	1.494656817807E-08	0.000172509045659	1.3833732375018E-05
10.7583332999999	1.65686942861203E-06	3.07971176406454E-05	1.46398854871462E-08	0.000172267903845	1.41153195295044E-05
10.925	1.65239131495143E-06	3.08215807645213E-05	1.49477423877625E-08	0.000172409557385	1.38023921033858E-05
11.0916667	1.64819110679216E-06	3.08466786789946E-05	1.49380646730422E-08	0.000172448660515	1.3874016783826E-05
11.2583332999999	1.64384947377042E-06	3.08654100182685E-05	1.46068303383215E-08	0.000172556910063	1.37538600785139E-05
11.425	1.63946963777596E-06	3.0855907610771E-05	1.4814101448628E-08	0.000172529182076	1.39949622729319E-05
11.5916667	1.6346875512536E-06	3.08815451171658E-05	1.36411873929279E-08	0.000172038362004	1.39576835380727E-05
11.7583332999999	1.63125029999537E-06	3.08915738670212E-05	1.39429098750887E-08	0.000172418140481	1.40946681698257E-05
11.925	1.62815393327775E-06	3.08953579155671E-05	1.46122850421859E-08	0.000172404336893	1.41581935498249E-05
12.0916667	1.62337983314408E-06	3.08994985738959E-05	1.31299229279582E-08	0.000172428472747	1.40913740029803E-05
12.2583332999999	1.6202232320426E-06	3.09316267657055E-05	1.43286818990838E-08	0.000172368972745	1.40085314051762E-05
12.425	1.61427367202791E-06	3.09625671675001E-05	1.34930200771087E-08	0.000172416413905	1.395910914791E-05
12.5916667	1.61049451563353E-06	3.09555337613806E-05	1.38480538878692E-08	0.000172422670968	1.39998116053227E-05
12.7583332999999	1.60770795069778E-06	3.09826443192809E-05	1.49093446315042E-08	0.000172607614334	1.39248487465959E-05
12.925	1.60358874279646E-06	3.09645478468378E-05	1.47997652534793E-08	0.000172420882031	1.40023815275176E-05
13.0916667	1.60068681444149E-06	3.09597025462974E-05	1.32601573226033E-08	0.000172317482253	1.38251558749601E-05
13.2583332999999	1.59562395462858E-06	3.09549696474324E-05	1.37109056428288E-08	0.000172324406773	1.40071300592586E-05
13.425	1.59350096409437E-06	3.09901760929589E-05	1.32891066468689E-08	0.000172275449843	1.38275261186832E-05
13.5916667	1.59338474623231E-06	3.09884423490644E-05	1.28563027790147E-08	0.000172450760548	1.39488922816641E-05
13.7583332999999	1.58570833951761E-06	3.09925862760586E-05	1.26258781348046E-08	0.00017234191493	1.38787885059026E-05
13.925	1.58538962212469E-06	3.10135780596172E-05	1.2260339605356E-08	0.000172440565681	1.4052437447504E-05
14.0916667	1.58250140166023E-06	3.10298789868788E-05	1.2615943419768E-08	0.000172498879677	1.40264063518126E-05
14.2583333	1.58011176393711E-06	3.10471130390885E-05	1.40514761810918E-08	0.000172622858734	1.4004632741609E-05
14.425	1.57865523182543E-06	3.10560968727276E-05	1.2816655543665E-08	0.000172375616541	1.39208317279861E-05
14.5916667	1.57593961481956E-06	3.10621774880708E-05	1.26440621017765E-08	0.000172636394645	1.40932838382066E-05
14.7583333	1.57352673424035E-06	3.10622392824043E-05	1.28124046079298E-08	0.00017269965177	1.40877860994179E-05
14.925	1.57161567415498E-06	3.10803368684211E-05	1.33730249727529E-08	0.000172585467512	1.40913826319863E-05
15.0916667	1.57342472668438E-06	3.10821191627048E-05	1.24762210445225E-08	0.000172675576667	1.4111978782709E-05
15.2583333	1.56987081247822E-06	3.10720766835461E-05	1.31191584150293E-08	0.000172706400114	1.39820033426401E-05
15.425	1.56685860768788E-06	3.10936881706818E-05	1.30963195880813E-08	0.000172622969986	1.41523696464342E-05
15.5916667	1.56557208250931E-06	3.11044004961103E-05	1.24329697599881E-08	0.000172206302047	1.39615217147892E-05
15.7583333	1.56472184033945E-06	3.11023412426211E-05	1.14753175227048E-08	0.000172673644845	1.40103932447637E-05
15.925	1.5660059663703E-06	3.1133951736775E-05	1.21095499714924E-08	0.000172547187973	1.38306788975678E-05
16.0916666999999	1.56183008668352E-06	3.11017715309331E-05	1.18921602812592E-08	0.000172619731719	1.39982591567493E-05
16.2583333	1.56106225120887E-06	3.10954201118109E-05	1.25250537137615E-08	0.000172570733077	1.37900562832121E-05
16.425	1.55936633285854E-06	3.11066782309661E-05	1.34161782844414E-08	0.000172602144392	1.3968638583461E-05
16.5916666999999	1.56005176636169E-06	3.10824328259606E-05	1.25213639810615E-08	0.000172487751056	1.3930514140498E-05
16.7583333	1.55846641960028E-06	3.11035415916099E-05	1.37063911043261E-08	0.000172564906564	1.40607292787962E-05
16.925	1.55981383767309E-06	3.11132591023395E-05	1.180295796488E-08	0.000172583193325	1.39808661116316E-05
17.0916666999999	1.55842261257681E-06	3.11169416627794E-05	1.2529746251198E-08	0.000172595900227	1.39795528841581E-05
17.2583333	1.5574585400921E-06	3.10954378874721E-05	1.21950534567144E-08	0.000172573382008	1.40102903556659E-05
17.425	1.55521262610129E-06	3.11154575000208E-05	1.29488344114227E-08	0.000172599069897	1.40231542445594E-05
17.5916666999999	1.55586012244036E-06	3.11221467502492E-05	1.21886365481861E-08	0.000172594999002	1.40520976813201E-05
17.7583333	1.55587689425773E-06	3.11183790512045E-05	1.19332907809455E-08	0.000172571454433	1.39854780531749E-05
17.925	1.55883357521152E-06	3.11333715055817E-05	1.35801224291756E-08	0.000172488763277	1.40128668717021E-05
18.0916666999999	1.55429104003389E-06	3.11304716844099E-05	1.29128736597058E-08	0.000172504659954	1.39092137905725E-05
18.2583333	1.55664239546223E-06	3.11214751896984E-05	1.27829573861978E-08	0.00017250011485	1.40599013377067E-05
18.425	1.55718940049036E-06	3.11662656789302E-05	1.26757448417076E-08	0.000172587819542	1.40426544890442E-05
18.5916666999999	1.5560360349918E-06	3.11537280889446E-05	1.28489073804871E-08	0.000172657186803	1.40789619932574E-05
18.7583333	1.55570943120212E-06	3.11281402524437E-05	1.22522906549881E-08	0.000172601328109	1.39789249559793E-05
18.925	1.55522201532573E-06	3.11175592294001E-05	1.20910898387767E-08	0.000172436871354	1.40182694703392E-05
19.0916666999999	1.55734718444304E-06	3.11301724403778E-05	1.28277667299286E-08	0.000172383271995	1.40484862540431E-05
19.2583333	1.55763996361686E-06	3.11254731795996E-05	1.23814182081878E-08	0.000172709193132	1.40565466702673E-05
19.425	1.55576139308663E-06	3.11138523853E-05	1.32288499386953E-08	0.000172521915201	1.39732094148468E-05
19.5916666999999	1.55651762457046E-06	3.10574706211907E-05	1.09790268299919E-08	0.000172535050451	1.3971043677977E-05
19.7583333	1.55721775075369E-06	3.10792927585139E-05	1.29542102499798E-08	0.000172359960873	1.38783140143707E-05
19.925	1.55837194674846E-06	3.10535800368695E-05	1.29428102418563E-08	0.000172643930669	1.39024743606926E-05
20.0916666999999	1.5586428889344E-06	3.110581330568E-05	1.25426860539662E-08	0.000172569002527	1.38606563595986E-05
20.2583333	1.56028819970183E-06	3.10647065450094E-05	1.26221293956555E-08	0.000172366797705	1.38294524100045E-05
20.425	1.55735032539285E-06	3.10775870257297E-05	1.18988633976107E-08	0.000172563951393	1.37958265606228E-05
20.5916666999999	1.56172050331852E-06	3.10761932210867E-05	1.22856521014484E-08	0.000172540258243	1.38666018519576E-05
20.7583333	1.56170859260256E-06	3.10644472957771E-05	1.24710823617377E-08	0.000172339141311	1.39464260941249E-05
20.925	1.56075574025796E-06	3.10494143233616E-05	1.20209149455603E-08	0.000172305918403	1.40325954521729E-05
21.0916666999999	1.56193335958915E-06	3.10482150842309E-05	1.30696724861723E-08	0.000172328308108	1.40867005444255E-05
21.2583333	1.56224124662007E-06	3.103932183311E-05	1.20783146507818E-08	0.000172429890899	1.38563022761489E-05
21.4249999999999	1.56367804205609E-06	3.10528676092995E-05	1.2988788744449E-08	0.000172430370285	1.38923606858097E-05
21.5916666999999	1.56188702118541E-06	3.10117229794923E-05	1.22006454225576E-08	0.000172101500727	1.3750190518086E-05
21.7583333	1.56363838188622E-06	3.10159213102726E-05	1.18045170206686E-08	0.000172219972195	1.38433083710687E-05
21.9249999999999	1.5657406916301E-06	3.10296765645286E-05	1.15275822546611E-08	0.000172288044501	1.38895793185403E-05
22.0916666999999	1.56301887772913E-06	3.10024261355972E-05	1.29144969872655E-08	0.000172192401793	1.38657212981792E-05
22.2583333	1.56772531397076E-06	3.10274062785696E-05	1.20628191028661E-08	0.000172265161786	1.36712910224252E-05
22.4249999999999	1.56649792978741E-06	3.10130661187295E-05	1.29401458684636E-08	0.000172195275973	1.37172099053172E-05
22.5916666999999	1.56627530024488E-06	3.10050890586344E-05	1.27301483876943E-08	0.000172266006445	1.36348889497706E-05
22.7583333	1.56735755078106E-06	3.10127008657557E-05	1.22018969515228E-08	0.000172212984455	1.37390736248191E-05
22.9249999999999	1.56794173549173E-06	3.09986943825996E-05	1.26457865849032E-08	0.000172231309019	1.36492119841637E-05
23.0916666999999	1.57099001537049E-06	3.09773021035532E-05	1.31404520296645E-08	0.000172282741939	1.37153257673609E-05
23.2583333	1.56970654477102E-06	3.09765596763137E-05	1.26628171053666E-08	0.000172028315965	1.37299770284696E-05
23.4249999999999	1.57023094444778E-06	3.09651550274559E-05	1.25201959740626E-08	0.000172045796742	1.38406742011434E-05
23.5916666999999	1.57163470477994E-06	3.09609462194379E-05	1.2123987005967E-08	0.000172374103251	1.37034905662602E-05
23.7583333	1.57422455277455E-06	3.09985574610799E-05	1.29834882330223E-08	0.000172250246538	1.38726792458882E-05
23.9249999999999	1.57507561220433E-06	3.09674190469272E-05	1.26314257053347E-08	0.000172279835971	1.39157192512264E-05
24.0916666999999	1.57639378806532E-06	3.09777449133561E-05	1.27066574981626E-08	0.000172426783743	1.40285294225978E-05
24.2583333	1.57725102959858E-06	3.09629724682324E-05	1.30566977739405E-08	0.00017207472269	1.39740824028917E-05
24.4249999999999	1.57798071770539E-06	3.09494960731971E-05	1.18098642026823E-08	0.000172157644358	1.38649749781282E-05
24.5916666999999	1.57721460114274E-06	3.09527841932238E-05	1.30737950969495E-08	0.000172331600424	1.38226292452768E-05
24.7583333	1.57824282558217E-06	3.09620469222012E-05	1.31316034284089E-08	0.000172375329177	1.38939279944063E-05
24.9249999999999	1.5806151138363E-06	3.09483953780943E-05	1.35055576939312E-08	0.000172225880134	1.40057797892686E-05
25.0916666999999	1.5803642838077E-06	3.09400513919629E-05	1.30072165263363E-08	0.000172315471218	1.38995547886337E-05
25.2583333	1.58024557939456E-06	3.09458601953296E-05	1.36205284059317E-08	0.00017228306673	1.40248690709968E-05
25.4249999999999	1.57986344000141E-06	3.09292546903442E-05	1.26932128489969E-08	0.000172326558624	1.39079310227052E-05
25.5916666999999	1.58040642462342E-06	3.09359402371113E-05	1.25579942053457E-08	0.000172024997783	1.40457374845727E-05
25.7583332999999	1.58313891853992E-06	3.08936731620797E-05	1.34506049542245E-08	0.000171938615127	1.3735951214733E-05
25.925	1.58306539749975E-06	3.09082956327818E-05	1.20785473811208E-08	0.000171943891416	1.38692718721614E-05
26.0916667	1.58251755393371E-06	3.09061868202305E-05	1.29658177881664E-08	0.000172008876859	1.35744834725338E-05
26.2583332999999	1.5812748656407E-06	3.09159607354638E-05	1.43980834144085E-08	0.000172146779951	1.38213010805203E-05
26.425	1.5818417975242E-06	3.09065959016749E-05	1.25447458563832E-08	0.00017223421053	1.37310027776123E-05
26.5916667	1.58322485542066E-06	3.09062241928345E-05	1.28805817993723E-08	0.000172181159966	1.40208426589164E-05
26.7583332999999	1.58427384813985E-06	3.09384051090526E-05	1.25852771586216E-08	0.000172395248869	1.38761460977336E-05
26.925	1.58623954787157E-06	3.09324316491296E-05	1.31557091149015E-08	0.000172258159398	1.40021092664411E-05
27.0916667	1.5846748662726E-06	3.09141657669852E-05	1.30205699254236E-08	0.000172324802663	1.39768803745737E-05
27.2583332999999	1.58574144546778E-06	3.09048319539535E-05	1.32390031311081E-08	0.000172186480228	1.41118127897478E-05
27.425	1.58431693633576E-06	3.09019763422367E-05	1.36985947875363E-08	0.000172022506348	1.41388471032417E-05
27.5916667	1.58685181436601E-06	3.09008526290199E-05	1.27934825632027E-08	0.000172168721897	1.40361089569735E-05
27.7583332999999	1.58607241693503E-06	3.09124702731481E-05	1.38297502610048E-08	0.000172189500798	1.41395460867497E-05
27.925	1.58660279685873E-06	3.08928487430084E-05	1.38749254551945E-08	0.00017203722974	1.38847149041633E-05
28.0916667	1.58539444946809E-06	3.08833411983714E-05	1.3301596146228E-08	0.000171984225939	1.40260440549407E-05
28.2583332999999	1.5859966372917E-06	3.0885347330158E-05	1.29843030700659E-08	0.00017187604615	1.36900575925026E-05
28.425	1.58766097629739E-06	3.08944199052617E-05	1.36851654460546E-08	0.000172069174357	1.39684215286088E-05
28.5916667	1.58893421464141E-06	3.09005168440647E-05	1.36682874501773E-08	0.000172051961473	1.37769669809413E-05
28.7583332999999	1.5883296890154E-06	3.08667469681365E-05	1.40416312255708E-08	0.000172154574357	1.41309254418278E-05
28.925	1.58540657714125E-06	3.08703517082467E-05	1.34764866494414E-08	0.000171906188109	1.38801450313221E-05
29.0916667	1.58856253754937E-06	3.08692731993756E-05	1.4056611130915E-08	0.000171967559176	1.40958973571079E-05
29.2583332999999	1.58612521905167E-06	3.08668608471914E-05	1.30458409426576E-08	0.000172037667179	1.38568548768554E-05
29.425	1.58945754992508E-06	3.08793323448982E-05	1.32683605537016E-08	0.000171999517201	1.40964526767042E-05
29.5916667	1.58819427030192E-06	3.08750669444934E-05	1.28809611888458E-08	0.000172146437623	1.38032907006761E-05
29.7583332999999	1.58928252317406E-06	3.08663435214412E-05	1.31692489935753E-08	0.000172017864993	1.39105211131586E-05
29.925	1.58841800815192E-06	3.08614077279108E-05	1.27706816991384E-08	0.000172001159332	1.37995727733802E-05
30.0916667	1.5907795672177E-06	3.09113700851919E-05	1.2850688365963E-08	0.000172250906398	1.40618359713925E-05
30.2583332999999	1.59050226450389E-06	3.08902664049098E-05	1.29481265632285E-08	0.000172098346266	1.40226360483581E-05
30.425	1.58911378099225E-06	3.08873421838371E-05	1.36119295774503E-08	0.000171898028692	1.38989278090704E-05
30.5916667	1.58841221631777E-06	3.08621900491182E-05	1.28484213278303E-08	0.000171941773968	1.38680172814638E-05
30.7583332999999	1.59008623571222E-06	3.0861553426959E-05	1.3408604449519E-08	0.000171667888973	1.37361059811463E-05
30.925	1.59269805354424E-06	3.08367410902567E-05	1.23703046341009E-08	0.000171791192567	1.40432984269574E-05
31.0916667	1.59565930206105E-06	3.08464616635286E-05	1.29158080779988E-08	0.000171853955252	1.38967153105749E-05
31.2583332999999	1.60238097322132E-06	3.08321799665757E-05	1.27199616843389E-08	0.000171871647024	1.41039405285102E-05
31.425	1.61016338562044E-06	3.0778471946523E-05	1.28853304712174E-08	0.000171696326184	1.39954347401184E-05
31.5916667	1.62266530353332E-06	3.07763681276943E-05	1.35285601720119E-08	0.000171973199552	1.43213145152181E-05
31.7583332999999	1.63520512472446E-06	3.07069270609273E-05	1.42537196354005E-08	0.000171788611322	1.40590254567375E-05
31.925	1.65098145396013E-06	3.06466775336172E-05	1.41151177365984E-08	0.000171700757679	1.4136242828815E-05
32.0916667	1.66849775867484E-06	3.05591648497384E-05	1.37741752304417E-08	0.000171535055988	1.38885815441185E-05
32.2583332999999	1.68970401679281E-06	3.05147621936301E-05	1.43655873153337E-08	0.000171316920741	1.41842912729755E-05
32.425	1.71481839628959E-06	3.04097599180478E-05	1.43656382959236E-08	0.000171544565462	1.39454319496179E-05
32.5916667	1.74043228362269E-06	3.03516734948502E-05	1.40654467099941E-08	0.0001715753195	1.40770680157899E-05
32.7583332999999	1.76830564096228E-06	3.02427627892142E-05	1.54648410953145E-08	0.000171334980279	1.39098010440166E-05
32.925	1.79737440936369E-06	3.01524870652941E-05	1.48832712016184E-08	0.000171357861349	1.40585314567109E-05
33.0916667	1.8381543835407E-06	3.00546243278478E-05	1.64637351574465E-08	0.000170788841467	1.39345271766627E-05
33.2583332999999	1.88775741832212E-06	2.99582574287348E-05	1.65970926554845E-08	0.000170937223923	1.39952306710445E-05
33.425	1.91813366695388E-06	2.98450487736176E-05	1.65615602643179E-08	0.000170853735056	1.39387530412236E-05
33.5916667	1.95011377045555E-06	2.97338843197109E-05	1.79591073227458E-08	0.000170689678896	1.39670873787043E-05
33.7583332999999	1.98110578569976E-06	2.95937597433812E-05	1.84457915909341E-08	0.000170674739839	1.39722643707556E-05
33.925	2.01170021016404E-06	2.94865189037571E-05	1.93119549889513E-08	0.00017049977241	1.38791024495956E-05
34.0916667	2.04470257989236E-06	2.93502685921369E-05	2.04499680454768E-08	0.000170359546774	1.37887875470269E-05
34.2583332999999	2.07514088028239E-06	2.91985116620008E-05	2.05565616183413E-08	0.000169929009286	1.36781056213592E-05
34.425	2.11206515977594E-06	2.90786979439664E-05	2.11983124982346E-08	0.000170008960098	1.38169662318217E-05
34.5916667	2.14727851003816E-06	2.89212009017757E-05	2.21502116264241E-08	0.000169490990453	1.39195743859861E-05
34.7583332999999	2.18540809612454E-06	2.87264060909798E-05	2.34209224302918E-08	0.000169189199197	1.3855373003879E-05
34.925	2.22381738318374E-06	2.8569803232344E-05	2.38849997788832E-08	0.000169186147608	1.38254987945461E-05
35.0916667	2.25841915264507E-06	2.83962236595175E-05	2.53217692238687E-08	0.000168837705545	1.37955992867369E-05
35.2583332999999	2.30142564365207E-06	2.82642302338465E-05	2.62266390045121E-08	0.0001687009907	1.37479317262409E-05
35.425	2.34427575207421E-06	2.8082481765018E-05	2.82005234172081E-08	0.000168600421991	1.36012672877991E-05
35.5916667	2.38474225664203E-06	2.79142867994757E-05	2.94464077513665E-08	0.000168133659063	1.35311275027678E-05
35.7583332999999	2.43455734118458E-06	2.77300743748641E-05	3.13067218179087E-08	0.000167942115514	1.3334347341029E-05
35.925	2.49645960632241E-06	2.74911857728562E-05	3.23798747596336E-08	0.000167757767491	1.34032655394402E-05
36.0916667	2.54013133242919E-06	2.72917025986324E-05	3.51375415105004E-08	0.000167470995575	1.34325959760686E-05
36.2583332999999	2.58427778808082E-06	2.70613637373136E-05	3.57294124526416E-08	0.000166978333435	1.36643181573614E-05
36.425	2.63068322410472E-06	2.68821295531036E-05	3.7820579334315E-08	0.000166821132129	1.36559506385816E-05
36.5916667	2.67510678796018E-06	2.66556758152739E-05	4.04450829560965E-08	0.00016654216363	1.36949420270093E-05
36.7583333	2.72807501529858E-06	2.64517917937172E-05	4.23206398728064E-08	0.000166131979866	1.36547284262877E-05
36.925	2.79860421523966E-06	2.62713913559532E-05	4.45956146626125E-08	0.000165797860626	1.35889323312599E-05
37.0916667	2.84525138145712E-06	2.60414140082089E-05	4.77788768573966E-08	0.000165604564782	1.35209690788596E-05
37.2583333	2.89395571205432E-06	2.58517164561702E-05	5.08046620055978E-08	0.000165442414853	1.34291063210548E-05
37.425	2.93667100074241E-06	2.56234201883189E-05	5.44450219171161E-08	0.000165006126564	1.33960950439031E-05
37.5916667	2.98582428782103E-06	2.53763927809386E-05	5.79099845781127E-08	0.000164778084366	1.34626699977901E-05
37.7583333	3.06170672374139E-06	2.51603097416441E-05	6.13189713335909E-08	0.00016448909012	1.35058298790755E-05
37.925	3.14605585274221E-06	2.4902056959777E-05	6.4787240121522E-08	0.0001640360502	1.33874000703064E-05
38.0916667	3.19599240985113E-06	2.46893231489249E-05	6.84810879326573E-08	0.000164031876653	1.3581704936509E-05
38.2583333	3.24348591300454E-06	2.44355372221589E-05	7.23734586531476E-08	0.000163335518882	1.34193807771186E-05
38.425	3.28945210761015E-06	2.41980027393886E-05	7.68726591893401E-08	0.000163171101445	1.34567679177867E-05
38.5916667	3.32853555475486E-06	2.39560512282851E-05	8.08682953410305E-08	0.000162908099139	1.33010532585331E-05
38.7583333	3.362679767604E-06	2.36987773778261E-05	8.4860181152001E-08	0.000162436563569	1.3363002667735E-05
38.925	3.40648743169691E-06	2.34403128980583E-05	9.11146059109606E-08	0.000162094359672	1.32067166148512E-05
39.0916667	3.45507331647845E-06	2.31966072061078E-05	9.64844889191204E-08	0.000162121751807	1.3209927218633E-05
39.2583333	3.49422595990453E-06	2.29345586171765E-05	1.01135682274147E-07	0.00016150228591	1.3032431476118E-05
39.425	3.55255882579095E-06	2.2678319195531E-05	1.07611201676082E-07	0.000161379818437	1.30487041033202E-05
39.5916667	3.60107496044635E-06	2.23991950457121E-05	1.13600893991495E-07	0.000160725314523	1.30918864087703E-05
39.7583333	3.64958714349848E-06	2.21553470506692E-05	1.19613945567064E-07	0.000160476377583	1.30607266596028E-05
39.925	3.68805441934232E-06	2.18665677918484E-05	1.27327720754954E-07	0.000159889297334	1.30254080864218E-05
40.0916667	3.73334928550374E-06	2.15880542573491E-05	1.34688574812163E-07	0.000159628008457	1.28880967785464E-05
40.2583333	3.79793700115183E-06	2.1316741365556E-05	1.41980192728019E-07	0.000159370194982	1.29640873159802E-05
40.425	3.86224114495353E-06	2.10416431599427E-05	1.49673745473226E-07	0.000158997023762	1.27843206924129E-05
40.5916667	3.9061674474687E-06	2.07627654778223E-05	1.59361377471368E-07	0.000158533537519	1.28111613166609E-05
40.7583333	3.94125267465816E-06	2.04778288139464E-05	1.66430078036822E-07	0.000158081108243	1.26643974009123E-05
40.925	3.98373884584256E-06	2.02058897197788E-05	1.75939422467078E-07	0.000157671717801	1.28287174877775E-05
41.0916667	4.01313943687766E-06	1.99046308846698E-05	1.85850275221449E-07	0.000157263246382	1.28043451193302E-05
41.2583333	4.06239901965699E-06	1.96355647585887E-05	1.95248230190838E-07	0.000157192132003	1.29537793126884E-05
41.425	4.08886863336632E-06	1.93184340808143E-05	2.05290337532228E-07	0.000156190306238	1.28895964378232E-05
41.5916667	4.1275773621095E-06	1.90572165055867E-05	2.16999226323291E-07	0.00015602996403	1.29543376245725E-05
41.7583333	4.15381618075146E-06	1.87466131127317E-05	2.2828847890818E-07	0.000155306306051	1.27498368248416E-05
41.925	4.1882663328934E-06	1.8476566412686E-05	2.4068532097494E-07	0.000154909401666	1.28234998712682E-05
42.0916667	4.21485209033884E-06	1.81720434966632E-05	2.52606887533115E-07	0.000154353878301	1.27294212524553E-05
42.2583333	4.24610209608829E-06	1.78781579444736E-05	2.66199585539447E-07	0.000154120072688	1.27000780855693E-05
42.425	4.29247993591825E-06	1.76113188766726E-05	2.78854790530564E-07	0.000153623945876	1.27021802418363E-05
42.5916667	4.34570134995282E-06	1.73167758976747E-05	2.94539856531417E-07	0.000153017781474	1.26191169705067E-05
42.7583333	4.36577379866129E-06	1.70153044083618E-05	3.09311704214832E-07	0.000152367956965	1.28122805365183E-05
42.925	4.39113242684323E-06	1.67298028671333E-05	3.24698060734422E-07	0.000151964050287	1.26156843668287E-05
43.0916667	4.41538581131229E-06	1.64366934228695E-05	3.41197352722573E-07	0.000151297067953	1.27094933556765E-05
43.2583333	4.43358147805212E-06	1.61401816056231E-05	3.59592985257132E-07	0.000150819220352	1.24559292401306E-05
43.425	4.46019516670198E-06	1.58561476491126E-05	3.77628975220147E-07	0.000150403819269	1.27121138460405E-05
43.5916667	4.49168523362805E-06	1.55779100486592E-05	3.95499929280731E-07	0.000149434781448	1.24509701503753E-05
43.7583333	4.51525535842115E-06	1.52855838298154E-05	4.16341534696986E-07	0.00014918281858	1.26765679815214E-05
43.925	4.52926941554314E-06	1.49906311970329E-05	4.34978634784106E-07	0.000148462839378	1.25542820104215E-05
44.0916667	4.54271229254617E-06	1.46990036556375E-05	4.54322412740628E-07	0.000147660843495	1.2637776352543E-05
44.2583333	4.55800419674575E-06	1.4424619120598E-05	4.77404653184194E-07	0.000147214411965	1.22586532785912E-05
44.425	4.57073911576631E-06	1.41365981669838E-05	4.99653964024684E-07	0.000146534893421	1.24493601924882E-05
44.5916667	4.58253232093791E-06	1.38815557583483E-05	5.23321695203518E-07	0.000146174112366	1.22334251469497E-05
44.7583333	4.59275871103752E-06	1.36035767739349E-05	5.51008994016641E-07	0.000145331687536	1.25136257766627E-05
44.925	4.59778306635641E-06	1.33319607501153E-05	5.7713006656452E-07	0.000144570309868	1.22859762937301E-05
45.0916667	4.60107091510607E-06	1.30512487317595E-05	6.05518988832143E-07	0.000144066819811	1.23611086710474E-05
45.2583333	4.60598318184887E-06	1.28040799740653E-05	6.33579516038969E-07	0.000143353719497	1.21281737048202E-05
45.425	4.61036861579368E-06	1.25350193134025E-05	6.63572714998746E-07	0.000142529776336	1.2115638241048E-05
45.5916667	4.60080359290097E-06	1.22736356089978E-05	6.95475591465472E-07	0.000141610299724	1.19902971787831E-05
45.7583333	4.60295823455557E-06	1.2021831377045E-05	7.27779048343485E-07	0.000140884047267	1.2098263027915E-05
45.925	4.60888522650956E-06	1.17691817268997E-05	7.61983988324053E-07	0.000139867962261	1.19895861398768E-05
46.0916667	4.6160594125223E-06	1.15427829444561E-05	7.97739641713731E-07	0.000139357486782	1.20163901892938E-05
46.2583333	4.62499609606369E-06	1.13099179105888E-05	8.36452106906739E-07	0.000138412601823	1.18959965445693E-05
46.425	4.61446203028451E-06	1.10814498620879E-05	8.71889131031498E-07	0.000137746935965	1.19360898208305E-05
46.5916667	4.59960531766874E-06	1.08460051660231E-05	9.10925370894321E-07	0.0001365984161	1.18319627626268E-05
46.7583333	4.59743195875137E-06	1.06485564349282E-05	9.51287510758764E-07	0.000135861226491	1.18085048740177E-05
46.925	4.57387115648054E-06	1.04259495402443E-05	9.91353996238957E-07	0.000134712470679	1.18084151964213E-05
47.0916667	4.55652065611407E-06	1.02273747246015E-05	1.03486213288974E-06	0.000133894257822	1.17930476562474E-05
47.2583333	4.52973848456449E-06	1.00444774211139E-05	1.07719763750653E-06	0.000132744854967	1.17930693579996E-05
47.425	4.48492028761579E-06	9.86638820816274E-06	1.12320353245846E-06	0.00013153410466	1.17604645385332E-05
47.5916667	4.45110998962843E-06	9.70633737074783E-06	1.16653193169294E-06	0.00013030518102	1.16885085504556E-05
47.7583333	4.4211268549191E-06	9.55627057549305E-06	1.21340482039906E-06	0.000129164029701	1.16669004621263E-05
47.925	4.38121361716372E-06	9.41913996433962E-06	1.26037276208539E-06	0.000127871928999	1.16792153932636E-05
48.0916667	4.34578065416101E-06	9.30133673760048E-06	1.30560589725834E-06	0.000126585123509	1.16729853249623E-05
48.2583333	4.30254126890198E-06	9.21833708564328E-06	1.35023578521635E-06	0.000125383428158	1.15809045672029E-05
48.425	4.25406515221376E-06	9.15965096201351E-06	1.39417450515219E-06	0.000123731389442	1.15550946825476E-05
48.5916667	4.19893049469659E-06	9.12952646634311E-06	1.43668486003865E-06	0.000122414611375	1.14814708007176E-05
48.7583333	4.1211201891513E-06	9.14250209188648E-06	1.47567023420202E-06	0.000120974831633	1.14815320876099E-05
48.925	4.0358075612414E-06	9.19791470747217E-06	1.50999966171722E-06	0.000119525921001	1.14071739928348E-05
49.0916667	3.95841551093073E-06	9.30841787261993E-06	1.54095535431468E-06	0.000117967721704	1.14961550989036E-05
49.2583333	3.86860555955492E-06	9.45796429591028E-06	1.56916395539467E-06	0.000116273456259	1.14180176042399E-05
49.425	3.75153968346813E-06	9.61216623616457E-06	1.59481101111522E-06	0.000114508625901	1.13963923789234E-05
49.5916667	3.66966779136789E-06	9.80106502052656E-06	1.62137539713344E-06	0.000112696499967	1.12248402598694E-05
49.7583333	3.58885524195522E-06	9.96217735709603E-06	1.64643854661277E-06	0.000110910905667	1.12461578463177E-05
49.925	3.50990864726833E-06	1.01542818401559E-05	1.67714521656999E-06	0.00010891408609	1.10865637785664E-05
50.0916667	3.42659435187304E-06	1.03170179994386E-05	1.70740362297792E-06	0.00010668735234	1.12005468168195E-05
50.2583333	3.35713065326E-06	1.05015417946463E-05	1.73738766933897E-06	0.000104020640117	1.11696170224549E-05
50.425	3.27878443124974E-06	1.06599301364634E-05	1.76355847575739E-06	0.000101299521757	1.12525880088525E-05
50.5916667	3.16892971974764E-06	1.08177260908006E-05	1.79081016962545E-06	9.81973728024138E-05	1.12137621887339E-05
50.7583333	3.09241791893319E-06	1.09802666348204E-05	1.81761313787434E-06	9.38445331102533E-05	1.1341077643554E-05
50.925	3.05938045893288E-06	1.10352954178081E-05	1.80116690509756E-06	8.56281813070165E-05	1.12399030344583E-05
51.0916667	3.39430852987112E-06	1.04695319216138E-05	1.40304104622641E-06	6.08302405284894E-05	1.11278968798253E-05
51.2583333	3.79407372196793E-06	9.78692415767981E-06	8.98223362967229E-07	3.46057027087207E-05	1.10181098722704E-05
51.425	4.23063898461946E-06	9.00662838699539E-06	3.8593755802548E-07	1.10652366055889E-05	1.07848111261862E-05
51.5916667	4.43125108592212E-06	8.826874142468E-06	4.33948328337672E-08	3.29027690400809E-07	1.03559784759472E-05
51.7583333	4.31210126798204E-06	9.13995147221246E-06	1.02196208419503E-08	4.92373042908491E-08	9.69958316458192E-06
51.925	4.16871106649743E-06	9.42961373344679E-06	7.43478614887457E-09	3.51367561484045E-08	9.25840914097667E-06
52.0916667	4.04108906113982E-06	9.7858914367266E-06	5.75473368537237E-09	3.02151343192259E-08	8.67154267047134E-06
52.2583333	3.89280855893066E-06	1.01411725891118E-05	4.11490288403908E-09	2.97873928067435E-08	8.35754068956186E-06
52.425	3.75600232610228E-06	1.05397418993082E-05	3.81596132271574E-09	2.95371583342727E-08	7.9580314790584E-06
52.5916667	3.59998794228066E-06	1.09284263913445E-05	3.22082944584208E-09	2.49227397095326E-08	7.69748306535234E-06
52.7583333	3.46094463436263E-06	1.13288631374442E-05	3.90065050826945E-09	2.41748329770534E-08	7.38636424159199E-06
52.925	3.31615147373025E-06	1.17845819937008E-05	3.78912449223216E-09	2.69760847244371E-08	7.15263868947607E-06
53.0916667	3.18371590316776E-06	1.22468262856623E-05	3.12904962893265E-09	2.44835797485863E-08	6.9231365210666E-06
53.2583333	3.05012699035696E-06	1.2732453619286E-05	2.71071314794337E-09	2.51021732269652E-08	6.73815569375003E-06
53.425	2.89690066635452E-06	1.32302409383822E-05	2.53248164376734E-09	2.27667332454541E-08	6.56298455612448E-06
53.5916667	2.72618537343648E-06	1.38095436899493E-05	2.90452196619491E-09	2.32411683166503E-08	6.40033469892131E-06
53.7583333	2.5455758776043E-06	1.44485214603739E-05	2.36638286554853E-09	2.29594219770057E-08	6.24546467132231E-06
53.925	2.34361324542623E-06	1.52843494824751E-05	2.04773210389174E-09	2.37830930888979E-08	6.03573361177552E-06
54.0916667	2.05779073762773E-06	1.62695883882681E-05	2.17567704048373E-09	2.17914663799352E-08	5.83615536335985E-06
54.2583333	1.84055780820286E-06	1.72199342915275E-05	1.83541712255138E-09	2.10671082132405E-08	5.57360439691601E-06
54.425	1.67188613935876E-06	1.79632229349967E-05	2.49107908604469E-09	2.32709903133384E-08	5.52536609931291E-06
54.5916667	1.55782982910123E-06	1.85095389462164E-05	2.08077361493214E-09	2.39623733755171E-08	5.27935718228784E-06
54.7583333	1.46105414289337E-06	1.87952579956292E-05	2.56158395011847E-09	2.23597071805414E-08	5.20598434927052E-06
54.925	1.37998410722695E-06	1.90645185688309E-05	1.9132461167321E-09	2.17184177076217E-08	4.94468217397579E-06
55.0916667	1.30070717836901E-06	1.91950229655008E-05	1.98450530311171E-09	2.05086229446614E-08	4.87881652954362E-06
55.2583333	1.22216322098083E-06	1.93646092136228E-05	1.58174400569247E-09	1.87213544556387E-08	4.60208330430827E-06
55.425	1.16915509085193E-06	1.94516664147146E-05	2.06121843522587E-09	2.31301558401451E-08	4.60074270992503E-06
55.5916667	1.11957562926096E-06	1.956078725352E-05	1.86527407812356E-09	2.03288386921201E-08	4.40839251461778E-06
55.7583333	1.0830760629408E-06	1.95956646705314E-05	1.73387125058065E-09	1.91891551375005E-08	4.42319174502652E-06
55.925	1.04817527736291E-06	1.97213977808904E-05	1.57856164203933E-09	2.119680997676E-08	4.18836631991106E-06
56.0916667	1.01466683383507E-06	1.96907555382145E-05	1.71205522051852E-09	1.87453969366816E-08	4.17959793261184E-06
56.2583333	9.77750419099483E-07	1.9746224973047E-05	1.59414937680621E-09	1.69806035660923E-08	3.96272251716147E-06
56.425	9.5394398344753E-07	1.96748776510622E-05	1.83684054582855E-09	1.90288910804777E-08	3.88821758895305E-06
56.5916667	9.25046626573358E-07	1.96709024202832E-05	1.22637876077788E-09	1.87731359048695E-08	3.59861267343862E-06
56.7583333	9.09014136168841E-07	1.96425286187365E-05	1.45640774429967E-09	1.86359454147278E-08	3.54829776577223E-06
56.925	8.92078272217101E-07	1.96307176920447E-05	1.52079239307544E-09	1.81379675489355E-08	3.39014566624414E-06
57.0916667	8.81490001553593E-07	1.9577618085191E-05	1.31128182524556E-09	1.88865270638253E-08	3.35013844895057E-06
57.2583333	8.66497480457514E-07	1.95716362703158E-05	1.24529295531033E-09	1.76305023126465E-08	3.19751923223035E-06
57.425	8.52396981219171E-07	1.95470209922308E-05	1.27830660633889E-09	1.75395696831997E-08	3.06645491827312E-06
57.5916667	8.41367533463264E-07	1.95562747756168E-05	1.65205109549203E-09	1.92907834244258E-08	2.90393114519569E-06
57.7583333	8.3080844176808E-07	1.94913138571581E-05	1.40779105140279E-09	1.80201020751926E-08	2.83816010672337E-06
57.925	8.24137330987288E-07	1.94626667025687E-05	1.19580047753322E-09	1.679360976414E-08	2.72536726126554E-06
58.0916667	8.29801220386478E-07	1.93012359711013E-05	2.29607566078623E-09	1.72977420453014E-08	2.60082064189835E-06
58.2583333	9.04736336151764E-07	1.88125480183186E-05	4.21948693320559E-09	1.5197299060215E-08	2.50052120957789E-06
58.425	9.70871569728946E-07	1.82824139608888E-05	8.03873543704611E-09	1.63560687112273E-08	2.35739035617279E-06
58.5916667	1.16608159570625E-06	1.70765686672912E-05	1.86567540197607E-08	1.89790688643647E-08	2.25983134698808E-06
58.7583333	1.23637661033269E-06	1.65163584438252E-05	2.26369264298834E-08	1.77420560582204E-08	2.10193819478539E-06
58.925	1.4062328513075E-06	1.5389203898992E-05	3.22330028212485E-08	2.05513107825941E-08	1.98162521245054E-06
59.0916667	1.30451446664262E-06	1.5870952237507E-05	2.20411900976248E-08	1.72010770287906E-08	1.82617503506964E-06
59.2583333	1.76791317948735E-06	1.19399985903658E-05	9.06421599753269E-08	2.36773773145092E-08	1.76681706428723E-06
59.425	1.72117328556754E-06	1.10562373701273E-05	8.08623803996504E-08	2.06316136137441E-08	1.66758932422153E-06
59.5916667	1.79624582463265E-06	9.00849503057362E-06	1.4390569668681E-07	2.27884790114279E-08	1.54096344076423E-06
59.7583333	1.69866035163175E-06	9.76430381401981E-06	8.17838782862637E-08	1.94492062607513E-08	1.42267613482615E-06
59.925	1.73357948683541E-06	7.79693180129681E-06	1.57864156389113E-07	2.46504433080608E-08	1.30070073854332E-06
60.0916667	1.67514016403502E-06	8.1973431026613E-06	1.12533403559447E-07	2.59560496518793E-08	1.20213092127674E-06
60.2583333	1.66257553079264E-06	5.95255360686678E-06	2.20267234014635E-07	3.65245259504794E-08	1.08088904978475E-06
60.425	1.63907970970831E-06	6.05377393688872E-06	1.63639996282586E-07	4.11129319833798E-08	1.00111633904636E-06
60.5916667	1.65293318692142E-06	3.9347691459992E-06	3.24021244815039E-07	5.2918644882333E-08	8.85033438951471E-07
60.7583333	1.64850556597283E-06	3.68983171992004E-06	2.64531981070125E-07	6.12533288670124E-08	8.23207184050625E-07
60.925	1.49773840606913E-06	2.39839596215952E-06	4.6829534062919E-07	7.27354719833457E-08	7.12967048932127E-07
61.0916667	1.49999320766211E-06	1.84211149109774E-06	4.00888914725452E-07	8.50292251568381E-08	6.81819215563483E-07
61.2583333	1.29294582015765E-06	1.02723029298123E-06	6.04098745377437E-07	9.83227342472669E-08	5.87949528102102E-07
61.425	1.21986732457877E-06	1.04347646480374E-06	5.02507856808708E-07	1.08780484060947E-07	5.83024283460435E-07
61.5916667	9.60996256563659E-07	4.61783689712258E-07	7.03444524286591E-07	1.18668888399736E-07	4.86820111038266E-07
61.7583333	8.89564806113112E-07	2.11178208492095E-07	5.96136344936533E-07	1.31276764078667E-07	4.68195525746202E-07
61.925	6.52358914996095E-07	1.65286240860001E-07	8.24334605499755E-07	1.39749680347166E-07	3.82124160327677E-07
62.0916667	4.87909893864366E-07	6.17830847934839E-08	6.94532347831142E-07	1.54858746752382E-07	3.76784640470515E-07
62.2583333	3.25948267851019E-07	4.00854006848519E-08	9.66914687820183E-07	1.68946913771536E-07	3.21711019659009E-07
62.425	2.02103585850015E-07	3.28078077233492E-08	8.41214354586655E-07	1.9273099778772E-07	3.30744978592384E-07
62.5916667	1.49766136416559E-07	2.93567218934136E-08	1.06706495155139E-06	1.90909017124184E-07	2.60640924411507E-07
62.7583333	4.6072007461276E-08	2.08951103160138E-08	1.00244488922911E-06	2.19966786235617E-07	2.70230138719093E-07
62.925	3.2835203639003E-08	2.24765656482543E-08	1.17696725264487E-06	2.32084706894051E-07	2.31639168229474E-07
63.0916667	6.47005469380347E-09	2.25100333049103E-08	1.14295956952081E-06	2.54907984127442E-07	2.52033759090545E-07
63.2583333	4.58990784154985E-09	2.16211122323379E-08	1.18302817769704E-06	2.66829557146906E-07	2.20355902015594E-07
63.425	8.16317467520934E-10	2.19447663655392E-08	1.07820689645191E-06	2.74901729476129E-07	2.09560737547291E-07
63.5916667	5.26011673751799E-10	2.26115264612361E-08	1.28002405602686E-06	2.82104786181527E-07	1.91687981767213E-07
63.7583333	4.90513677472011E-10	2.20370176612757E-08	1.11524477882563E-06	2.92726600922392E-07	1.95853778590206E-07
63.925	3.32028774265372E-10	2.38536405334336E-08	1.19915762278516E-06	2.80409777763244E-07	1.49499501788612E-07
64.0916666999999	4.11575155563409E-10	2.31145793601704E-08	1.16024483650575E-06	2.90681058735834E-07	1.5563724182142E-07
64.2583333	4.15517353590144E-10	2.44398874698094E-08	1.35251080675291E-06	2.89637175259256E-07	1.39603101368975E-07
64.425	2.90670122288535E-10	2.08563159437085E-08	1.30430600622389E-06	3.18640410581154E-07	1.51202033874381E-07
64.5916666999999	2.14491568960603E-10	2.16954081640603E-08	1.37197939125496E-06	3.24763776071803E-07	1.25823897222875E-07
64.7583333	2.94327424444482E-10	2.38224167507326E-08	1.37595872376028E-06	3.31271812552889E-07	1.24177776600865E-07
64.925	2.69465862786332E-10	2.26327782776071E-08	1.6963050374804E-06	3.6223867231159E-07	1.43753723508192E-07
65.0916666999999	4.63668458787884E-10	2.09523466762292E-08	1.5955714005001E-06	3.93953490951566E-07	1.63309818430073E-07
65.2583333	6.55862495541162E-10	2.30587693424648E-08	1.74079059516102E-06	4.06224098661096E-07	1.66620035194743E-07
65.425	1.50514004445583E-10	2.49145029146949E-08	1.72374894989744E-06	4.31670831198387E-07	1.82864740655618E-07
65.5916666999999	4.12745699231137E-10	2.24479026467188E-08	1.72323637927437E-06	4.37126645997753E-07	1.78952937619295E-07
65.7583333	2.85504780963475E-10	2.2938166973929E-08	1.66242342707375E-06	4.35484939718786E-07	1.56619165137526E-07
65.925	3.46614158248176E-10	2.28583897623701E-08	1.82305062438343E-06	4.54828736574076E-07	1.68636809494535E-07
66.0916666999999	3.69941358953108E-10	2.17113523767825E-08	1.72030732600618E-06	4.48492733639147E-07	1.45949180148892E-07
66.2583333	1.68381940441488E-10	2.39268534559647E-08	2.04694299065531E-06	4.89824165493712E-07	1.66691444292137E-07
66.425	4.97619986814981E-10	2.24263148111725E-08	1.86912880715741E-06	4.97709080181346E-07	1.55982973995066E-07
66.5916666999999	4.82928582131842E-10	2.30022817424574E-08	2.24398691320381E-06	5.37688478375732E-07	1.78799235837439E-07
66.7583333	1.87555103241966E-10	2.30603402012459E-08	1.94940588765327E-06	5.4420734915852E-07	1.63132494258258E-07
66.925	5.01831415639007E-10	2.33605429369081E-08	2.45150667571186E-06	5.8149623671695E-07	1.83083441618822E-07
67.0916666999999	2.09117647607804E-10	2.22733535487692E-08	1.90995799062867E-06	5.77087575171526E-07	1.63188029505968E-07
67.2583333	4.46804179822736E-10	2.41196563210454E-08	2.1755837219592E-06	5.55229065367578E-07	1.43171680338917E-07
67.425	4.31624187082876E-10	2.24320803267448E-08	1.78690056253448E-06	5.42800051274805E-07	1.18148906626635E-07
67.5916666999999	2.6104670718629E-10	2.39586889680937E-08	2.1123852475424E-06	5.16074086031227E-07	9.84556266114108E-08
67.7583333	6.16391787318052E-10	2.26284031704944E-08	1.82777676787137E-06	5.35804310335574E-07	9.21760558322752E-08
67.925	5.45871087338072E-10	2.43110951795621E-08	1.85644695643747E-06	5.02522521877282E-07	7.31032008142906E-08
68.0916666999999	5.06683233876869E-10	2.21825024403511E-08	1.57241281782036E-06	4.69114081057002E-07	5.4355900026079E-08
68.2583333	4.17039257562203E-10	2.1007015349387E-08	1.80330076678896E-06	4.55946680921536E-07	4.73141971347477E-08
68.425	9.65357967621897E-11	2.2790846086425E-08	1.46867941496494E-06	4.4312845217946E-07	3.62340246943329E-08
68.5916666999999	1.84499996932517E-10	2.32958611665631E-08	1.83116388509713E-06	4.40573494820174E-07	3.68158648915084E-08
68.7583333	4.16381529935797E-10	2.06878649449528E-08	1.73493861093229E-06	4.63185760826694E-07	3.45585432666779E-08
68.925	2.27254086619592E-10	2.35522695254557E-08	1.85982873515537E-06	4.74781773034259E-07	3.57096936427789E-08
69.0916666999999	4.0768488005319E-10	2.28599898352524E-08	1.60467504298484E-06	4.63363961646447E-07	2.8332435394242E-08
69.2583333	3.02131840385159E-10	2.27705478484366E-08	1.82993615888459E-06	4.50271463724548E-07	2.39794784590064E-08
69.425	1.53411843180593E-10	2.10836777889879E-08	1.75580185863538E-06	4.96606153153925E-07	2.61684985551515E-08
69.5916666999999	4.22729618753533E-10	2.01308620558144E-08	1.84660793789642E-06	4.71536677336799E-07	2.2645482141248E-08
69.7583333	2.51087787846469E-10	2.10575449842249E-08	1.91337900016335E-06	5.2250421491935E-07	2.4910915568664E-08
69.925	2.43388576727733E-10	2.30074823929134E-08	1.88756377447212E-06	4.98178046392492E-07	1.98208890761301E-08
70.0916666999999	3.79425244586993E-10	2.21196629314253E-08	1.83750977083751E-06	5.18871075706457E-07	1.97470039989772E-08
70.2583333	2.75742502104641E-10	2.2084980328669E-08	1.7359658152894E-06	4.86534792760335E-07	1.47215262656975E-08
70.425	1.25462393986903E-10	2.14264983358395E-08	1.92163855604309E-06	5.26731898398012E-07	1.69250318902182E-08
70.5916666999999	8.12909269851869E-11	2.20624068969879E-08	1.66926894859184E-06	4.93183681521492E-07	1.35325473346207E-08
70.7583333	1.6482940375061E-10	1.95992378637396E-08	1.99560912275197E-06	5.38089372539644E-07	1.55356980087348E-08
70.925	3.53159662317565E-10	2.17574387369101E-08	1.65906977798713E-06	5.1864846045366E-07	1.3191314468128E-08
71.0916666999999	2.29468070830685E-10	2.25705932730158E-08	1.89687767034021E-06	5.19749252398074E-07	1.36278972271126E-08
71.2583333	2.8773196464526E-10	1.95732054386523E-08	1.73354765475709E-06	5.04510213946946E-07	1.03613183344631E-08
71.425	2.36770320829053E-10	2.22343254910193E-08	2.25823671702264E-06	5.443685638714E-07	1.07584349222274E-08
71.5916666999999	2.94389327138395E-10	2.19759129939262E-08	1.79835886940777E-06	5.84710139296496E-07	1.06796783525343E-08
71.7583333	2.22755345960026E-10	2.19876757439135E-08	2.40976227236734E-06	5.70451179978252E-07	9.73836809039235E-09
71.925	3.22548135527412E-10	2.02984144294918E-08	2.31328252600634E-06	6.9816592776501E-07	1.17430053074791E-08
72.0916666999999	3.54413125664326E-10	1.9820399582512E-08	2.57777263266091E-06	6.86604824213821E-07	1.14136767070134E-08
72.2583333	2.45456528807125E-10	2.14214360539001E-08	2.0129906786411E-06	7.22344710855751E-07	1.04432825154353E-08
72.425	1.15319532817642E-10	2.21440380994841E-08	2.31553828592392E-06	6.23674745503076E-07	8.39969797540083E-09
72.5916666999999	2.25273859306538E-10	2.17321901176845E-08	2.07563737890126E-06	6.87412753897789E-07	8.91139974503622E-09
72.7583333	4.61952139472471E-10	2.02054327662381E-08	2.48154813035751E-06	6.294639479333E-07	8.05199997802623E-09
72.925	1.41408423076824E-10	2.00098648219701E-08	1.91040983960633E-06	7.32768302329436E-07	9.05100848201565E-09
73.0916666999999	1.69771336944372E-10	2.12462441131064E-08	2.12117803461249E-06	5.74932341590389E-07	7.27553481300011E-09
73.2583333	1.24056958598295E-10	2.00450430936047E-08	1.96221824174475E-06	6.61614584007853E-07	6.71450008399451E-09
73.425	8.72374499546725E-11	1.91509680870234E-08	1.99587224408255E-06	5.7656662273807E-07	5.8478361883543E-09
73.5916666999999	2.01330072989465E-10	2.06062864146935E-08	1.91835747786108E-06	6.27553504463256E-07	6.80701738452355E-09
73.7583333	2.43224789563532E-10	1.99999975311628E-08	1.871763353159E-06	5.62868725092696E-07	5.6366724257674E-09
73.925	3.6252171863309E-10	1.96353025239098E-08	1.91852880242914E-06	6.02038712443289E-07	5.95849207115494E-09
74.0916666999999	1.81659465573225E-10	2.10841471878522E-08	2.12905810863141E-06	5.88387884571662E-07	6.45850730979057E-09
74.2583333	1.94167110700686E-10	2.06164515001634E-08	2.25287480626516E-06	6.94174859879772E-07	6.05012579216418E-09
74.425	2.10672456872507E-10	2.03531090779162E-08	2.00973940692682E-06	6.52495361509694E-07	5.58797329900323E-09
74.5916666999999	3.19477471841863E-10	2.10779528667519E-08	2.00520285287284E-06	6.86901177095486E-07	5.82231165698797E-09
74.7583333	2.75342694078357E-10	2.26045207558059E-08	1.93822853976181E-06	6.01094198418868E-07	5.23092223006614E-09
74.925	2.29191842673593E-10	2.16124971443153E-08	2.07594899479661E-06	6.70298535795018E-07	6.34108056740244E-09
75.0916666999999	2.62188912105715E-10	2.1164458920654E-08	1.91766382554995E-06	6.2411772157182E-07	6.22118119520192E-09
75.2583333	1.97618408760464E-10	1.87971688072432E-08	2.0140655837999E-06	6.54386609672217E-07	4.6135341612787E-09
75.425	1.80560354711895E-10	2.11836671994811E-08	2.02192066153543E-06	6.35856525769014E-07	5.20543626977838E-09
75.5916666999999	4.1773876471129E-10	1.98815173318147E-08	2.13782620584328E-06	6.9476705115341E-07	5.37937572786957E-09
75.7583333	1.08743110834146E-10	2.00970167038789E-08	2.02174195414035E-06	6.67267570272144E-07	4.59213297920429E-09
75.925	7.25215330089716E-11	2.14582363779846E-08	2.41810197911725E-06	7.33676388405356E-07	4.69140366899336E-09
76.0916666999999	2.61385125802216E-10	2.15284985613293E-08	2.26829383540533E-06	7.62297895887431E-07	5.33261288710998E-09
76.2583333	3.23070659606616E-10	2.05494502422401E-08	2.25911342814469E-06	7.88857357750082E-07	5.05102717308792E-09
76.425	1.07183893880745E-10	2.16387590572097E-08	2.34121215134453E-06	7.56882303931538E-07	4.71769163608185E-09
76.5916666999999	3.79086366877766E-10	2.26841864814927E-08	2.15078371721091E-06	8.01890826229032E-07	5.44593474344975E-09
76.7583333	2.62887551667978E-10	2.12391398409292E-08	1.91878193880099E-06	7.1072368195904E-07	5.44801571547193E-09
76.925	3.14202009204919E-10	1.99351505883587E-08	1.68115412456254E-06	6.9154289341391E-07	5.23534323659156E-09
77.0916666999999	2.06726523042607E-10	1.99753386454531E-08	1.97664359395094E-06	6.25561732968274E-07	4.98390634155581E-09
77.2583333	8.76373548108415E-11	1.92056038907631E-08	2.00697542913377E-06	7.02654301879664E-07	4.71381755707903E-09
77.425	9.4173765700903E-11	2.19522528548428E-08	1.98331805976883E-06	7.02421285891607E-07	4.79426535423703E-09
77.5916666999999	1.71019210120513E-10	1.8516544398178E-08	1.71677477047444E-06	7.0894349352383E-07	5.32011177787646E-09
77.7583333	2.35188617678258E-10	2.2084627894829E-08	1.94753633829108E-06	6.48659884023459E-07	4.66149773143154E-09
77.925	2.4435949835012E-10	2.05251836380385E-08	1.81543384294304E-06	7.09489962409971E-07	4.68918082632007E-09
78.0916666999999	1.76169348321453E-10	2.02302108944403E-08	1.66930508393703E-06	6.76335648226713E-07	4.70167817641858E-09
78.2583333	1.75451114440341E-10	1.87599468039179E-08	1.40363247693308E-06	6.36581584974071E-07	4.28888401566239E-09
78.425	1.46165508611222E-10	2.01307903348343E-08	1.68028567977944E-06	5.90356284113034E-07	4.40142147465362E-09
78.5916666999999	1.72484037171984E-10	1.87487086700337E-08	1.85337280754902E-06	6.71037594823819E-07	4.84704130429092E-09
78.7583333	1.77204976216591E-10	2.04979472349828E-08	2.04505248603517E-06	7.02759886373944E-07	4.55694355615337E-09
78.925	1.84938250608132E-10	2.00924043558827E-08	2.15806359410618E-06	7.95973088240552E-07	5.59369846818681E-09
79.0916666999999	1.93541637879166E-10	2.1332583274372E-08	2.40967993363262E-06	8.41620418837621E-07	5.25392675465456E-09
79.2583333	1.7495463067923E-10	1.95454447689338E-08	2.23540931724005E-06	9.43328927076112E-07	4.59357133513478E-09
79.425	2.46247299045733E-10	2.05180394319517E-08	2.42058946978274E-06	8.75802222950356E-07	4.50916834220571E-09
79.5916666999999	1.0887439747241E-10	2.02478895013943E-08	2.08465256793434E-06	9.40949672572023E-07	5.33188705123094E-09
79.7583333	2.14654687337221E-10	2.15384124059687E-08	2.14994347129989E-06	8.27471642629879E-07	4.1351319152458E-09
79.925	2.80770026493709E-10	2.15654431898693E-08	2.27587912433712E-06	9.24510850710116E-07	5.12560554481415E-09
80.0916666999999	4.05988505722313E-10	2.00696018373293E-08	2.4470096156662E-06	9.25082095670259E-07	5.59453018511368E-09
80.2583333	1.35675796460149E-10	1.95622216460862E-08	2.20649666255644E-06	9.75972020545858E-07	4.8685296981921E-09
80.425	1.14755832542837E-10	2.15489773045402E-08	2.11743116977843E-06	8.92364016316049E-07	4.4790058630735E-09
80.5916666999999	6.77180175434507E-11	2.15439140056687E-08	2.1850586368206E-06	9.20294809906854E-07	4.8112814564764E-09
80.7583333	1.37265522767392E-10	1.94749401813084E-08	2.18103814403356E-06	8.96540296746316E-07	5.05637247834488E-09
80.925	4.08963319573466E-10	2.33116616883646E-08	2.4561265120016E-06	9.82955623107781E-07	4.7753136110873E-09
81.0916666999999	5.79501462524384E-11	1.9578654083991E-08	2.22682092679253E-06	9.83404276705089E-07	4.69370679951241E-09
81.2583333	1.70546007982616E-10	2.11571939338766E-08	2.13298790574668E-06	9.70134941359912E-07	4.90332265708456E-09
81.425	1.7340559033666E-10	2.14020131950452E-08	1.79915104038643E-06	9.0477566862467E-07	4.39224289831043E-09
81.5916666999999	1.81703222171452E-10	1.99849957504936E-08	2.0594062910096E-06	8.75132087261063E-07	4.40045116424899E-09
81.7583333	1.25508083244198E-10	1.93801385508697E-08	1.76258332535042E-06	9.04135677996836E-07	3.89678693419471E-09
81.925	1.95144048820878E-10	1.95648110508997E-08	1.96469041046331E-06	8.81132746252232E-07	4.41860331688462E-09
82.0916666999999	3.50765238870693E-10	1.92325316958522E-08	2.00659588517367E-06	9.15456783930502E-07	5.00573606800734E-09
82.2583333	1.93953126438462E-11	1.75785822644054E-08	2.22751229016266E-06	9.66855933591822E-07	4.34984049879958E-09
82.425	7.93607806182492E-11	1.99341297225983E-08	2.16082299307543E-06	1.01416856871369E-06	4.36667263622724E-09
82.5916666999999	1.70201149210481E-10	2.011443908559E-08	2.21898360517068E-06	1.02368048773841E-06	4.95077627559445E-09
82.7583333	2.06099592821728E-10	1.75887477348781E-08	1.99539345320049E-06	1.02152791717365E-06	5.19004894533887E-09
82.925	1.42663288547918E-10	1.97663225929254E-08	2.03107480881963E-06	1.00001642975623E-06	4.5893040120539E-09
83.0916666999999	2.23922455769784E-10	1.91209125014713E-08	1.87175829536814E-06	1.00268418165183E-06	4.53769456769877E-09
83.2583333	1.85477930864803E-10	1.83782600206384E-08	2.05153703177594E-06	9.81147948965937E-07	4.20984026525551E-09
83.425	1.66023286866918E-10	2.10327251270877E-08	2.08497953932259E-06	1.04537691737044E-06	4.22181625982076E-09
83.5916666999999	1.44446855098006E-10	2.12219917052814E-08	2.06935824954612E-06	1.06933777723336E-06	4.08293157042249E-09
83.7583333	5.92781910761598E-10	1.9580614874215E-08	2.24699450540195E-06	1.10730427837236E-06	3.96507774584451E-09
83.925	3.73308489280415E-10	2.0715882067906E-08	2.10428425354107E-06	1.09076549850794E-06	5.26605933158282E-09
84.0916666999999	1.23129423899924E-10	2.21702806911782E-08	2.23208686740685E-06	1.14284110299485E-06	5.17307395068018E-09
84.2583333	1.2532226143327E-10	2.1796878568325E-08	1.82435816659044E-06	1.09324172567123E-06	4.30897811776019E-09
84.425	2.34051515640792E-10	2.12870772885049E-08	2.13772308700809E-06	1.07683511307572E-06	3.76793143074663E-09
84.5916666999999	2.17262757260528E-10	1.88529869473831E-08	2.16839149667082E-06	1.12130291333892E-06	4.27560355950707E-09
84.7583333	2.95281400646907E-10	1.74652233895264E-08	2.55884004704449E-06	1.27986944848163E-06	3.8364733114732E-09
84.925	2.3329497443475E-10	1.96144879513031E-08	2.46293154721378E-06	1.30744581766772E-06	4.84753698029116E-09
85.0916666999999	2.2237694849718E-10	1.85613652014633E-08	2.4097422660905E-06	1.38030864045284E-06	4.7985324261913E-09
85.2583333	2.58616064107898E-10	1.86251068548277E-08	1.88431310805973E-06	1.22511797155215E-06	4.85088212010558E-09
85.425	1.33587422000999E-10	2.01616386606036E-08	2.09993853414402E-06	1.17184153611417E-06	3.91175083887909E-09
85.5916666999999	1.5856332578996E-10	1.73259390103644E-08	2.19431233195782E-06	1.21570750286877E-06	4.25322706939637E-09
85.7583333	3.23723911148021E-10	2.14195988618724E-08	2.64530582884622E-06	1.47367802824224E-06	4.4730599735979E-09
85.925	9.98868189963762E-11	1.93956958735504E-08	2.087127118063E-06	1.39967751778437E-06	4.96331693589103E-09
86.0916666999999	2.59255745075837E-10	2.02434705373184E-08	2.35073123173216E-06	1.37651852739279E-06	4.70964848830162E-09
86.2583333	2.34168062784479E-10	1.79273682678705E-08	2.0555683488037E-06	1.34337019714182E-06	4.24421386175476E-09
86.425	2.10990460782339E-10	1.90195856794154E-08	2.3368137043487E-06	1.40385494527374E-06	3.73423103383144E-09
86.5916666999999	1.6415009842198E-10	2.02544222159458E-08	1.99752095890059E-06	1.34812059938633E-06	4.73890090286208E-09
86.7583333	2.12577132241451E-10	1.9988477943601E-08	2.20088214630833E-06	1.38860128697399E-06	4.14353139189006E-09
86.925	1.42299742014815E-10	1.84751270352579E-08	1.64748944169222E-06	1.31371555662893E-06	4.41210168899016E-09
87.0916666999999	1.89181753766688E-10	1.79025556700073E-08	1.93845194199232E-06	1.23094987476709E-06	4.51215832712476E-09
87.2583333	1.05753520603329E-10	1.89933408769654E-08	1.51282568747682E-06	1.24435220345593E-06	4.00814296685909E-09
87.425	1.4809061418861E-10	2.08618320448428E-08	2.012146959055E-06	1.23402407036853E-06	3.99004652179398E-09
87.5916666999999	7.89080730379771E-11	1.83943066625873E-08	1.67086734356787E-06	1.34110964312499E-06	3.9861196069246E-09
87.7583333	2.93325853515436E-10	1.94684379019468E-08	1.78918841535389E-06	1.25500458347446E-06	3.98164735600243E-09
87.925	1.61337435434229E-10	1.90036145192736E-08	1.51691079498078E-06	1.27568185781029E-06	4.37088504143613E-09
88.0916666999999	1.42102209453189E-10	1.74913800699234E-08	1.76091113721059E-06	1.2563204306289E-06	4.19619760760373E-09
88.2583333	1.44105476789717E-10	1.75931913849821E-08	1.31481363307588E-06	1.2809893358782E-06	4.45084110364021E-09
88.425	3.7438602802121E-11	1.79368472643007E-08	1.43012075783453E-06	1.16728001923429E-06	3.9612348793506E-09
88.5916666999999	2.78808247083218E-10	1.76673125271153E-08	1.00831787027293E-06	1.14782900841367E-06	3.94279935044787E-09
88.7583333	1.83351870040153E-10	1.82105028130414E-08	1.30032995409785E-06	1.06317926557327E-06	3.49781559315601E-09
88.925	1.44635833717731E-10	1.60167504996532E-08	1.25472343508409E-06	1.2009192925041E-06	4.51915164001839E-09
89.0916666999999	9.77169594093448E-11	1.74010834972598E-08	1.63488147402169E-06	1.27128931753118E-06	4.10346977141661E-09
89.2583333	3.83442003917794E-11	1.68272579834754E-08	1.43448043615438E-06	1.35526300188329E-06	4.41041067961271E-09
89.425	1.91019216148016E-10	1.69179009068966E-08	1.64635204026958E-06	1.33381813023671E-06	3.98105080641125E-09
89.5916666999999	1.27091981094193E-10	1.88937251759467E-08	1.19576209112082E-06	1.35013292251623E-06	4.24347375173905E-09
89.7583333	3.78714619502116E-11	1.7974695460374E-08	1.43392037499995E-06	1.22556190128813E-06	3.28697146518088E-09
89.925	5.002437509905E-11	1.85300819444094E-08	1.44113293788301E-06	1.39395275363793E-06	4.69944968714782E-09
90.0916666999999	3.45840155451681E-11	1.84530105720935E-08	1.51644247918293E-06	1.38641388586392E-06	4.28034626892765E-09
90.2583333	1.01908245531041E-10	2.04658581752001E-08	1.41226448315198E-06	1.44787415021228E-06	3.30651346217536E-09
90.425	5.90551396046814E-11	1.61987315034406E-08	1.33547255718167E-06	1.35844702177602E-06	3.63293597890589E-09
90.5916666999999	1.28682560411455E-10	1.80478048714139E-08	1.24973883279626E-06	1.37214212507456E-06	4.12154688723748E-09
90.7583333	1.53093335171606E-10	1.64035346332422E-08	1.12220612033012E-06	1.30037842277959E-06	3.34922988144445E-09
90.925	2.05987426627187E-10	1.66590845058081E-08	9.95004829241787E-07	1.26788901833753E-06	3.93955548778444E-09
91.0916666999999	6.48790497243113E-11	1.7905859539861E-08	9.33561864705014E-07	1.1927515200736E-06	3.77646176460706E-09
91.2583333	9.55376787989583E-11	1.64957518811877E-08	8.74900875987132E-07	1.22685887154293E-06	3.33580608128747E-09
91.425	5.25553869380163E-11	1.55168519864176E-08	7.08993059448644E-07	1.14519374364832E-06	2.93553306718935E-09
91.5916666999999	1.29389193918935E-10	1.65369274343557E-08	6.37686034093146E-07	1.0776254845194E-06	3.35773436415268E-09
91.7583333	1.13118303137626E-10	1.54570967323974E-08	5.48602940193842E-07	1.01989083411733E-06	3.39344307366238E-09
91.925	4.02685016871358E-11	1.744438867205E-08	5.79490234528745E-07	1.05594704334107E-06	3.76273095403899E-09
92.0916666999999	1.40387964707875E-10	1.41435392058438E-08	5.32679255151693E-07	1.00508711213372E-06	3.36014894311488E-09
92.2583333	7.39141757313421E-11	1.51112539472808E-08	5.05787981375351E-07	1.01844363138722E-06	3.12242321190904E-09
92.425	1.88896278353175E-10	1.56326370718771E-08	6.31090903701888E-07	1.02061903878492E-06	3.21323824964587E-09
92.5916666999999	2.17526400187017E-10	1.4879873571436E-08	7.30367140353672E-07	1.1875355601442E-06	3.41111313887765E-09
92.7583333	1.00404601946072E-11	1.75090549814725E-08	7.51380147838225E-07	1.20809573437578E-06	3.51294398030508E-09
92.925	1.71126729274819E-10	1.76968203042107E-08	6.1823196891902E-07	1.21938459661006E-06	3.64009201380101E-09
93.0916666999999	7.16301638253464E-11	1.49287244049252E-08	5.535448789078E-07	1.13260845740985E-06	4.00404167731065E-09
93.2583333	3.30817690529763E-11	1.73994364699508E-08	4.93483747883326E-07	1.07709166536679E-06	3.52912858458594E-09
93.425	8.3450876960897E-11	1.70609256159265E-08	4.31752948605403E-07	1.02646960299784E-06	3.12755868558246E-09
93.5916666999999	1.09854857015204E-10	1.59149015100783E-08	3.82002290522906E-07	9.83438468891854E-07	3.53422061325114E-09
93.7583333	1.20316058631855E-11	1.51756091020657E-08	4.20381415780213E-07	9.40559986945349E-07	3.07494411269137E-09
93.925	4.79121176140952E-11	1.48784849930877E-08	4.22217332002716E-07	9.74498851130772E-07	3.8680918423884E-09
94.0916666999999	2.35098130603623E-11	1.50283186815553E-08	5.92711642438936E-07	1.0615018247889E-06	3.94018313905014E-09
94.2583333	9.83283508792123E-11	1.5686963705297E-08	5.31555918730458E-07	1.20007419566128E-06	3.49944649726355E-09
94.425	5.76224568194333E-11	1.46046657329384E-08	4.56840908868818E-07	1.13281921339985E-06	3.01006577548341E-09
94.5916666999999	2.93233583834929E-11	1.45576619350687E-08	4.36505825540213E-07	1.11740170950955E-06	3.45372776690189E-09
94.7583333	4.96813795149463E-11	1.52849410520207E-08	4.86013688059975E-07	1.12807805349015E-06	3.19402076967443E-09
94.925	6.71770445805192E-11	1.47304052725638E-08	4.72285980564222E-07	1.19938079663918E-06	3.73313359517865E-09
95.0916666999999	8.08071465790892E-11	1.52482915301984E-08	4.85161624942354E-07	1.15681647899749E-06	3.56795261281553E-09
95.2583333	4.42833311464392E-11	1.54404807820138E-08	4.92096002019045E-07	1.18998444378969E-06	3.00450829277388E-09
95.425	3.03180642859408E-11	1.54257176142919E-08	5.09706113959244E-07	1.19084165249283E-06	2.62651658792156E-09
95.5916666999999	1.62506985488396E-10	1.65005235868941E-08	5.90709682612668E-07	1.32349662010111E-06	3.08841940098063E-09
95.7583333	1.48228755367914E-10	1.44533301023103E-08	6.00833533929648E-07	1.2858554344832E-06	3.03935953365618E-09
95.925	9.93594726076536E-11	1.6956449684476E-08	7.81622173557377E-07	1.52361849349002E-06	3.95523912982385E-09
96.0916666999999	1.25071148726686E-10	1.5515461471702E-08	6.36980414301239E-07	1.51561219688632E-06	3.3426984576944E-09
96.2583333	6.66761160192042E-11	1.67007304448402E-08	7.1585556384558E-07	1.51660507135051E-06	3.19993717227152E-09
96.425	0	1.5156621163082E-08	6.03533027066155E-07	1.45649642432343E-06	3.36731138378809E-09
96.5916666999999	3.77278263491002E-11	1.68776472886053E-08	7.23820013986251E-07	1.52908868298784E-06	3.32038142799571E-09
96.7583333	1.12343864858267E-11	1.45158442292468E-08	5.5790500733974E-07	1.47510989102009E-06	2.47702661536493E-09
96.925	6.19147337462216E-11	1.72851634646822E-08	7.676669668398E-07	1.5693085674393E-06	3.39370537494253E-09
97.0916666999999	1.12715721479048E-10	1.60264767438536E-08	6.11474328360372E-07	1.62639610361054E-06	3.41134578659023E-09
97.2583333	4.86683901661495E-11	1.59536295533468E-08	8.10631975841796E-07	1.67281050698098E-06	3.70408280758058E-09
97.425	1.04522300646842E-10	1.45714743876695E-08	6.04723157477122E-07	1.6792070302396E-06	2.78902098585854E-09
97.5916666999999	4.14075080857974E-11	1.56106677733578E-08	7.05668025361789E-07	1.61853529660506E-06	3.76306337080498E-09
97.7583333	9.54150024723999E-11	1.62934598294582E-08	4.3852109644459E-07	1.56363137555509E-06	3.15367851647897E-09
97.925	2.45288106331678E-11	1.72098307131215E-08	5.92486089004071E-07	1.4268988065582E-06	3.31552048529016E-09
98.0916666999999	9.07789989351778E-11	1.55883323866733E-08	4.17666862613366E-07	1.54274980542299E-06	3.35957283017556E-09
98.2583333	1.14102720010979E-10	1.55629251131485E-08	5.34358104643159E-07	1.40877108590262E-06	3.68388158029615E-09
98.425	2.93589748323271E-11	1.31475697327014E-08	4.3881820652388E-07	1.54109441161944E-06	2.75798302013318E-09
98.5916666999999	2.70741548127805E-11	1.39588173660926E-08	6.3526001561971E-07	1.50197793478661E-06	3.35636508366949E-09
98.7583333	1.80766533429036E-11	1.46446063706341E-08	4.40876184508876E-07	1.5921829537495E-06	3.01212328532261E-09
98.925	1.26145773397838E-11	1.47510460728935E-08	6.02081730897468E-07	1.49058555475608E-06	3.14155449134054E-09
99.0916666999999	7.62688282086715E-11	1.38664545716508E-08	4.04475716978436E-07	1.69494721772117E-06	3.57487833244564E-09
99.2583333	6.45853653852118E-11	1.43171221243926E-08	4.59302036234305E-07	1.38393500501021E-06	2.7769133296031E-09
99.425	4.19152531932341E-11	1.53996275902559E-08	4.84451339988351E-07	1.55950254570399E-06	2.42588431951769E-09
99.5916666999999	7.3785817766859E-11	1.60730663045077E-08	5.50768252757646E-07	1.50842736269877E-06	3.44650722240034E-09
99.7583333	5.41468687742505E-11	1.29830091460467E-08	4.1774489265377E-07	1.62488106369855E-06	3.23008897172575E-09
99.925	8.10810812852176E-11	1.39069724884378E-08	5.17769920598507E-07	1.45418221570559E-06	3.16423157977959E-09
100.091667	7.38736087921042E-11	1.57520124467274E-08	5.99293697246665E-07	1.81957674552792E-06	3.23905492263389E-09
100.258333	7.76259718176444E-11	1.54323284836457E-08	6.48555838324584E-07	1.7087003984092E-06	3.06681346980068E-09
100.425	7.83343897175887E-11	1.59699583254521E-08	5.63121873099202E-07	1.88998046381359E-06	3.20602689722435E-09
100.591667	1.42096105795509E-10	1.37896791739324E-08	4.8821846129484E-07	1.62239466471805E-06	3.64339133656185E-09
100.758333	2.67546834967575E-11	1.56736218251515E-08	5.41326050645537E-07	1.79617324963524E-06	3.08552587387407E-09
100.925	5.29243389895085E-11	1.4686372151882E-08	4.88085682449461E-07	1.64036577085571E-06	3.24370492057969E-09
101.091667	1.2025500775345E-10	1.57084519117135E-08	5.95329226518161E-07	1.81037920396683E-06	3.29137940450339E-09
101.258333	0	1.54644941150529E-08	4.84193019795878E-07	1.66062193153282E-06	2.81742268422671E-09
101.425	2.78459333675378E-11	1.68033861323261E-08	5.73846470684973E-07	1.88096679404988E-06	2.841420169436E-09
101.591667	1.24653592676582E-11	1.6499571668235E-08	4.84929854318288E-07	1.79045604975346E-06	3.40705791724782E-09
101.758333	3.48200673485517E-11	1.52183749498306E-08	5.2653784939113E-07	1.90139766497976E-06	2.90698843733992E-09
101.925	0	1.28612013306014E-08	4.15832339801151E-07	1.77890715532662E-06	3.13640434271493E-09
102.091667	9.30387311274371E-11	1.52171998687962E-08	4.88289060068448E-07	1.81120417181927E-06	3.02958819608904E-09
102.258333	1.31211085992434E-10	1.28814275234125E-08	4.60912939622574E-07	1.83096863147795E-06	2.91327129182706E-09
