time	N2O	NO	NH3	CO	HC
0.091666667	2.48347539246344E-06	2.78465132368552E-05	0	0.00017140024872	3.20977626042311E-05
0.258333333	2.4712103194005E-06	2.78907997141139E-05	0	0.000171463236606	3.20942523491408E-05
0.425	2.45843757414911E-06	2.7910640224371E-05	0	0.000171345970276	3.21056662831E-05
0.591666666999999	2.44110392453698E-06	2.79879087700037E-05	0	0.000171319082066	3.21095597478609E-05
0.758333332999999	2.43597251306649E-06	2.79520739494466E-05	0	0.000171252389007	3.20837746172652E-05
0.925	2.42732730198029E-06	2.80394608507554E-05	0	0.00017176578316	3.2124343102486E-05
1.09166667	2.4224925683451E-06	2.80582730092543E-05	0	0.000171188177084	3.21053971643876E-05
1.25833333	2.42121440255748E-06	2.80542329331642E-05	0	0.000171544575407	3.21124062460963E-05
1.42499999999999	2.41634480640077E-06	2.81204089273739E-05	0	0.00017148192962	3.21353240235246E-05
1.59166667	2.41123282967351E-06	2.81455406884671E-05	0	0.000171610102431	3.21482945782781E-05
1.75833333	2.40817285770212E-06	2.81618302699651E-05	0	0.000171730669707	3.22186576031825E-05
1.925	2.39878597682112E-06	2.81827187890086E-05	0	0.000171805314737	3.23710127447927E-05
2.09166666999999	2.39769934949502E-06	2.81716391799556E-05	0	0.00017181910511	3.23037441614497E-05
2.25833333	2.3973448382201E-06	2.82372831680345E-05	0	0.000171956665341	3.22887511260644E-05
2.425	2.39206480572036E-06	2.82686916022617E-05	0	0.000171985223424	3.22787807812472E-05
2.59166667	2.3903857212432E-06	2.82651036469712E-05	0	0.000172260722551	3.22604106456858E-05
2.75833333	2.38718656833455E-06	2.82264889308416E-05	0	0.000172028346232	3.22416996149556E-05
2.925	2.38267047281835E-06	2.82469274173407E-05	0	0.000171560518067	3.22481455870668E-05
3.09166667	2.38170970127598E-06	2.83125981004281E-05	0	0.000172334507411	3.22572896514669E-05
3.25833333	2.37447586029074E-06	2.82943854410839E-05	0	0.000171989535679	3.22491401895864E-05
3.425	2.37561557675009E-06	2.83259662329747E-05	0	0.000172038932634	3.22489311816986E-05
3.59166667	2.3723476375609E-06	2.83496876017123E-05	0	0.000171945380301	3.22641871528189E-05
3.75833333	2.36722551039879E-06	2.8348482203043E-05	0	0.000171860241386	3.22551386705843E-05
3.925	2.3661962241698E-06	2.83596209470733E-05	0	0.000172349048687	3.22557553643963E-05
4.09166667	2.36189776700527E-06	2.83674094146305E-05	0	0.0001720611895	3.22317163730115E-05
4.25833333	2.35538596565129E-06	2.8399607042232E-05	0	0.000172483320193	3.22472557014213E-05
4.425	2.3587908327204E-06	2.84243410717972E-05	0	0.000172396623134	3.22840667502013E-05
4.59166667	2.35210238157233E-06	2.84717937741983E-05	0	0.000172353109449	3.22656872298059E-05
4.75833333	2.34847959190351E-06	2.84269140620409E-05	0	0.00017251466226	3.22557060618017E-05
4.925	2.34924937655004E-06	2.8472800257032E-05	0	0.000172412388469	3.22507845032632E-05
5.09166667	2.34328861768615E-06	2.84363780983643E-05	0	0.000172269591809	3.22569093019939E-05
5.25833333	2.33878845929659E-06	2.8490312252242E-05	0	0.000172620068467	3.22667419723903E-05
5.425	2.34092152287365E-06	2.85037561904878E-05	0	0.000172488851985	3.22736346604641E-05
5.59166667	2.33754259973612E-06	2.85109733887427E-05	0	0.000172529979691	3.22727715221541E-05
5.75833333	2.33221415223129E-06	2.85391230518364E-05	0	0.000172358190467	3.22891648360162E-05
5.925	2.33426099962436E-06	2.85233589858363E-05	0	0.000172746777184	3.22720267679866E-05
6.09166667	2.33117031582114E-06	2.85503500969839E-05	0	0.000172410338804	3.22921136076616E-05
6.25833333	2.33245361418088E-06	2.85572620542478E-05	0	0.000172690045847	3.22902919801793E-05
6.425	2.32975084076473E-06	2.85668409042172E-05	0	0.000172288633154	3.22857736195152E-05
6.59166667	2.32579558237723E-06	2.85280726995075E-05	0	0.000172135273738	3.22679437909935E-05
6.75833332999999	2.32369883842035E-06	2.85618994897724E-05	0	0.000172273857195	3.23412782544443E-05
6.925	2.32059021065624E-06	2.85726606275732E-05	0	0.000172650297613	3.24637856838349E-05
7.09166667	2.32172064320152E-06	2.85563960872513E-05	0	0.000172333109782	3.24241260370282E-05
7.25833332999999	2.31847375018287E-06	2.85797645673739E-05	0	0.000172438481256	3.23891659878477E-05
7.425	2.31630974517828E-06	2.86015679041926E-05	0	0.000172290062328	3.23736579485433E-05
7.59166667	2.31887232072075E-06	2.85534963788169E-05	0	0.000172513384989	3.23701515594602E-05
7.75833332999999	2.31430478641437E-06	2.85751332972219E-05	0	0.000172688290467	3.236632127356E-05
7.925	2.31235220035739E-06	2.86024379026391E-05	0	0.000172363922666	3.23556358170594E-05
8.09166667	2.31500200712494E-06	2.86287939630384E-05	0	0.000173057006231	3.23609395492272E-05
8.25833333	2.31173838877769E-06	2.86408018938993E-05	0	0.000172629862545	3.23704983885307E-05
8.425	2.31150535090202E-06	2.86737722194386E-05	0	0.000172807897337	3.23701084789487E-05
8.59166667	2.31368730764065E-06	2.86489836595148E-05	0	0.000172801967588	3.23590061083955E-05
8.75833333	2.31400842545033E-06	2.86523448305679E-05	0	0.000172711753163	3.23444071889602E-05
8.925	2.30931643979709E-06	2.8665097034099E-05	0	0.000172871621349	3.23485105641407E-05
9.09166667	2.30944460204885E-06	2.866341465505E-05	0	0.000172598813622	3.23390704234798E-05
9.25833333	2.30408972808929E-06	2.86698288961309E-05	0	0.000172831359139	3.23413118376704E-05
9.425	2.30581140284934E-06	2.86757068828744E-05	0	0.000172718872204	3.23265368437692E-05
9.59166667	2.307279859416E-06	2.87087058037855E-05	0	0.0001732027466	3.23380342444219E-05
9.75833333	2.30684166384121E-06	2.86793703140356E-05	0	0.000172667832852	3.23309745653596E-05
9.925	2.30579400796004E-06	2.87003694127274E-05	0	0.000172773920516	3.23316097020605E-05
10.0916667	2.30081190879354E-06	2.87080325755311E-05	0	0.000172293734616	3.2324098674575E-05
10.2583333	2.30094397812077E-06	2.87058609115116E-05	0	0.000173053959706	3.23300038276527E-05
10.425	2.30315942417844E-06	2.87016296667558E-05	0	0.000172827741761	3.23263986562725E-05
10.5916667	2.29875026244241E-06	2.86929315279928E-05	0	0.000172356651269	3.23167150847855E-05
10.7583333	2.29814728849106E-06	2.87089343745047E-05	0	0.000172733010891	3.23189554809533E-05
10.925	2.29742681417722E-06	2.87044149169144E-05	0	0.000172673916947	3.23378272706941E-05
11.0916667	2.29995631085475E-06	2.86779933330785E-05	0	0.000172677474427	3.23157067614009E-05
11.2583333	2.30801586041502E-06	2.86658141963796E-05	0	0.000172785935766	3.23104359759557E-05
11.425	2.31669227028708E-06	2.86271050104243E-05	0	0.000172505855622	3.23132535431151E-05
11.5916667	2.32049899958778E-06	2.86293348485661E-05	0	0.000172769457119	3.23172764359801E-05
11.7583333	2.33506294010684E-06	2.85899087449362E-05	0	0.000172790738749	3.24578011690945E-05
11.925	2.35180694145893E-06	2.85143989148663E-05	0	0.000172488626123	3.25143064354005E-05
12.0916667	2.36521795502095E-06	2.85028435044343E-05	0	0.000172814438572	3.2444074577029E-05
12.2583333	2.38660195280473E-06	2.83966610889713E-05	0	0.000172330969057	3.23835264719008E-05
12.425	2.40403265260011E-06	2.83116239481834E-05	0	0.000172368152679	3.235215054664E-05
12.5916667	2.42493455243638E-06	2.8256951226186E-05	0	0.000172520489743	3.23326110003405E-05
12.7583333	2.45095752909302E-06	2.81419612541698E-05	0	0.000172104122572	3.23085713769884E-05
12.925	2.48461170780554E-06	2.80663717818645E-05	0	0.000172118206628	3.22880962454753E-05
13.0916667	2.51864768495186E-06	2.79280300271018E-05	0	0.000172148027572	3.22716209159158E-05
13.2583333	2.54869913254235E-06	2.78357989666051E-05	0	0.000171770412323	3.22217986022583E-05
13.425	2.56576579948012E-06	2.76740335740185E-05	0	0.000171963126689	3.2178201799059E-05
13.5916667	2.59795682649134E-06	2.76123347590911E-05	0	0.000171441876637	3.21520529559751E-05
13.7583333	2.62410560985893E-06	2.75145210213892E-05	0	0.000171001271269	3.21244920224455E-05
13.925	2.65068572084976E-06	2.73771734486931E-05	0	0.000170802697757	3.20896283131943E-05
14.0916667	2.66872208532724E-06	2.72570418709221E-05	0	0.000170853779268	3.205108622779E-05
14.2583333	2.70074838577476E-06	2.71366442619762E-05	0	0.000171067728348	3.20432133517955E-05
14.425	2.72730954568512E-06	2.70267926630689E-05	0	0.000170608573294	3.20080712557316E-05
14.5916667	2.75730328855275E-06	2.69318254818527E-05	0	0.000170626904033	3.19754322214737E-05
14.7583333	2.81300448378038E-06	2.68214009146765E-05	0	0.00017038822405	3.19431218721155E-05
14.925	2.84803470245115E-06	2.66699641060196E-05	0	0.00016978632255	3.19080507617992E-05
15.0916667	2.88184996425862E-06	2.6496969374417E-05	0	0.000169951438985	3.18471998814055E-05
15.2583333	2.91155196330271E-06	2.63755387769246E-05	0	0.000169347792838	3.18250799051859E-05
15.425	2.94202231664282E-06	2.62119277354782E-05	4.15463681906697E-10	0.000169062021624	3.1780424486246E-05
15.5916667	2.97992238621461E-06	2.60661674007174E-05	0	0.000168980567195	3.17416918029936E-05
15.7583333	3.02058526069496E-06	2.58886284766645E-05	7.27569937828357E-10	0.000168884338935	3.17075868057385E-05
15.925	3.07631708540398E-06	2.5744000580539E-05	1.6814796136374E-09	0.00016861853959	3.1659036588055E-05
16.0916666999999	3.16445697698783E-06	2.55576923567327E-05	3.48384513304146E-09	0.000168676992678	3.16281864726832E-05
16.2583333	3.20688363228226E-06	2.53552725096959E-05	2.11038971183784E-09	0.000168092489496	3.15754011157238E-05
16.425	3.24146054507062E-06	2.51574390656748E-05	5.35736167889337E-09	0.000167928155827	3.15317598023438E-05
16.5916666999999	3.2829280029423E-06	2.49469311359856E-05	5.66526993020038E-09	0.000167287626194	3.14804344021361E-05
16.7583333	3.32412373138108E-06	2.47584619411623E-05	9.05874218446252E-09	0.000167163851777	3.15641856535636E-05
16.925	3.3636935228325E-06	2.45482397793931E-05	1.05410333520579E-08	0.00016695526833	3.15411753157565E-05
17.0916666999999	3.38852967756425E-06	2.4351128560276E-05	1.1618852240225E-08	0.000166311880968	3.14493384024985E-05
17.2583333	3.42301574746206E-06	2.41579606279484E-05	1.25720847565359E-08	0.00016636868763	3.13740809458927E-05
17.425	3.46927493952142E-06	2.39297812594504E-05	1.7814774504377E-08	0.000165617649818	3.13320505753894E-05
17.5916666999999	3.51323240769965E-06	2.3718314736453E-05	1.95136339006193E-08	0.000166004332135	3.12665060285781E-05
17.7583333	3.55487562051304E-06	2.34915537851353E-05	2.04233628563768E-08	0.000165374171282	3.12149794536191E-05
17.925	3.60244017951521E-06	2.32851165332166E-05	2.1390522185331E-08	0.000165083590964	3.11650276896696E-05
18.0916666999999	3.65393313021484E-06	2.30517021603017E-05	2.44368318218472E-08	0.00016477162676	3.10938472818689E-05
18.2583333	3.70313011214193E-06	2.28284608888986E-05	2.95830209849756E-08	0.000164371965152	3.10498622393491E-05
18.425	3.74658504283665E-06	2.25850102877356E-05	3.28332427172524E-08	0.000164146120745	3.09759400837413E-05
18.5916666999999	3.80113758769318E-06	2.23425812018677E-05	3.58708602778104E-08	0.00016382719315	3.09032044031187E-05
18.7583333	3.88124276826305E-06	2.21357962483816E-05	3.75829908649392E-08	0.000163615920897	3.08717237141876E-05
18.925	3.94283162739596E-06	2.18559458183593E-05	4.3826395547135E-08	0.000163498848889	3.0818582992092E-05
19.0916666999999	3.98146513071053E-06	2.15789622897076E-05	4.99552244531495E-08	0.000162858087255	3.07613272386079E-05
19.2583333	4.04064309110869E-06	2.13095166270675E-05	4.85976099556518E-08	0.000162597233859	3.06873610103484E-05
19.425	4.09119413673879E-06	2.10600123418902E-05	5.46549370271369E-08	0.000162284885712	3.06221589951887E-05
19.5916666999999	4.13524189070802E-06	2.08163111602955E-05	5.8021756136804E-08	0.000161630099581	3.05524135483676E-05
19.7583333	4.18802388078891E-06	2.05557768939407E-05	6.3444615804211E-08	0.000161621306509	3.05174476082886E-05
19.925	4.2357308741204E-06	2.02491330611012E-05	6.54662355380256E-08	0.000161139328168	3.04669822631153E-05
20.0916666999999	4.28317345768924E-06	1.99832507311645E-05	7.37397649013679E-08	0.000160688894105	3.04067125515245E-05
20.2583333	4.33319430213088E-06	1.96742536148017E-05	8.04225520012043E-08	0.000159881693796	3.03425760460635E-05
20.425	4.39996085501134E-06	1.93570405688917E-05	8.43931630000982E-08	0.000159461525316	3.02511448292037E-05
20.5916666999999	4.47340922118992E-06	1.90964618685793E-05	8.89741502207778E-08	0.000159456560245	3.0217636082881E-05
20.7583333	4.53102691490292E-06	1.87978104532514E-05	9.73969690874457E-08	0.000158971656852	3.01499032666203E-05
20.925	4.57270526446707E-06	1.8481614911028E-05	1.03427145846268E-07	0.000158487973432	3.01005532501979E-05
21.0916666999999	4.6369665197321E-06	1.81830953939951E-05	1.11527753236336E-07	0.000158002816458	3.00275739515534E-05
21.2583333	4.69379855115512E-06	1.7864064276007E-05	1.19737014136441E-07	0.000158030362549	2.99844391930186E-05
21.4249999999999	4.73428880595368E-06	1.75515553324281E-05	1.26632239601748E-07	0.000157302479897	2.99152360472358E-05
21.5916666999999	4.77267081009264E-06	1.72049583516932E-05	1.3572288472373E-07	0.000156452393411	2.98589856468462E-05
21.7583333	4.82921956015989E-06	1.69105632082156E-05	1.42200660693144E-07	0.000156523809403	2.99701287210569E-05
21.9249999999999	4.87267648383209E-06	1.66104960856688E-05	1.52378732691526E-07	0.000156005226279	2.98874753044629E-05
22.0916666999999	4.93909767935407E-06	1.62773454139159E-05	1.61626023447123E-07	0.000155835967089	2.97586076267227E-05
22.2583333	4.96961636425508E-06	1.59254986046351E-05	1.70973453909111E-07	0.000154852820153	2.96522618438137E-05
22.4249999999999	5.012031699635E-06	1.55964016078587E-05	1.82688896486738E-07	0.00015383062436	2.95870874915363E-05
22.5916666999999	5.0476067636866E-06	1.52797742854697E-05	1.90964667125766E-07	0.000153967737404	2.95219232881405E-05
22.7583333	5.09475377019463E-06	1.49743485570007E-05	1.99443821820013E-07	0.000153147726061	2.94685763169106E-05
22.9249999999999	5.12616235690538E-06	1.46336686153563E-05	2.14019382172473E-07	0.000152713002218	2.93805838594068E-05
23.0916666999999	5.18084167944416E-06	1.43529224497458E-05	2.28224096933351E-07	0.000151895794138	2.93333739257652E-05
23.2583333	5.20516774901683E-06	1.4010267944296E-05	2.40573738213455E-07	0.00015152618588	2.92495229875732E-05
23.4249999999999	5.22783482909432E-06	1.36862058142561E-05	2.54858012806991E-07	0.00015074306395	2.91706991031981E-05
23.5916666999999	5.25049510502834E-06	1.336211943957E-05	2.69624880893194E-07	0.000149855177363	2.90938501867738E-05
23.7583333	5.26307661358019E-06	1.30450716177001E-05	2.81678010341335E-07	0.00014949462916	2.90125570059187E-05
23.9249999999999	5.28877974432809E-06	1.27578386571205E-05	2.96782539628937E-07	0.000148890792657	2.89662977346719E-05
24.0916666999999	5.3033951686631E-06	1.24513349416388E-05	3.17432449501896E-07	0.000147841520545	2.8880549094754E-05
24.2583333	5.38360741314415E-06	1.21798488652788E-05	3.33670315596182E-07	0.000147788247575	2.88219739569206E-05
24.4249999999999	5.3928201187314E-06	1.18690250656225E-05	3.51706569384757E-07	0.000147297621188	2.87552960001314E-05
24.5916666999999	5.38687862462495E-06	1.15557259557794E-05	3.67695769221339E-07	0.000146001855196	2.86649035701221E-05
24.7583333	5.39092624227877E-06	1.12611275184266E-05	3.90352741187879E-07	0.000145336167474	2.85844723191715E-05
24.9249999999999	5.40618784437791E-06	1.09867455004978E-05	4.11447635261202E-07	0.000144993776442	2.8527137235936E-05
25.0916666999999	5.4083318837673E-06	1.07101418451076E-05	4.2749938151733E-07	0.000143930952785	2.84651942206558E-05
25.2583333	5.4004622886573E-06	1.04340231060528E-05	4.52084283190022E-07	0.00014321740065	2.83852301698182E-05
25.4249999999999	5.39992474525655E-06	1.01561242601316E-05	4.73345191306173E-07	0.00014255366088	2.82994647639981E-05
25.5916666999999	5.39120316528518E-06	9.89560875298315E-06	4.97815840773787E-07	0.000141312563554	2.82334186534542E-05
25.7583332999999	5.38564008794831E-06	9.61994925162393E-06	5.21824075671129E-07	0.000140597467198	2.81524422324592E-05
25.925	5.38127755362778E-06	9.41733071565993E-06	5.49504994545476E-07	0.000140072497615	2.81043312931245E-05
26.0916667	5.3714363032605E-06	9.18696805748959E-06	5.760286491594E-07	0.000139350714967	2.80352756360042E-05
26.2583332999999	5.33477549322854E-06	8.93387764733594E-06	6.05171075132333E-07	0.000137883616886	2.79451645256051E-05
26.425	5.3227031369324E-06	8.71228949539216E-06	6.35462633016993E-07	0.000136895179873	2.78680073251878E-05
26.5916667	5.30519596199878E-06	8.50032452960738E-06	6.63726218419217E-07	0.000136404883468	2.78331800034237E-05
26.7583332999999	5.28920085095869E-06	8.2760132201698E-06	6.95243081195182E-07	0.000135336846658	2.78907575765181E-05
26.925	5.24299044933819E-06	8.07153026999228E-06	7.31963228167759E-07	0.000133638943765	2.77654059272121E-05
27.0916667	5.20455016436202E-06	7.88459886165733E-06	7.63332808189731E-07	0.000132683972833	2.76553272550954E-05
27.2583332999999	5.17600027053245E-06	7.70292580567984E-06	7.97379488304829E-07	0.000131468177435	2.75732767753384E-05
27.425	5.13761443605053E-06	7.52609905497817E-06	8.34757989376702E-07	0.000129948605711	2.74702868350149E-05
27.5916667	5.12150478979579E-06	7.37968689298153E-06	8.71352889117554E-07	0.000129231025854	2.74076526306042E-05
27.7583332999999	5.02263358486875E-06	7.23218352943317E-06	9.12580940403351E-07	0.000128220666884	2.73218010255163E-05
27.925	4.96268105573099E-06	7.09619010615888E-06	9.45553937779316E-07	0.000126611735038	2.7222972082256E-05
28.0916667	4.91247562669486E-06	6.98451147627502E-06	9.84168978409495E-07	0.000125241157095	2.71512146752778E-05
28.2583332999999	4.87324727832896E-06	6.90619530087553E-06	1.02460866492543E-06	0.000123841046708	2.70594581305914E-05
28.425	4.81315323415852E-06	6.84302539273456E-06	1.0581278618349E-06	0.00012211837051	2.69774156941261E-05
28.5916667	4.75832613457597E-06	6.80810192812243E-06	1.09342543025046E-06	0.000120352005746	2.68859538803452E-05
28.7583332999999	4.6797365776096E-06	6.82470590052451E-06	1.12689828871377E-06	0.000118841933552	2.68241689989769E-05
28.925	4.57495699221701E-06	6.87686566085779E-06	1.15069255081914E-06	0.000117136792191	2.6728995859165E-05
29.0916667	4.48974149631291E-06	7.01238513542468E-06	1.17582342089677E-06	0.000114875924829	2.66398925969278E-05
29.2583332999999	4.37299905276688E-06	7.19207137623757E-06	1.19502465665698E-06	0.000112839150141	2.6527851155452E-05
29.425	4.25986807893488E-06	7.38523726088285E-06	1.21379111358231E-06	0.000110787529655	2.64440252653211E-05
29.5916667	4.15892392705441E-06	7.57006460845761E-06	1.23392437935972E-06	0.000108675025407	2.63568007720871E-05
29.7583332999999	4.05046473837017E-06	7.7541043898037E-06	1.2616682681562E-06	0.000106259566725	2.62530990926443E-05
29.925	3.94015425454697E-06	7.95938823476526E-06	1.29548313592203E-06	0.000103843863012	2.61471012685285E-05
30.0916667	3.84407259454853E-06	8.14771786590043E-06	1.31576756066921E-06	0.000101575550163	2.60276545851203E-05
30.2583332999999	3.72323428000649E-06	8.3662695317627E-06	1.34258004035383E-06	9.91182140427614E-05	2.5920028483306E-05
30.425	3.62855599152987E-06	8.58530979302225E-06	1.36872979073276E-06	9.72278333080119E-05	2.58375265695269E-05
30.5916667	3.53857788185539E-06	8.8016542465822E-06	1.39418541704204E-06	9.49558788734094E-05	2.57427145754433E-05
30.7583332999999	3.44799043086414E-06	9.03054126841496E-06	1.42370001787317E-06	9.26498294037124E-05	2.56487917331229E-05
30.925	3.35937481445379E-06	9.29267066105705E-06	1.44615940623057E-06	9.01859012601715E-05	2.55336710942469E-05
31.0916667	3.26859632490878E-06	9.52862751875001E-06	1.47314307053633E-06	8.74941710202182E-05	2.54241567774505E-05
31.2583332999999	3.16061670882958E-06	9.76431619439505E-06	1.49644459039593E-06	8.52528141635472E-05	2.53306799023895E-05
31.425	3.05526058409892E-06	1.00321107760898E-05	1.5221522211429E-06	8.2438381697887E-05	2.52202729123796E-05
31.5916667	2.97249451487368E-06	1.02659721768687E-05	1.54764999791156E-06	7.95875711151197E-05	2.52184538454116E-05
31.7583332999999	2.88059119420683E-06	1.05494611680276E-05	1.57039389612682E-06	7.66273709118448E-05	2.51698615042704E-05
31.925	2.79199156094379E-06	1.08146421390183E-05	1.59169679574902E-06	7.3663268164859E-05	2.49579152337025E-05
32.0916667	2.72370583105065E-06	1.09748575905616E-05	1.60687076795239E-06	6.94493103398879E-05	2.47502288155005E-05
32.2583332999999	2.6360894952325E-06	1.13213067020284E-05	1.63028344667061E-06	6.81492235584507E-05	2.46252815468983E-05
32.425	2.55301996337613E-06	1.15134727342531E-05	1.66970917218863E-06	6.56693367041996E-05	2.45651020326305E-05
32.5916667	2.48446075924962E-06	1.17324999197115E-05	1.67141029471818E-06	6.07852997218988E-05	2.4316002519216E-05
32.7583332999999	2.34401438941625E-06	1.20686504062871E-05	1.70434139637131E-06	5.90577461362926E-05	2.42168501716106E-05
32.925	2.27366708662158E-06	1.22262777683621E-05	1.70990450022428E-06	5.53193810779251E-05	2.40086983641054E-05
33.0916667	2.17921332331601E-06	1.25487101305942E-05	1.73982150710259E-06	5.31851387454706E-05	2.38846060904578E-05
33.2583332999999	2.09741234704406E-06	1.2804342524426E-05	1.7329425413239E-06	4.96788568619379E-05	2.36105217403993E-05
33.425	2.01298878767166E-06	1.30551060550811E-05	1.75739524920766E-06	4.80808154477282E-05	2.34883429504219E-05
33.5916667	1.92642780809116E-06	1.33884048257469E-05	1.76316494237518E-06	4.64641481472172E-05	2.32926746130127E-05
33.7583332999999	1.83943906665679E-06	1.37446762493969E-05	1.75551862483205E-06	4.40382120360771E-05	2.30491898184918E-05
33.925	1.7693229535174E-06	1.40049504095126E-05	1.7486867882701E-06	4.10730070892929E-05	2.28645711323768E-05
34.0916667	1.67038892228374E-06	1.44083103492292E-05	1.7584521328532E-06	4.04963037446406E-05	2.2721871611792E-05
34.2583332999999	1.57076944173117E-06	1.50376269345805E-05	1.68513039053417E-06	3.71879821594637E-05	2.22429506324928E-05
34.425	1.4572668762575E-06	1.54420481672733E-05	1.7514780675361E-06	4.11539960880905E-05	2.24098233327654E-05
34.5916667	1.40756010430229E-06	1.57040605147155E-05	1.63725295014656E-06	3.44378837775249E-05	2.19383621150131E-05
34.7583332999999	1.19286298185014E-06	1.68810229273581E-05	1.61718242520175E-06	3.92357412385434E-05	2.16605127161314E-05
34.925	1.08578573139013E-06	1.71337327214573E-05	1.77714086171932E-06	5.06165112364153E-05	2.2265778619122E-05
35.0916667	1.1873184152806E-06	1.67089225170398E-05	1.57991644618108E-06	3.48940893564425E-05	2.16228302614039E-05
35.2583332999999	9.89963897107164E-07	1.78664790865057E-05	1.52628001930605E-06	3.71698266634589E-05	2.1174508489592E-05
35.425	8.91721023716788E-07	1.8130035914295E-05	1.68695719619102E-06	4.68021590690988E-05	2.17187300577616E-05
35.5916667	1.02399318960855E-06	1.76722006169405E-05	1.46003694477128E-06	3.05494837623873E-05	2.09952163908598E-05
35.7583332999999	7.95859083206234E-07	1.86891215801627E-05	1.53211535411761E-06	3.80520969335213E-05	2.09795852917866E-05
35.925	9.14579980627235E-07	1.82236822393175E-05	1.40249060872674E-06	2.78252002210813E-05	2.04908844033502E-05
36.0916667	7.54374540611945E-07	1.87797458650993E-05	1.50570569907147E-06	3.50244798837924E-05	2.05915932297841E-05
36.2583332999999	8.07257920674374E-07	1.8665289301454E-05	1.37844187228704E-06	2.74491868584519E-05	1.99836609140365E-05
36.425	7.86536595549353E-07	1.86506292799397E-05	1.37351017683691E-06	2.62858887393413E-05	1.98024487057233E-05
36.5916667	7.4208995211159E-07	1.87433457564107E-05	1.40414807216265E-06	2.71823624132506E-05	1.96711035711405E-05
36.7583333	7.35282288261988E-07	1.86836264691109E-05	1.39599304418782E-06	2.57174665842291E-05	1.94448473876069E-05
36.925	7.41730230098889E-07	1.86066862241387E-05	1.39485438199023E-06	2.46294224491506E-05	1.91783109926195E-05
37.0916667	7.30500770576681E-07	1.85581830305888E-05	1.40343560618952E-06	2.40218245012136E-05	1.8893884902059E-05
37.2583333	7.19182159858559E-07	1.8461986795078E-05	1.42733125374922E-06	2.381241850204E-05	1.86749931055797E-05
37.425	7.14372900200796E-07	1.83830812057968E-05	1.45607299749991E-06	2.36713165988236E-05	1.84751457635604E-05
37.5916667	7.13286887514944E-07	1.82745060938543E-05	1.48239507435662E-06	2.33448223917797E-05	1.82608880113787E-05
37.7583333	7.11874065910542E-07	1.81382255684137E-05	1.51375675196044E-06	2.31683098260166E-05	1.80537481358667E-05
37.925	7.08463054880187E-07	1.80099487211326E-05	1.54373796240411E-06	2.28554226676466E-05	1.78387318534335E-05
38.0916667	7.12358576439148E-07	1.78775451746993E-05	1.57215418940562E-06	2.26008813439775E-05	1.76199836009473E-05
38.2583333	7.1481877390542E-07	1.77560041415882E-05	1.60794990608988E-06	2.22512481877244E-05	1.7394111141974E-05
38.425	7.21959268663586E-07	1.76365941553854E-05	1.64180748598526E-06	2.20099853487836E-05	1.71703742181156E-05
38.5916667	7.29208286623782E-07	1.74749923605511E-05	1.67571805306302E-06	2.16417629015934E-05	1.69209978008015E-05
38.7583333	7.40370543372811E-07	1.7344857184378E-05	1.71045812084518E-06	2.12838854387636E-05	1.66767572735207E-05
38.925	7.51410331810383E-07	1.71557331857337E-05	1.74823294604794E-06	2.09445249168849E-05	1.64117043702084E-05
39.0916667	7.64381666200504E-07	1.69709286470282E-05	1.78564612624175E-06	2.0481622969277E-05	1.61293190189226E-05
39.2583333	7.86911436487188E-07	1.67898054714132E-05	1.82218118006926E-06	1.99219505184386E-05	1.5841486114131E-05
39.425	8.12945140074712E-07	1.65967428855472E-05	1.86144464674266E-06	1.9320616527466E-05	1.55352745185929E-05
39.5916667	8.35109448390356E-07	1.63820959570714E-05	1.90785614435392E-06	1.87702058273596E-05	1.52157904719166E-05
39.7583333	8.61228429141328E-07	1.61309148923495E-05	1.94339292427964E-06	1.80792371702525E-05	1.48493503833024E-05
39.925	8.9049270288306E-07	1.58746108088837E-05	1.98252462316752E-06	1.74604042262995E-05	1.44996101109055E-05
40.0916667	9.26673145253293E-07	1.56168871311191E-05	2.01265235374796E-06	1.6685326589606E-05	1.41172931321372E-05
40.2583333	9.60998231876219E-07	1.53089365397827E-05	2.04620778947487E-06	1.59471161779978E-05	1.37276152202384E-05
40.425	1.01132850950918E-06	1.50207984655618E-05	2.07125592109351E-06	1.51327255763529E-05	1.33149133089976E-05
40.5916667	1.06528712432748E-06	1.4715011759997E-05	2.09260857581729E-06	1.42392643275723E-05	1.28737592886412E-05
40.7583333	1.11464654203486E-06	1.43820627218042E-05	2.10871763791985E-06	1.34466679108982E-05	1.24134753399655E-05
40.925	1.17955980827085E-06	1.40388909461951E-05	2.11781476086264E-06	1.24903712982391E-05	1.19108971496581E-05
41.0916667	1.25871003554894E-06	1.3692399432944E-05	2.11519861229713E-06	1.15139843014485E-05	1.13852953172284E-05
41.2583333	1.33630412102479E-06	1.33400662679102E-05	2.10693855250114E-06	1.05750570439064E-05	1.08368944654104E-05
41.425	1.41517326557008E-06	1.29343076675678E-05	2.08781019307125E-06	1.01340710138339E-05	1.02635646492986E-05
41.5916667	1.49755586362003E-06	1.24816788675427E-05	2.05775298012161E-06	9.11217238150217E-06	9.68757772768688E-06
41.7583333	1.582709319409E-06	1.20304017241875E-05	2.01996049873376E-06	8.00418631605223E-06	9.01042455592144E-06
41.925	1.69301786397334E-06	1.15545407006595E-05	1.96894151595962E-06	6.9626486912775E-06	8.28683354368653E-06
42.0916667	1.79751626069384E-06	1.09987020481148E-05	1.89510928900119E-06	5.9304979589841E-06	7.55591543516622E-06
42.2583333	1.92705994686947E-06	1.04126852550198E-05	1.80979937195598E-06	4.8998779530042E-06	6.79970735798339E-06
42.425	2.0891789207448E-06	9.74227034603133E-06	1.70743866012943E-06	3.99925774410966E-06	6.02008891203284E-06
42.5916667	2.25175340263273E-06	8.99989425035029E-06	1.58085126452589E-06	3.16930776349617E-06	5.24194565715225E-06
42.7583333	2.37796439698766E-06	8.09619698272105E-06	1.43995054057689E-06	2.4432995793057E-06	4.47355744942636E-06
42.925	2.46887697042563E-06	7.0949268971378E-06	1.28280563861194E-06	1.82793888185224E-06	3.71371587076925E-06
43.0916667	2.45518437048735E-06	6.15856920819249E-06	1.156737633057E-06	1.33850358211332E-06	3.02622298808382E-06
43.2583333	2.34449764467535E-06	5.2216556064808E-06	1.05245029046705E-06	9.81222672532686E-07	2.3944798760129E-06
43.425	2.23750736735795E-06	4.35023209200537E-06	9.63249108673916E-07	6.95948818150627E-07	1.83203058997467E-06
43.5916667	2.14256178359811E-06	3.52217579451399E-06	8.70776260091657E-07	4.83068281327458E-07	1.34920612632528E-06
43.7583333	2.02906621467174E-06	2.76894016872496E-06	7.79280278349937E-07	3.38015369200943E-07	9.42334579927006E-07
43.925	1.8700398515268E-06	2.02091718936584E-06	6.95969785376424E-07	2.37694641515542E-07	6.31572966404315E-07
44.0916667	1.67726589557105E-06	1.30324169620452E-06	6.36852680743427E-07	1.67193251843549E-07	4.01225329231017E-07
44.2583333	1.46624740877667E-06	7.24620281758015E-07	5.9265137287391E-07	1.0914623818659E-07	2.54917172778354E-07
44.425	1.1302117234641E-06	3.08695774288807E-07	5.59241653285355E-07	7.83705624634866E-08	1.50116280881671E-07
44.5916667	7.59695408142892E-07	9.43187013357539E-08	5.67153726810101E-07	5.63093999562372E-08	9.22416288638852E-08
44.7583333	3.64755803729572E-07	3.04282207648072E-08	5.845341658013E-07	4.7992500941469E-08	5.84914354435145E-08
44.925	1.01749069226636E-07	1.87129231436416E-08	6.29511324200133E-07	3.52142400306859E-08	4.3349917186103E-08
45.0916667	2.21012620445921E-08	1.69650318808192E-08	6.60748921872435E-07	3.06066788335653E-08	3.76996320643044E-08
45.2583333	1.76790702796795E-09	1.75294138840302E-08	6.56784060073546E-07	3.32400621844932E-08	3.37349568449741E-08
45.425	1.75536776423325E-09	1.7246447288045E-08	6.42198583294683E-07	2.59258159710296E-08	3.50195482485053E-08
45.5916667	6.36424998073288E-10	1.31128636015499E-08	6.17294362811854E-07	2.47452304541075E-08	3.32420403159313E-08
45.7583333	7.47974548169339E-10	1.72402508561631E-08	5.8000720544087E-07	3.29404231388955E-08	3.29128856938532E-08
45.925	4.32072936483471E-10	1.38481838603749E-08	5.3317522100038E-07	2.6061477547584E-08	3.1527430223577E-08
46.0916667	1.84550629852706E-09	1.7156336092886E-08	4.94677149015817E-07	2.39391137280191E-08	3.0875910396227E-08
46.2583333	4.83921321105404E-10	1.8221441757508E-08	4.43541258939546E-07	2.48682274954717E-08	3.19798599173376E-08
46.425	1.11511535290475E-09	1.05795624313121E-08	4.04307477737453E-07	2.90688581659827E-08	3.01271539244811E-08
46.5916667	1.05020064465027E-09	1.39312732215884E-08	3.62349595911188E-07	2.14829625010065E-08	2.57701389420981E-08
46.7583333	1.33374014009134E-09	1.49528181196643E-08	3.31658482561652E-07	2.30043177601577E-08	2.83272598795151E-08
46.925	3.57954913238799E-09	1.05212856044642E-08	2.98325966114933E-07	2.20587024733058E-08	2.71948676607834E-08
47.0916667	6.02295717866877E-09	1.02886625489634E-08	2.69104778479272E-07	2.39498513347827E-08	2.51162349923733E-08
47.2583333	1.00146885889046E-08	1.20576987132529E-08	2.37672402372528E-07	2.13468722726965E-08	2.45658756021372E-08
47.425	1.59392143847186E-08	1.65167544555279E-08	2.0627432952573E-07	1.91911784804888E-08	2.57364524119997E-08
47.5916667	2.59248417614365E-08	1.15152045888991E-08	1.72324738324057E-07	1.92389644604235E-08	3.0947864602601E-08
47.7583333	4.30538945465315E-08	1.27952330622713E-08	1.41910261788393E-07	1.88960161443152E-08	2.61077473530427E-08
47.925	6.95637301384416E-08	1.31281474337077E-08	1.12811113760987E-07	2.39036545450056E-08	2.74760848704122E-08
48.0916667	1.11501738379692E-07	1.47118489017112E-08	9.0130347368134E-08	2.13703261889606E-08	2.20880207918703E-08
48.2583333	1.74153834082444E-07	1.38781568478104E-08	6.8585126153795E-08	1.87265006183838E-08	2.75297464472883E-08
48.425	2.62319590280039E-07	8.84038865659068E-09	5.34123175273211E-08	1.94916525285404E-08	2.57563619440724E-08
48.5916667	3.68697153633581E-07	1.39791894452336E-08	4.23836742625847E-08	1.94632577719773E-08	2.34767553296929E-08
48.7583333	4.87981664188968E-07	1.51779945434275E-08	3.35640590482275E-08	1.83850211892509E-08	2.62672192371604E-08
48.925	6.09722289925972E-07	2.08445789510071E-08	2.80990187442924E-08	2.00918386640763E-08	2.69228452134166E-08
49.0916667	7.30510299117884E-07	2.45057068832787E-08	2.28756789452076E-08	1.81380236427238E-08	2.40379584621171E-08
49.2583333	8.50283564976653E-07	2.84078215531344E-08	1.91279310155052E-08	1.72082741643048E-08	2.29390486628299E-08
49.425	1.00007157253581E-06	2.89277279803654E-08	1.41114509777233E-08	1.28254601196441E-08	2.67090823131768E-08
49.5916667	1.14488756072489E-06	4.0517853762838E-08	1.29215143405112E-08	1.64532859449715E-08	2.61209493867369E-08
49.7583333	1.25645223366762E-06	4.78221047594347E-08	9.89311142067717E-09	1.14661584314138E-08	2.66737775549587E-08
49.925	1.37273111121758E-06	6.10785163563175E-08	8.90591001994611E-09	1.33919540531145E-08	2.09686793141348E-08
50.0916667	1.45672045283287E-06	7.39350471289595E-08	6.96594498421107E-09	1.43285118794128E-08	2.17921972506248E-08
50.2583333	1.52035625351818E-06	8.15356358919707E-08	6.53748919982946E-09	1.37923710996059E-08	2.82803054536476E-08
50.425	1.56925393849984E-06	9.33726280086355E-08	5.31052242349532E-09	1.36568954080351E-08	2.24546469133025E-08
50.5916667	1.60773694599392E-06	9.98061942817867E-08	4.11375553272527E-09	1.38250048704902E-08	2.20747870160232E-08
50.7583333	1.68218305727071E-06	1.15165906099666E-07	3.99562521138563E-09	1.21400530734463E-08	2.39495607594497E-08
50.925	1.75073371898736E-06	1.29958325768532E-07	3.5592183509523E-09	1.35264059994843E-08	2.45326126494707E-08
51.0916667	1.79012761842082E-06	1.45316881068625E-07	2.73970270783422E-09	1.70779618927633E-08	2.40638233193245E-08
51.2583333	1.8055578508264E-06	1.56264832172559E-07	2.11814422402322E-09	9.54712287699383E-09	2.5293762243251E-08
51.425	1.88592139171609E-06	1.66460833168404E-07	2.44350207620538E-09	9.69626771936733E-09	2.26932348495476E-08
51.5916667	1.92008815811427E-06	1.77376878298139E-07	2.35843294275504E-09	1.58721109796627E-08	2.62324655279658E-08
51.7583333	1.94944336252258E-06	1.88007426349876E-07	1.46891552109582E-09	1.82340082564018E-08	2.3822295810857E-08
51.925	1.95795913234643E-06	1.95013708778413E-07	2.08669361517725E-09	1.49642630420916E-08	2.12271083811123E-08
52.0916667	2.00128314206137E-06	2.12959650522154E-07	9.295809433122E-10	1.54073204657553E-08	1.95896909728807E-08
52.2583333	2.03960003962995E-06	2.26178517440265E-07	1.56944101504353E-09	1.27007582678513E-08	2.39093549054065E-08
52.425	2.08013221307475E-06	2.44196854114172E-07	1.40503022643586E-09	1.11289714843287E-08	2.09741108489672E-08
52.5916667	2.05444387771548E-06	2.42927173793907E-07	6.4614934663404E-10	1.04810034780085E-08	2.06071169265188E-08
52.7583333	2.07339552280912E-06	2.47808692687002E-07	9.92888574302325E-10	9.90533241361084E-09	2.01814546186574E-08
52.925	2.08753878477184E-06	2.57881226784041E-07	4.44000448178537E-10	1.40027089226399E-08	2.16668991192551E-08
53.0916667	2.1015060050297E-06	2.64278609371089E-07	5.26551683999502E-10	1.43709037524649E-08	2.02094342063568E-08
53.2583333	2.15839143981171E-06	2.91305245513645E-07	1.10424417755927E-09	9.67274256366729E-09	1.86622977086452E-08
53.425	2.12334871302429E-06	2.77363186251302E-07	4.98208486571631E-10	1.36651635251329E-08	2.26355030699476E-08
53.5916667	2.18017461796451E-06	3.03212368819104E-07	1.81891385021656E-10	1.15886316750458E-08	2.04692585296685E-08
53.7583333	2.19700450971303E-06	3.18066707389657E-07	7.80915436806499E-10	1.30064618216048E-08	2.34639083123525E-08
53.925	2.15291052347935E-06	2.99751983942356E-07	6.715190000212E-10	1.23500434705417E-08	2.13733967585291E-08
54.0916667	2.18366075335039E-06	3.19970228564509E-07	3.24899611650286E-10	1.50869152171456E-08	1.8529220281191E-08
54.2583333	2.23008466405876E-06	3.37616096579851E-07	6.60811753598632E-10	1.13603731378304E-08	2.17564842520368E-08
54.425	2.21479891503135E-06	3.39081890520085E-07	2.15182537402351E-10	1.24906692954607E-08	2.03035453048056E-08
54.5916667	2.18904985670001E-06	3.4139459582589E-07	2.95875281493079E-10	1.06132952286824E-08	2.16552570669689E-08
54.7583333	2.20841805431949E-06	3.52940245877836E-07	6.22529740467635E-10	1.52264268072578E-08	2.04084313447646E-08
54.925	2.24408626265115E-06	3.7405150311958E-07	8.5462925492499E-10	1.41212860839495E-08	2.10715412015762E-08
55.0916667	2.26035702605663E-06	3.84589044578807E-07	7.61435283012079E-10	1.15002069926703E-08	1.81358257264897E-08
55.2583333	2.25596332285846E-06	3.96045703837106E-07	3.47773964262061E-10	1.5974320846694E-08	1.75725712475332E-08
55.425	2.31163212407667E-06	4.23506466512551E-07	6.83223284478935E-10	1.3299368424371E-08	1.7705489776544E-08
55.5916667	2.30049854928662E-06	4.3626635855546E-07	5.32681160065694E-10	1.54722791737467E-08	2.31202613817311E-08
55.7583333	2.29101847833997E-06	4.34949255298084E-07	3.7248339508823E-10	1.45561530639183E-08	2.11234303000484E-08
55.925	2.27643588035358E-06	4.38182066310283E-07	8.26195505035365E-10	1.38282207574851E-08	1.71730467453848E-08
56.0916667	2.27903354137775E-06	4.48871861592838E-07	2.55500614641303E-10	1.5284026351127E-08	2.03660891512998E-08
56.2583333	2.29488335618877E-06	4.68005156547822E-07	5.89868150583198E-10	9.54005734124748E-09	1.99823300884904E-08
56.425	2.3256239867049E-06	5.031720500706E-07	2.51598513955616E-10	1.00289312153154E-08	2.0124924536602E-08
56.5916667	2.31261210540284E-06	5.00816668227714E-07	1.8068523510309E-10	1.3794408798195E-08	1.72462031568302E-08
56.7583333	2.28863775909939E-06	4.98160857904085E-07	7.79639997068956E-10	1.47056023130339E-08	1.7896762824129E-08
56.925	2.27919073740661E-06	5.08229321436953E-07	1.05162624950103E-11	1.1793446630317E-08	1.96835704520802E-08
57.0916667	2.20209571894395E-06	4.80746457341517E-07	3.34558945663223E-10	1.3830352567984E-08	1.87274458187939E-08
57.2583333	2.22630395822497E-06	5.06690717754593E-07	5.91000368640162E-10	1.28525248750366E-08	1.90211557269569E-08
57.425	2.28478368366292E-06	5.40053455761022E-07	6.63151967811733E-10	1.26875262315292E-08	2.08694099270199E-08
57.5916667	2.28025936316749E-06	5.53899359557525E-07	5.37171523025063E-10	1.57097637726739E-08	1.82362453189146E-08
57.7583333	2.22395536517029E-06	5.4141049663335E-07	7.98791302526456E-10	1.07577216776869E-08	1.85597741270708E-08
57.925	2.23628749277059E-06	5.58410900402351E-07	8.1918449879889E-10	9.69621464231157E-09	1.74192447045751E-08
58.0916667	2.2669757930478E-06	5.89858675120073E-07	5.16583698047018E-10	1.21410332206172E-08	1.70813632140224E-08
58.2583333	2.1939917746176E-06	5.68574491552937E-07	3.36237332575423E-10	1.2156685772035E-08	2.04834326804385E-08
58.425	2.23116955853037E-06	6.14027191142364E-07	4.29704391758087E-10	1.12286096078876E-08	1.59354658868415E-08
58.5916667	2.21647936496304E-06	6.1224609071666E-07	1.56450683261103E-10	1.11602627490841E-08	1.43879315378563E-08
58.7583333	2.19504808460002E-06	6.14479567712223E-07	1.25394223799376E-10	1.78433944996984E-08	1.788281489135E-08
58.925	2.24421849233476E-06	6.59015505996249E-07	4.30716484581859E-10	1.56002473567463E-08	1.82440230451898E-08
59.0916667	2.18534052370497E-06	6.40365986880799E-07	1.5545364880673E-10	1.43967522957136E-08	1.65432280199246E-08
59.2583333	2.17905263132348E-06	6.58651925478702E-07	1.84712868974719E-10	1.20971188832629E-08	1.62586971213647E-08
59.425	2.14837867504122E-06	6.59075692326886E-07	1.85765321244024E-10	7.83257230518508E-09	1.53861498306231E-08
59.5916667	2.1270963566208E-06	6.55916571262378E-07	4.44409711723483E-11	7.8560006622489E-09	1.64297798279528E-08
59.7583333	2.13048985101684E-06	6.80125200188075E-07	2.34509608561434E-10	9.96386144397548E-09	1.96155943896619E-08
59.925	2.12708226628974E-06	6.98711298111176E-07	1.54716394617752E-10	1.1677140249684E-08	1.89323876148035E-08
60.0916667	2.08393248682013E-06	6.76175758487658E-07	3.17128191100507E-10	1.12578939136413E-08	1.52283832944751E-08
60.2583333	2.06332272265795E-06	6.80351251969853E-07	3.48763010179386E-10	1.3106753608698E-08	1.77473515837177E-08
60.425	2.06473383896948E-06	7.11583304695922E-07	9.5703421690272E-11	8.87834029369561E-09	1.52272477810175E-08
60.5916667	2.09113189020171E-06	7.59007821994283E-07	1.04792450914154E-10	9.06636363735258E-09	1.70826652322548E-08
60.7583333	2.11597209065308E-06	8.0561615168805E-07	4.20867288109221E-10	1.27373750354086E-08	1.74535692596991E-08
60.925	2.06838484533717E-06	7.82230669120338E-07	1.5678077204101E-10	1.35936680909084E-08	1.69364889637554E-08
61.0916667	2.01822457472977E-06	7.59147276946795E-07	0	7.45286972420537E-09	1.22545018814089E-08
61.2583333	2.00181204141042E-06	7.64757568211702E-07	2.79659587055108E-10	1.11227264844038E-08	1.71078060532022E-08
61.425	1.98986177493864E-06	7.82098019599926E-07	2.079824877115E-10	9.0060044729543E-09	1.62777905333202E-08
61.5916667	1.9746593474115E-06	7.90371607223911E-07	3.54799039664881E-10	7.22940020923896E-09	1.61632277967919E-08
61.7583333	1.99798686556608E-06	8.37676381837956E-07	1.05558048209995E-10	1.07332878184224E-08	1.7635578273136E-08
61.925	1.97585752125828E-06	8.45116328621445E-07	5.68842115327894E-10	7.94600777284527E-09	1.76200826521176E-08
62.0916667	1.97997008219311E-06	8.73849424514773E-07	6.49593919850913E-10	9.26956818110761E-09	1.45712986059421E-08
62.2583333	1.94970287276294E-06	8.68342751033003E-07	2.08631509805111E-11	1.23840251075888E-08	1.60941444581671E-08
62.425	1.95076797895369E-06	9.05125325855982E-07	2.54585642056755E-10	1.00570723850067E-08	1.61710234480959E-08
62.5916667	1.9000785924069E-06	8.7446490679294E-07	2.45235619966685E-10	1.18520672760799E-08	1.75964895725631E-08
62.7583333	1.88690905714274E-06	8.84935683657501E-07	3.06372836348551E-10	9.67553529324888E-09	1.88672295298658E-08
62.925	1.87482320998947E-06	8.89159203942897E-07	5.28787808692538E-10	1.04559003866538E-08	1.67042427955015E-08
63.0916667	1.87631457713952E-06	9.3520795623236E-07	3.39474693698022E-11	6.91572321285509E-09	1.44554759720533E-08
63.2583333	1.85051311251597E-06	9.21531736083372E-07	2.77401106543503E-10	8.76442343724896E-09	1.53883999426516E-08
63.425	1.84144285593976E-06	9.41741374785397E-07	1.94321361502078E-10	8.76035048595182E-09	1.5667580877031E-08
63.5916667	1.82831323732476E-06	9.62237476956903E-07	2.4277031428593E-10	1.23624330571218E-08	1.54107014456011E-08
63.7583333	1.80631920267397E-06	9.65053375811553E-07	3.65961799287485E-11	9.08985423290355E-09	1.51093757031561E-08
63.925	1.79643465989739E-06	9.84547834422796E-07	2.75158075315726E-10	1.31994500639984E-08	1.53796236795801E-08
64.0916666999999	1.79217633425192E-06	1.0180034874404E-06	3.46136824707678E-10	9.62441369867054E-09	1.54753014110334E-08
64.2583333	1.73604965376438E-06	9.81656700566561E-07	5.00621023810605E-10	1.04035464923557E-08	1.85765940604655E-08
64.425	1.75619354119101E-06	1.03691161334488E-06	7.90443409812835E-11	1.1836887909089E-08	1.66461829064036E-08
64.5916666999999	1.71873335303442E-06	1.02869927715548E-06	2.81783880941457E-10	1.09209995695827E-08	1.70320172196245E-08
64.7583333	1.67826983710253E-06	1.02603038785608E-06	6.52371260291056E-10	1.43449045671255E-08	1.649610440435E-08
64.925	1.67669267337123E-06	1.06230462441764E-06	1.35803711078544E-10	8.11077389782432E-09	1.49829719654193E-08
65.0916666999999	1.69191019611925E-06	1.11970921259276E-06	1.63402346404094E-11	8.32907617920815E-09	1.29402069340994E-08
65.2583333	1.63927994023178E-06	1.12499594395241E-06	1.55241500714753E-10	9.22214733291219E-09	1.69201498040462E-08
65.425	1.5949250956803E-06	1.10187069083731E-06	3.02116624538871E-10	6.45364781278696E-09	1.76137413015867E-08
65.5916666999999	1.56574031792423E-06	1.09317307346303E-06	6.36516919347441E-11	7.49243821298158E-09	1.48639583361624E-08
65.7583333	1.55617778744777E-06	1.12653890042328E-06	5.43741962017001E-11	7.5628545410364E-09	1.50192974571443E-08
65.925	1.54646447634977E-06	1.15243566817309E-06	5.26297952026779E-10	8.66123512829851E-09	1.78340125141872E-08
66.0916666999999	1.52001953417368E-06	1.14443775045523E-06	3.24779452992662E-10	1.13369494060333E-08	1.64588617455229E-08
66.2583333	1.51130285470447E-06	1.17345670136802E-06	6.41089620762575E-10	9.08767619490308E-09	1.67002905397346E-08
66.425	1.47032023327356E-06	1.17073309395356E-06	3.81656306641724E-10	9.73318566160545E-09	1.43175620203229E-08
66.5916666999999	1.44641246698315E-06	1.17771941435855E-06	1.81172189276897E-10	9.54557958381377E-09	1.67824490258118E-08
66.7583333	1.4479391505939E-06	1.22655580939396E-06	4.99506176790645E-10	7.32824400982917E-09	1.60336289017495E-08
66.925	1.40798964502809E-06	1.21534209278323E-06	5.73671092153964E-11	8.40213375088662E-09	1.68474613624186E-08
67.0916666999999	1.37349609655272E-06	1.19938386004213E-06	4.4219215525368E-10	6.26723723927524E-09	1.21385973557482E-08
67.2583333	1.37437771193987E-06	1.24449230917753E-06	4.32324727351127E-10	5.00710506512249E-09	1.58814265809691E-08
67.425	1.38757879280569E-06	1.32316268710425E-06	1.45258721401535E-10	5.6073872315888E-09	1.36220232692947E-08
67.5916666999999	1.37044808160638E-06	1.33853627315254E-06	4.9910897959123E-10	9.59678737088719E-09	1.4846389786662E-08
67.7583333	1.31477064118691E-06	1.29084125968414E-06	1.27652518232401E-10	6.74500604837086E-09	1.62473240128879E-08
67.925	1.30041124982429E-06	1.32583724172871E-06	3.36808103715379E-10	6.76220167139146E-09	1.69631007223362E-08
68.0916666999999	1.31530315968871E-06	1.40617011394742E-06	6.30885978212007E-10	6.5440672870834E-09	1.23586350432077E-08
68.2583333	1.27228632055953E-06	1.38427376291937E-06	5.48241941385375E-11	1.01688892526141E-08	1.59173643674246E-08
68.425	1.27503816189304E-06	1.44662483133196E-06	9.01252233933871E-11	1.18584567585785E-08	1.35472792839779E-08
68.5916666999999	1.25531521190701E-06	1.47076550469486E-06	3.92331375137575E-10	8.06038236825961E-09	1.61035947717353E-08
68.7583333	1.23348500999439E-06	1.47723597809698E-06	4.73745995355939E-10	6.49050118580137E-09	1.62967066591787E-08
68.925	1.2102715796938E-06	1.48821022491111E-06	5.1586202661157E-11	1.21079789931105E-08	1.54492404815668E-08
69.0916666999999	1.19445025642175E-06	1.51385310956677E-06	6.82937805200936E-10	1.14528121092093E-08	1.15822152605952E-08
69.2583333	1.16225827229912E-06	1.49004045024311E-06	1.00966318791328E-10	3.62974710143762E-09	1.64848633908794E-08
69.425	1.16486236789526E-06	1.56221289515481E-06	8.44527821976173E-11	7.47251495287791E-09	1.60048330929051E-08
69.5916666999999	1.12892672765979E-06	1.54223619633644E-06	9.18886602226131E-11	9.96350319171824E-09	1.52135212223065E-08
69.7583333	1.13418604215999E-06	1.6269282474406E-06	1.09083001936833E-10	7.13406165735468E-09	1.42497744108564E-08
69.925	1.11072796136308E-06	1.62889713076479E-06	6.06691538239125E-11	8.84042686819726E-09	1.75489863830243E-08
70.0916666999999	1.06460715158257E-06	1.58253365648841E-06	7.05968251656607E-11	9.01871198527615E-09	1.42059177817097E-08
70.2583333	1.05268959183545E-06	1.60501958133324E-06	5.59655498675355E-11	6.72885510890354E-09	1.47741801300839E-08
70.425	1.03077266887184E-06	1.62014582150031E-06	2.05642990487295E-10	6.19864594608255E-09	1.54257506966704E-08
70.5916666999999	1.01506453968852E-06	1.64371273316152E-06	2.76762488058014E-11	5.20811361543341E-09	1.47807405106311E-08
70.7583333	9.93589681533056E-07	1.65249566815977E-06	2.72305046083297E-10	8.98715802663591E-09	1.70192219695432E-08
70.925	9.50300783662737E-07	1.61420507595309E-06	7.11622153882452E-14	4.85127551225318E-09	1.50592674700756E-08
71.0916666999999	9.64211448417129E-07	1.71419777336403E-06	2.20382254827991E-10	6.98334162053903E-09	1.27406619128381E-08
71.2583333	9.18656735156443E-07	1.68332690076391E-06	5.07879545607466E-11	7.28661317549091E-09	1.7132449856529E-08
71.425	8.8551037859714E-07	1.65843193958381E-06	2.21352174881476E-10	5.30576280628597E-09	1.41018918155759E-08
71.5916666999999	8.65802842125281E-07	1.66854789030428E-06	3.37686194598119E-10	8.42888288721013E-09	1.37906378333517E-08
71.7583333	8.54695210759736E-07	1.7072200783916E-06	1.49091400911325E-10	7.11252510959205E-09	1.40068912046877E-08
71.925	8.1930997438044E-07	1.65893071881347E-06	2.56976153300213E-10	8.68443308503691E-09	1.60631518491197E-08
72.0916666999999	8.10473814248261E-07	1.71640213870389E-06	1.67137248826328E-10	6.74158861052468E-09	1.16941989796415E-08
72.2583333	7.93311929926581E-07	1.72170948413747E-06	3.12031598536277E-10	1.02126800637925E-08	1.48154606159241E-08
72.425	7.81194561031614E-07	1.75528832816114E-06	3.56790304788925E-10	5.26688918604786E-09	1.19667373524536E-08
72.5916666999999	7.57825149207924E-07	1.762337143544E-06	2.7081089407186E-10	5.41856151446889E-09	1.54670122185239E-08
72.7583333	7.25026314641172E-07	1.74208796463515E-06	2.76197645636622E-10	7.07219176761296E-09	1.38026874675227E-08
72.925	7.27151256284951E-07	1.82131037275474E-06	2.55736501569458E-10	4.52336768844764E-09	1.44487463347716E-08
73.0916666999999	7.15981444420405E-07	1.8735922120674E-06	1.74110945525305E-10	9.39093468323577E-09	1.18852274733553E-08
73.2583333	7.09948957699497E-07	1.93231973884E-06	4.91074131129042E-10	6.43728173343081E-09	1.3111867593859E-08
73.425	6.83995037309757E-07	1.9057690837615E-06	1.83128952395818E-10	4.57484745444843E-09	1.41528754646833E-08
73.5916666999999	6.74929288478406E-07	1.95081275634497E-06	9.74478495406442E-10	5.60081090703952E-09	1.28879699699559E-08
73.7583333	6.59499730497563E-07	1.97073646125088E-06	4.9147196189043E-10	7.12438569988601E-09	1.43429419108351E-08
73.925	6.37703221916549E-07	1.96703359649868E-06	3.74251966536706E-10	9.85968368131589E-09	1.61196308154272E-08
74.0916666999999	6.06447058942586E-07	1.9129594016314E-06	2.2337389427969E-10	7.04225309292826E-09	1.33516078085807E-08
74.2583333	5.83574909665434E-07	1.90680527079295E-06	3.44245577906934E-10	7.90042513689078E-09	1.63593303058059E-08
74.425	5.65444044319691E-07	1.9286012899821E-06	3.72263243000898E-10	7.04317936527756E-09	1.57850760569301E-08
74.5916666999999	5.57213601435755E-07	1.97562961419752E-06	3.20587005055937E-10	7.52067230169796E-09	1.74958463828744E-08
74.7583333	5.46743952986839E-07	2.01353009237613E-06	1.44707907519848E-11	8.9241690298827E-09	1.47188798500301E-08
74.925	5.41164986059674E-07	2.08087600817852E-06	3.42760010516486E-10	3.37697956622336E-09	1.60888211084115E-08
75.0916666999999	5.2438639792614E-07	2.08735215305011E-06	2.29642920632096E-10	5.67289348293766E-09	1.34300331351246E-08
75.2583333	5.04113857359169E-07	2.07208846939736E-06	1.52029445173906E-10	1.02732037092994E-08	1.33245886199241E-08
75.425	4.87209959808738E-07	2.07291294677223E-06	3.48296540450209E-10	4.42589471427382E-09	1.44749350666377E-08
75.5916666999999	4.71369268249487E-07	2.07729651479737E-06	1.64656116410091E-10	1.01802283910327E-08	1.28381628062058E-08
75.7583333	4.62249638399192E-07	2.1029002743999E-06	4.60464348659425E-11	6.15031952354191E-09	1.46545889235169E-08
75.925	4.62130577669927E-07	2.21073615293969E-06	1.81240271031447E-10	5.15212377809023E-09	1.3437662284544E-08
76.0916666999999	4.40862494572259E-07	2.17738963665762E-06	1.32223643290806E-10	7.24608989828317E-09	1.17129361057599E-08
76.2583333	4.33048071090397E-07	2.2191803186736E-06	3.03475205443813E-10	9.74183243873242E-09	1.46321819637057E-08
76.425	4.14173458811457E-07	2.21702573219892E-06	2.24124297351339E-10	7.92556018507432E-09	1.41904449992648E-08
76.5916666999999	3.98742960669731E-07	2.22319843935312E-06	4.09163712196086E-10	8.54830674089074E-09	1.51109314706932E-08
76.7583333	3.8338621333496E-07	2.2320786292204E-06	1.42643353816297E-10	6.92072439624025E-09	1.30977827494746E-08
76.925	3.6708658733837E-07	2.21306402321888E-06	4.4550538939814E-10	8.84413506681274E-09	1.35014247222117E-08
77.0916666999999	3.56512628312531E-07	2.23288551610362E-06	3.22452485629382E-10	8.2633957866018E-09	1.4040879635467E-08
77.2583333	3.39372042347372E-07	2.20741920025772E-06	9.83069419657536E-11	8.61847978518099E-09	1.50344504009125E-08
77.425	3.27467502496425E-07	2.22101446898942E-06	2.39402335598921E-10	5.52627688879504E-09	1.26656630398508E-08
77.5916666999999	3.20042861472285E-07	2.26900739166263E-06	1.09385532588452E-10	5.93044255482305E-09	1.21632745753699E-08
77.7583333	3.04760195417627E-07	2.23259602557681E-06	5.57333741785725E-10	7.81003199095819E-09	1.43707809207672E-08
77.925	2.96493782325023E-07	2.27485602956481E-06	6.56470797418281E-11	5.9715907281595E-09	1.5183566773925E-08
78.0916666999999	2.87290148999722E-07	2.30560284283621E-06	2.7404110996409E-11	7.06185219638219E-09	1.12813183337636E-08
78.2583333	2.73256088236487E-07	2.26241271960916E-06	7.00324691929054E-11	7.35889431911814E-09	1.34846999284347E-08
78.425	2.67542057072264E-07	2.32836444121117E-06	2.06431614825108E-10	6.95435437738929E-09	1.53797071958889E-08
78.5916666999999	2.68879597475235E-07	2.4460452922582E-06	2.15396008945105E-10	8.76725569112328E-09	1.24271078923099E-08
78.7583333	2.45348244463112E-07	2.35107154956826E-06	5.84378929320928E-10	4.81646498799443E-09	1.0903839532655E-08
78.925	2.31931069390431E-07	2.35275454308912E-06	2.47667000866621E-10	4.76647581325788E-09	1.55510960017622E-08
79.0916666999999	2.18459392199034E-07	2.32273199040292E-06	2.26444236033793E-10	6.01921816882784E-09	1.19913994557905E-08
79.2583333	2.16520482784257E-07	2.41303540431024E-06	3.41733777472869E-11	2.9128600166628E-09	1.45690335216274E-08
79.425	2.03172263788482E-07	2.35921101818865E-06	2.08072100978275E-10	2.50436859278244E-09	1.37735943516397E-08
79.5916666999999	1.96913427619722E-07	2.41019119392216E-06	9.13041670611245E-11	7.47234463426909E-09	1.46702877087164E-08
79.7583333	1.90611102804281E-07	2.41287946283484E-06	0	3.65055760519912E-09	1.52725374481368E-08
79.925	1.83562235230248E-07	2.44395495194725E-06	2.37752683303727E-10	3.54502007560822E-09	1.31455832314797E-08
80.0916666999999	1.77459230944176E-07	2.46544342843165E-06	4.40062269374627E-11	1.10381670228234E-09	1.02606718273719E-08
80.2583333	1.69758752953396E-07	2.47027790752392E-06	3.17372110610864E-10	6.0557707537874E-09	1.37878510461625E-08
80.425	1.61485923695499E-07	2.45660339679039E-06	2.86856351515755E-10	3.29283603598311E-09	1.45839152152779E-08
80.5916666999999	1.54743150833185E-07	2.4635613940646E-06	6.33931672300102E-12	4.04004984031284E-09	1.38563207391865E-08
80.7583333	1.47251611777588E-07	2.46684736542597E-06	3.46985522512213E-10	4.38254831430117E-09	1.49199169373019E-08
80.925	1.42599742489582E-07	2.50205061731951E-06	7.14586053614607E-11	5.57759200665663E-09	1.41011107575079E-08
81.0916666999999	1.37318793221444E-07	2.52177992371689E-06	2.51335265523492E-10	3.41735586367672E-09	1.20058087549106E-08
81.2583333	1.33620649846516E-07	2.55373524803717E-06	1.39116106335599E-11	6.84614982703311E-09	1.28409311534153E-08
81.425	1.23053039454858E-07	2.50078975529199E-06	9.09529061190256E-11	5.89138493026273E-09	1.28205203072538E-08
81.5916666999999	1.18553168595297E-07	2.51167057372827E-06	1.59483153235711E-10	5.54575053466329E-09	1.44910484317243E-08
81.7583333	1.11962621674924E-07	2.49004140473587E-06	2.20843804442423E-10	3.39692337872002E-10	1.43906902570457E-08
81.925	1.09135063714068E-07	2.5486553554266E-06	3.80149170836222E-10	3.76380298263774E-09	1.32372445288795E-08
82.0916666999999	1.0522420595654E-07	2.57295699676443E-06	1.47578390297947E-10	5.69326370133142E-09	1.05022683886816E-08
82.2583333	9.96666239377592E-08	2.55262281993514E-06	1.86297339992043E-10	5.97382630384577E-09	1.29232035255495E-08
82.425	9.47334914318649E-08	2.53235413485969E-06	4.87235058041156E-11	7.26842328664787E-09	1.35506856219363E-08
82.5916666999999	8.76676346828348E-08	2.49809558767406E-06	6.66742860142062E-10	4.87944307967749E-09	1.40346305056113E-08
82.7583333	8.22354637262256E-08	2.49968528160132E-06	0	6.81840294205991E-09	1.37291003431715E-08
82.925	7.87856935260543E-08	2.50574532369084E-06	1.56704262870435E-10	6.45982857024107E-09	1.32689889718956E-08
83.0916666999999	7.64805495475421E-08	2.53809256487008E-06	0	4.79189665010207E-09	1.25210748654907E-08
83.2583333	7.13393848014766E-08	2.49663275031647E-06	2.34950460868001E-11	5.5195438615632E-09	1.43777446869614E-08
83.425	6.85818219569606E-08	2.54113927282899E-06	2.04212786225884E-10	6.95625052563513E-09	1.22013509474745E-08
83.5916666999999	6.37650195287327E-08	2.47615861538335E-06	4.5112354422249E-10	4.27314207465565E-09	1.39001075177944E-08
83.7583333	5.94210418072209E-08	2.45108284149207E-06	3.26577977303996E-10	5.14010930926637E-09	1.43196116051762E-08
83.925	5.8848426372629E-08	2.50875901563202E-06	2.39921026588354E-10	4.04988141391143E-09	1.37347802184492E-08
84.0916666999999	5.51821182910256E-08	2.51899417250758E-06	1.92860097472174E-10	6.174075803751E-09	1.09401654516289E-08
84.2583333	5.16148720592661E-08	2.4860270468623E-06	5.4208157067013E-12	7.50482246243436E-09	1.4119799774874E-08
84.425	5.20163686257876E-08	2.57350319237362E-06	8.94867630415515E-12	8.63430775344127E-09	1.37835988467041E-08
84.5916666999999	4.72940667352511E-08	2.50918656082014E-06	2.15969738964645E-10	5.10435888023316E-09	1.21671860851677E-08
84.7583333	4.50747591028543E-08	2.51198423322844E-06	2.97248736773165E-10	7.14824245827769E-09	1.41716078462862E-08
84.925	4.49269912801016E-08	2.57768165348731E-06	0	6.55442219823934E-09	1.35549887342003E-08
85.0916666999999	4.46118255088805E-08	2.61467228011846E-06	1.31250148245883E-10	2.14489011258985E-09	1.04953644884736E-08
85.2583333	4.01756841170802E-08	2.55026020365859E-06	0	5.22972093555467E-09	1.27958249439199E-08
85.425	3.82058531294563E-08	2.56596829127373E-06	7.12197361178887E-11	4.78885291728193E-09	1.15011326572478E-08
85.5916666999999	3.69190086268878E-08	2.55779120395977E-06	3.53188524879365E-10	5.55740553867003E-09	1.34637209748274E-08
85.7583333	3.42645676277296E-08	2.53823678604543E-06	0	6.99206607000162E-09	1.60672918174881E-08
85.925	3.32210627193451E-08	2.54224402503621E-06	5.32818378935424E-11	6.64804105105765E-09	1.17399581432086E-08
86.0916666999999	3.20895739411032E-08	2.56598910892395E-06	4.53781104067315E-10	3.34155358341292E-09	1.09658374301403E-08
86.2583333	2.93659079627648E-08	2.51175294382739E-06	0	1.97762920005575E-09	1.27440958066498E-08
86.425	2.90729287564942E-08	2.55946737201241E-06	1.24411618891882E-10	4.2048193623814E-09	1.40329008048063E-08
86.5916666999999	2.79288488373416E-08	2.56746664754678E-06	1.73465964351471E-10	6.12463564817689E-09	1.45236328787877E-08
86.7583333	2.60701253805842E-08	2.54266735667646E-06	5.07324702790129E-11	1.97536290435999E-09	1.33329770809184E-08
86.925	2.52365880871967E-08	2.58488909011493E-06	0	6.7893280722234E-09	1.45276183711178E-08
87.0916666999999	2.34216957861822E-08	2.45466241823345E-06	3.44274238108126E-11	6.13723771646666E-09	1.20218061583804E-08
87.2583333	2.1824951805218E-08	2.49937617795732E-06	7.82791696127488E-11	7.2887458398915E-09	1.24325782735209E-08
87.425	2.12138928732339E-08	2.49492793177927E-06	0	3.32875396819466E-09	1.28870860047083E-08
87.5916666999999	2.00670958392696E-08	2.49293692514319E-06	0	4.95511693849905E-09	1.41492217269517E-08
87.7583333	1.8679612136547E-08	2.47087100627746E-06	2.53290899509685E-10	4.75495589345195E-09	1.08123782116257E-08
87.925	1.80713522329311E-08	2.42489757392311E-06	8.11805093413387E-11	5.70957450471002E-09	1.34595935199897E-08
88.0916666999999	1.72094398915342E-08	2.41832492516813E-06	6.00466257084018E-11	5.13201562867466E-09	9.07341221881173E-09
88.2583333	1.62452739897474E-08	2.41936153339625E-06	4.95571523715885E-11	6.63538933221114E-09	1.50492137410513E-08
88.425	1.56147371346568E-08	2.37815081691548E-06	3.62489610084586E-11	5.06803413193711E-09	1.19244804010037E-08
88.5916666999999	1.62728150073718E-08	2.42385479010167E-06	1.32597044977853E-10	7.88888218183924E-09	1.14229517350237E-08
88.7583333	1.49490930246087E-08	2.40376743877478E-06	1.42695196011866E-10	4.65191423329208E-09	1.31949478613373E-08
88.925	1.45877001983043E-08	2.38212787828541E-06	9.62333125557625E-12	5.64868804116456E-09	1.49151408576859E-08
89.0916666999999	1.36973325087717E-08	2.41671412976639E-06	3.04198904584901E-11	5.79837654596511E-09	1.20533218326353E-08
89.2583333	1.25839775739388E-08	2.3887033378196E-06	1.16229074743391E-11	3.96186592916552E-09	1.33045027986449E-08
89.425	1.19496739387041E-08	2.30231758445676E-06	2.48930457484095E-10	7.19417252895376E-09	1.32920700853217E-08
89.5916666999999	1.18776308511981E-08	2.33894845802097E-06	2.39881866502197E-11	6.99272943267928E-09	1.57280817743393E-08
89.7583333	1.20115180914268E-08	2.39566922306941E-06	9.65763512146345E-11	4.41466145157368E-09	1.43905187034893E-08
89.925	1.13135755452749E-08	2.30541042478691E-06	7.49681619248663E-11	2.51521675679729E-09	1.30888052128212E-08
90.0916666999999	1.10705493237576E-08	2.33051829586847E-06	2.16802019178773E-11	7.3130377671063E-09	1.26710794772743E-08
90.2583333	9.50388969210569E-09	2.26912300327214E-06	1.56475863959039E-10	3.68014416625779E-09	1.62481270449733E-08
90.425	1.08167152966328E-08	2.37561472118329E-06	3.75616494575837E-10	5.83746380523494E-09	1.37349235769331E-08
90.5916666999999	1.08136880946408E-08	2.38490024580044E-06	3.59467548714481E-10	6.4715570531533E-09	1.31872651332805E-08
90.7583333	1.02842102477664E-08	2.39195155503785E-06	2.46650387062395E-10	5.88975441991462E-09	1.31785499586837E-08
90.925	9.86038952129929E-09	2.28673932102475E-06	3.03954083276612E-10	2.18679582869512E-09	1.38732215414431E-08
91.0916666999999	9.27383623784614E-09	2.25999320981319E-06	3.09490992345553E-10	3.3175475181715E-09	9.18111508330873E-09
91.2583333	9.88053727521374E-09	2.27613622090943E-06	2.30883947180035E-10	4.75334408414697E-09	1.0889181522478E-08
91.425	1.02500772789395E-08	2.33220475598706E-06	1.06816021023686E-11	6.28645905480315E-09	1.49690302047746E-08
91.5916666999999	9.83551789396009E-09	2.2895091293979E-06	1.56910572095275E-10	5.15147846882954E-09	1.3613817576831E-08
91.7583333	9.13259269308483E-09	2.30629679708028E-06	1.33492197232766E-10	5.56702329957958E-09	1.14403323699521E-08
91.925	9.82109265637507E-09	2.29831793860735E-06	0	4.70703567997403E-09	1.42961137215277E-08
92.0916666999999	9.13037122093854E-09	2.32728669361618E-06	1.11002427612232E-10	6.38173111995856E-09	1.15225759460797E-08
92.2583333	1.0728336954412E-08	2.36449393289818E-06	1.74892348561947E-10	3.72132902506342E-09	1.43157450952353E-08
92.425	9.26341828059647E-09	2.33677856197324E-06	3.52236822156546E-10	4.4091064711325E-09	1.24703328862652E-08
92.5916666999999	1.00699877305679E-08	2.36079824574085E-06	1.6057759347899E-10	4.74799024575182E-09	1.24492543467233E-08
92.7583333	8.90057711107995E-09	2.33936967091201E-06	2.94850656890549E-10	3.74102666610538E-09	1.48995558583791E-08
92.925	8.75937642185644E-09	2.36268011414578E-06	1.96963165984764E-10	5.49780337128235E-09	1.3800290619905E-08
93.0916666999999	8.82440897935559E-09	2.29066559575735E-06	2.20609260710284E-10	4.40805878045149E-09	1.05171852429378E-08
93.2583333	9.18654175779716E-09	2.28966779311681E-06	8.55477754338539E-11	7.90772910537195E-09	1.48308062078309E-08
93.425	9.73360245704911E-09	2.29127658424384E-06	3.88714685772086E-11	2.48574668550965E-09	1.42632124583462E-08
93.5916666999999	9.67069474393396E-09	2.38750318099066E-06	0	3.25923066361582E-09	1.36322016997038E-08
93.7583333	9.56230748308269E-09	2.31757417036557E-06	3.54615325505191E-11	5.37448014404318E-09	1.24755337427207E-08
93.925	8.98608333924936E-09	2.31156698976572E-06	5.16308473777043E-11	1.89460984779721E-09	1.48440094849824E-08
94.0916666999999	9.09690779456361E-09	2.35239007879648E-06	3.6978090312789E-11	6.60157734501041E-09	1.1756803729628E-08
94.2583333	9.20610667421533E-09	2.31646527169854E-06	3.04000712321444E-10	2.41160823142223E-09	1.35984528396807E-08
94.425	9.37568119092339E-09	2.32325684637679E-06	1.98291913984216E-12	3.82670098705472E-09	1.10703302862143E-08
94.5916666999999	8.60334222120995E-09	2.31056539889221E-06	2.34556748925214E-10	4.70109256935688E-09	1.19294328247074E-08
94.7583333	8.94009474943086E-09	2.37557591362487E-06	3.20997456528872E-10	4.37858908157008E-09	1.5135500527743E-08
94.925	9.30694867568801E-09	2.35552546048085E-06	0	4.94472597882573E-09	1.43854601689314E-08
95.0916666999999	8.96720553265784E-09	2.33485354264254E-06	7.07513661360288E-11	2.36146991201969E-09	1.1772900252471E-08
95.2583333	8.79077773947587E-09	2.26598449042835E-06	1.82985178372501E-10	4.22443427314098E-09	1.23701422875217E-08
95.425	9.31947109185914E-09	2.2978163691511E-06	2.47712220268224E-10	6.89133614141554E-09	1.41554491054582E-08
95.5916666999999	9.07269039953527E-09	2.30492527304185E-06	3.25125509261844E-10	5.61048784179425E-09	1.18526575129048E-08
95.7583333	1.03084069875002E-08	2.39497285129111E-06	1.32794905484324E-10	5.04540695541017E-09	1.23203011210202E-08
95.925	9.09602025758742E-09	2.3329808374512E-06	4.93028929902902E-10	3.14101807026172E-09	1.4910460985753E-08
96.0916666999999	9.03264181883175E-09	2.35441933878275E-06	2.4225715586556E-10	5.89993307577178E-09	1.10902255643448E-08
96.2583333	9.58444554759511E-09	2.34591446702466E-06	2.71509756962311E-10	3.68071525648469E-09	1.41727186989168E-08
96.425	8.6692911491748E-09	2.29718421592705E-06	8.73683007274792E-11	3.80814282310259E-09	1.25996921465926E-08
96.5916666999999	7.94947115413711E-09	2.25516314874851E-06	2.45023232291219E-10	4.15195888189534E-09	1.20683068812053E-08
96.7583333	8.36931664754472E-09	2.26907509485317E-06	1.89016068582253E-10	4.76307410188945E-09	1.26198942074798E-08
96.925	8.69438421477974E-09	2.3643875794741E-06	0	3.58737809707271E-09	1.43108240785677E-08
97.0916666999999	8.59741368542219E-09	2.30553615975595E-06	1.02903395075838E-10	5.34683708307572E-09	1.00105082864713E-08
97.2583333	9.6880324790706E-09	2.38632161504924E-06	2.69826680070468E-11	3.42699810714552E-09	1.35479684680722E-08
97.425	9.96282568900147E-09	2.3205995305591E-06	2.36953205380437E-10	4.69179804124464E-09	1.43176834517534E-08
97.5916666999999	8.24542886121922E-09	2.28067959063967E-06	6.90008618746806E-11	6.03190429225464E-09	1.30656528732107E-08
97.7583333	9.48578284983602E-09	2.29081015221906E-06	5.21114155781079E-11	6.29563688619361E-09	1.30013759845033E-08
97.925	9.23023532924173E-09	2.38582932498351E-06	6.66411180680149E-11	3.36107572643224E-09	1.29607550820643E-08
98.0916666999999	9.97558476221068E-09	2.40165288296234E-06	1.3452074582443E-10	6.12104653155749E-09	1.11268510962735E-08
98.2583333	1.05085257351522E-08	2.42559999142279E-06	2.68455270130219E-10	6.5130439325336E-09	1.09745147096855E-08
98.425	9.62249702527415E-09	2.4105269360568E-06	0	5.51948250218005E-09	1.21885754505183E-08
98.5916666999999	9.46372620971471E-09	2.35915303774283E-06	4.53502194014631E-11	3.86072083776193E-09	1.28780703616013E-08
98.7583333	8.85748974561847E-09	2.27915680079812E-06	1.17066665012504E-10	6.97109563839579E-09	1.4842972108997E-08
98.925	9.98204810838178E-09	2.34375790727457E-06	3.7487079590909E-11	6.01709440343025E-09	1.4368492736613E-08
99.0916666999999	8.97162802425104E-09	2.36246238867448E-06	2.62526971856037E-10	3.97558855968395E-09	1.11512047349599E-08
99.2583333	9.12446875595369E-09	2.3659729235324E-06	4.19440733033348E-10	3.32020933589133E-09	1.31474340499516E-08
99.425	1.0275117489482E-08	2.32161563168442E-06	8.0514318157978E-11	6.31220487312306E-09	1.47111593087501E-08
99.5916666999999	9.17674035872265E-09	2.2867296655345E-06	3.74624118479574E-10	8.3604537646056E-09	1.42648293071602E-08
99.7583333	8.92099293310213E-09	2.31664167410761E-06	5.46737796360431E-11	4.55711113952199E-09	1.29185773004947E-08
99.925	8.71719396179649E-09	2.29440618130674E-06	3.23057760449099E-10	3.87473061532924E-09	1.40189036130525E-08
100.091667	8.96000725439637E-09	2.32480349145917E-06	1.46612476258573E-10	3.29815788367048E-09	1.17049509413652E-08
100.258333	8.92426972825773E-09	2.32109698449091E-06	3.43694531550046E-10	3.83424794997396E-09	1.35687120091389E-08
100.425	9.25722573523096E-09	2.31275073302858E-06	4.0875777184219E-10	5.05634301367764E-09	1.43152038548998E-08
100.591667	8.96984366068365E-09	2.33736775906968E-06	2.27228740492281E-10	4.68341036903174E-09	1.25850381063524E-08
100.758333	9.77866587927874E-09	2.33534148374068E-06	0	4.54061597881338E-09	1.47210923974718E-08
100.925	8.93331285126497E-09	2.3159805406477E-06	1.37107949947878E-10	8.36636724877783E-09	1.18338875189504E-08
101.091667	8.39735370971654E-09	2.2526922063019E-06	7.89355472324401E-11	6.9992102425382E-09	1.12438875858658E-08
101.258333	9.71349039797099E-09	2.2741953824197E-06	2.4512190748918E-10	4.11055276889087E-09	1.2260925425113E-08
101.425	9.87553446156679E-09	2.34410026658296E-06	0	2.68142658341441E-09	1.41577947908635E-08
101.591667	9.98235223327858E-09	2.3568467122591E-06	1.7036008318216E-11	3.87376281498162E-09	1.17638406792989E-08
101.758333	8.87294488079073E-09	2.30651848544817E-06	1.87578874397419E-10	5.2047162998079E-09	1.23035140739983E-08
