time	T_in	T_mid	T_out
0.091666667	380.7566616	381.5218762	379.6939957
0.258333333	380.6530792	381.4268775	379.6683304
0.425	380.5818282	381.3625463	379.513920999999
0.591666666999999	380.4934546	381.280792	379.4144622
0.758333332999999	380.3829684	381.2150642	379.3402157
0.925	380.3245172	381.0699864	379.2415098
1.09166667	380.2185325	380.9789328	379.14734
1.25833333	380.1578636	380.8735641	379.0331135
1.42499999999999	380.1135631	380.7958436	378.8820585
1.59166667	380.0003123	380.671123899999	378.7821942
1.75833333	379.966527999999	380.6094941	378.684202
1.925	379.8769793	380.5298208	378.6193578
2.09166666999999	379.8277289	380.5630025	378.5696017
2.25833333	379.8303645	380.4290148	378.5176275
2.425	379.774316299999	380.3969607	378.418203
2.59166667	379.7405078	380.3136326	378.3556685
2.75833333	379.724062	380.335501099999	378.2897573
2.925	379.6978806	380.276138799999	378.266420799999
3.09166667	379.614759	380.2192637	378.2054881
3.25833333	379.592157799999	380.1967741	378.157892699999
3.425	379.5448103	380.1559537	378.0491718
3.59166667	379.5059305	380.0725266	377.951089299999
3.75833333	379.4743386	380.0157866	377.940863799999
3.925	379.4451092	380.043598699999	377.9069417
4.09166667	379.3368261	379.9926507	377.8692076
4.25833333	379.3078114	379.9030608	377.817489499999
4.425	379.2271206	379.852764499999	377.728059499999
4.59166667	379.1943345	379.8081482	377.6761759
4.75833333	379.1567338	379.7662879	377.664624099999
4.925	379.1465062	379.744105999999	377.6339201
5.09166667	379.100264799999	379.7195225	377.5687416
5.25833333	379.1052675	379.7177573	377.557870999999
5.425	379.01203	379.620470299999	377.416342
5.59166667	379.0004414	379.5412154	377.3893242
5.75833333	379.0136381	379.5503689	377.354501099999
5.925	379.029107099999	379.5645819	377.3181919
6.09166667	379.010851199999	379.5535463	377.3170037
6.25833333	378.9625005	379.5129628	377.2359642
6.425	378.8866411	379.5308347	377.265022699999
6.59166667	378.877213299999	379.437543199999	377.2366586
6.75833332999999	378.8386366	379.4523608	377.1857973
6.925	378.8528711	379.4080075	377.1847144
7.09166667	378.8566945	379.4054409	377.101945699999
7.25833332999999	378.844254699999	379.431632	377.0895168
7.425	378.805697699999	379.3805377	377.0660568
7.59166667	378.8037111	379.36092	377.037287199999
7.75833332999999	378.8261918	379.3722858	377.0400376
7.925	378.809236899999	379.364257499999	376.987008799999
8.09166667	378.786755	379.314771199999	376.9669313
8.25833333	378.7478153	379.2859721	376.8950917
8.425	378.7182425	379.2504441	376.8906653
8.59166667	378.6684582	379.239452799999	376.847236499999
8.75833333	378.7103318	379.1997757	376.850838299999
8.925	378.628717499999	379.2391858	376.8208376
9.09166667	378.6691577	379.1937608	376.8349923
9.25833333	378.6386737	379.187234599999	376.7696087
9.425	378.618020699999	379.2176492	376.7997359
9.59166667	378.6563042	379.188583	376.7510782
9.75833333	378.5758061	379.1726457	376.7322971
9.925	378.5696797	379.1556546	376.6880071
10.0916667	378.5955077	379.1379806	376.7718417
10.2583333	378.5728947	379.1282044	376.687871699999
10.425	378.559656599999	379.1690857	376.759439
10.5916667	378.5678389	379.187955	376.703967799999
10.7583333	378.620417599999	379.156351	376.707004999999
10.925	378.6243316	379.1676941	376.6456065
11.0916667	378.7171543	379.178256	376.6073514
11.2583333	378.952317399999	379.2655262	376.645587
11.425	379.114538999999	379.319543699999	376.6540108
11.5916667	379.2812686	379.3989392	376.674526399999
11.7583333	379.4981399	379.4756646	376.6847108
11.925	379.8371453	379.6747173	376.774104299999
12.0916667	380.1330209	379.9347958	376.9093396
12.2583333	380.5278418	380.179634799999	377.0368163
12.425	380.897440099999	380.464142699999	377.1722321
12.5916667	381.320062599999	380.7783962	377.3532057
12.7583333	381.729121899999	381.1172904	377.614876299999
12.925	382.161833299999	381.414371799999	377.8097536
13.0916667	382.5839481	381.8224685	378.0898518
13.2583333	382.947401	382.1652713	378.3594233
13.425	383.3724773	382.574782099999	378.6996847
13.5916667	383.8600382	383.060567399999	379.0322895
13.7583333	384.340309699999	383.3997749	379.345192299999
13.925	384.7186347	383.7855361	379.6888003
14.0916667	385.1857883	384.2463394	380.033030699999
14.2583333	385.6975816	384.6622585	380.362568199999
14.425	386.1747108	385.114454099999	380.6916888
14.5916667	386.6609603	385.5538107	381.0788576
14.7583333	387.1446772	385.940427099999	381.399198299999
14.925	387.7986978	386.5385049	381.8784137
15.0916667	388.323479399999	387.0282209	382.2654474
15.2583333	388.9430914	387.5663887	382.703183
15.425	389.593753299999	388.100945299999	383.1813626
15.5916667	390.141087899999	388.6528071	383.6051272
15.7583333	390.7931717	389.2324213	384.085486399999
15.925	391.4701595	389.8635817	384.5869076
16.0916666999999	392.152913399999	390.434086499999	385.0431041
16.2583333	392.8380658	391.0642915	385.610133399999
16.425	393.5138427	391.7052039	386.137093199999
16.5916666999999	394.1297602	392.3084291	386.6736419
16.7583333	394.8422892	392.9245557	387.2243567
16.925	395.558631599999	393.6795188	387.8308618
17.0916666999999	396.281380399999	394.3390205	388.4202459
17.2583333	396.974901999999	395.053087399999	389.0345898
17.425	397.7537002	395.7300698	389.657889899999
17.5916666999999	398.4459785	396.4388226	390.2365918
17.7583333	399.175814899999	397.1593482	390.8200707
17.925	399.9146881	397.847147199999	391.438215099999
18.0916666999999	400.673756499999	398.578267199999	392.0719873
18.2583333	401.3964474	399.275662099999	392.7690723
18.425	402.1251306	400.017825	393.419824
18.5916666999999	402.9268375	400.830842799999	394.1364508
18.7583333	403.771095699999	401.6255615	394.7514021
18.925	404.534800099999	402.430184699999	395.4972667
19.0916666999999	405.3746749	403.2433896	396.175378999999
19.2583333	406.2086776	404.0629179	396.918538599999
19.425	406.9927483	404.8915958	397.6196902
19.5916666999999	407.8727114	405.766319	398.367363299999
19.7583333	408.733324899999	406.6119826	399.1586267
19.925	409.5424771	407.445229	399.8746049
20.0916666999999	410.3596314	408.3205481	400.6508877
20.2583333	411.195346199999	409.2257394	401.481562799999
20.425	412.0437931	410.0473322	402.2401647
20.5916666999999	412.890013799999	410.9177612	402.9786047
20.7583333	413.8179974	411.8597665	403.8494765
20.925	414.696863399999	412.7560265	404.6476501
21.0916666999999	415.5832511	413.76248	405.5876486
21.2583333	416.452950599999	414.6589836	406.3560171
21.4249999999999	417.3025891	415.567181799999	407.1611507
21.5916666999999	418.1712104	416.4852334	408.0625945
21.7583333	419.0672549	417.4588219	408.889274299999
21.9249999999999	419.9324693	418.4284696	409.7779472
22.0916666999999	420.8713423	419.414340799999	410.665045499999
22.2583333	421.7322016	420.409757499999	411.6155652
22.4249999999999	422.6463828	421.3955008	412.5209158
22.5916666999999	423.5687557	422.4044978	413.4205026
22.7583333	424.4464021	423.4565556	414.3528191
22.9249999999999	425.377016	424.5051054	415.282988099999
23.0916666999999	426.2753575	425.5174101	416.1879831
23.2583333	427.16792	426.5700928	417.2117718
23.4249999999999	428.0951083	427.6063558	418.1395075
23.5916666999999	428.9510898	428.628200299999	419.0883054
23.7583333	429.9599756	429.7081572	420.111122
23.9249999999999	430.961102599999	430.8250442	421.055820699999
24.0916666999999	431.886838999999	431.9509735	422.1164868
24.2583333	432.7988182	433.056356799999	423.0988058
24.4249999999999	433.7043101	434.1074634	424.115993699999
24.5916666999999	434.6123002	435.175907099999	425.1354045
24.7583333	435.6103852	436.3508976	426.2018478
24.9249999999999	436.5184396	437.532352799999	427.2706684
25.0916666999999	437.5135975	438.7054864	428.2936693
25.2583333	438.4519065	439.9254247	429.4337019
25.4249999999999	439.376659999999	441.026773	430.4924107
25.5916666999999	440.2392965	442.258226499999	431.5813708
25.7583332999999	441.2643497	443.467929699999	432.707285499999
25.925	442.2104626	444.6557186	433.782846799999
26.0916667	443.215448099999	445.975144	434.951383099999
26.2583332999999	444.171098799999	447.229343399999	436.1034248
26.425	445.1549158	448.5772019	437.3119284
26.5916667	446.1172307	449.7986643	438.4330641
26.7583332999999	446.996514999999	451.075856499999	439.603419
26.925	448.011631099999	452.468851899999	440.8339772
27.0916667	449.054686499999	453.8002567	442.0217007
27.2583332999999	450.0240886	455.215944599999	443.2900545
27.425	451.011617299999	456.6279616	444.569371499999
27.5916667	451.946171099999	457.9889363	445.8100216
27.7583332999999	452.976883399999	459.481112	447.1035023
27.925	453.9508119	461.0494819	448.461886599999
28.0916667	454.9870287	462.5246896	449.8076014
28.2583332999999	455.9268898	464.12447	451.1692283
28.425	456.805287099999	465.6464079	452.5383306
28.5916667	457.6434611	467.2233682	453.8887791
28.7583332999999	458.6773139	468.8686599	455.2675064
28.925	459.6343574	470.4984615	456.6526131
29.0916667	460.6550921	472.213241	458.0356635
29.2583332999999	461.693914199999	473.9459856	459.4921813
29.425	462.6994832	475.667516299999	460.8891902
29.5916667	463.6037104	477.3967815	462.170250099999
29.7583332999999	464.615354	479.180124099999	463.567226
29.925	465.6320834	480.963191899999	464.9935467
30.0916667	466.6209152	482.721659999999	466.4052964
30.2583332999999	467.6138684	484.371376	467.7329097
30.425	468.6341164	486.0456091	469.058206399999
30.5916667	469.684602899999	487.7256619	470.4200424
30.7583332999999	470.7457824	489.3860244	471.7848071
30.925	471.7698516	491.0428198	473.1639797
31.0916667	472.7338123	492.6127426	474.5431478
31.2583332999999	473.744067199999	494.2510032	475.925885
31.425	474.8152033	495.929954199999	477.391653
31.5916667	475.8109511	497.6284906	478.7826713
31.7583332999999	476.909826499999	499.3458335	480.2557324
31.925	477.853718	501.0593702	481.7686214
32.0916667	478.873963999999	502.7687029	483.2804626
32.2583332999999	479.8830178	504.6649136	484.8399366
32.425	480.8547644	506.4332629	486.398705799999
32.5916667	481.8810025	508.023259	487.9431
32.7583332999999	482.9070695	509.9800016	489.5303878
32.925	484.0073668	511.9628723	491.1094424
33.0916667	484.945438899999	513.7255134	492.7537304
33.2583332999999	485.9452502	515.5779498	494.4413456
33.425	486.936022999999	517.2293769	495.9837538
33.5916667	488.0236025	518.816963899999	497.6168403
33.7583332999999	489.0975647	520.4091144	499.2010943
33.925	490.1857641	522.0917442	500.7463117
34.0916667	491.1636067	523.6965085	502.2070712
34.2583332999999	492.210667399999	525.62512	503.6654448
34.425	493.245451	527.3006153	505.132338199999
34.5916667	494.3106885	528.252088199999	506.6802975
34.7583332999999	495.4486144	530.2835766	508.128508999999
34.925	496.508587	531.0267428	509.3781068
35.0916667	497.5491278	529.9167935	510.7499915
35.2583332999999	498.6075074	532.4479011	511.7348438
35.425	499.696751	535.0099482	512.1244162
35.5916667	500.7252087	533.025387599999	513.1288072
35.7583332999999	501.790903399999	536.522816	514.643523
35.925	502.8775968	538.3162275	515.6065199
36.0916667	503.962286699999	540.4397944	516.9990514
36.2583332999999	505.1027352	541.812305599999	518.7359358
36.425	506.189315	544.2349507	520.429512799999
36.5916667	507.3933629	546.5174605	522.125181799999
36.7583333	508.3571938	548.2770564	523.8931796
36.925	509.3985647	549.9956174	525.712460199999
37.0916667	510.4999875	551.4637112	527.4664471
37.2583333	511.556491	553.2418374	529.115489
37.425	512.639592	554.794672	530.6844669
37.5916667	513.6935139	556.0248255	532.1873562
37.7583333	514.8137301	557.4673487	533.7717543
37.925	515.7947416	558.790220599999	535.232077699999
38.0916667	516.8353208	560.115738	536.6649302
38.2583333	517.867894	561.461512399999	538.0614044
38.425	519.019974999999	562.832479599999	539.4247038
38.5916667	520.0135614	564.2379156	540.8508136
38.7583333	521.049111	565.5568396	542.2528364
38.925	522.123798099999	567.0590714	543.812269399999
39.0916667	523.161119999999	568.490302799999	545.2706396
39.2583333	524.1538137	569.962549	546.781105
39.425	525.1894613	571.5479836	548.384098799999
39.5916667	526.245842499999	573.214926499999	549.9660004
39.7583333	527.2807627	574.8376284	551.675850899999
39.925	528.2757667	576.424344399999	553.339627
40.0916667	529.411926799999	578.112901099999	555.139960199999
40.2583333	530.3938068	579.8238831	556.9345506
40.425	531.451363299999	581.6152804	558.795366399999
40.5916667	532.4775087	583.4576253	560.7755887
40.7583333	533.460456999999	585.3136459	562.7237709
40.925	534.5408964	587.2190525	564.7848121
41.0916667	535.6185997	589.274316	566.8645301
41.2583333	536.617462299999	591.2884201	569.0396291
41.425	537.5838046	593.3678212	571.1652532
41.5916667	538.6642952	595.7103967	573.4009805
41.7583333	539.742903899999	598.1608132	575.6968198
41.925	540.7711616	600.5639896	577.999908499999
42.0916667	541.7969672	603.0144528	580.3604635
42.2583333	542.803370099999	605.6499448	582.639821499999
42.425	543.8124449	608.4576433	584.9481224
42.5916667	544.8861775	611.5432071	587.14387
42.7583333	545.8955807	614.8487464	589.235956399999
42.925	547.0298688	618.4723299	591.323179699999
43.0916667	547.953077899999	622.133830899999	593.339561
43.2583333	548.9596162	626.0133079	595.194822999999
43.425	550.0854743	629.972813	597.1073471
43.5916667	551.1646831	633.845623299999	598.881387499999
43.7583333	552.194307099999	637.446796	600.7060291
43.925	553.2742587	640.8405883	602.4303742
44.0916667	554.2682045	643.7659519	604.0473471
44.2583333	555.2696962	646.2018696	605.5836639
44.425	556.2957124	648.3927824	607.0191789
44.5916667	557.3553098	650.1655946	608.3302562
44.7583333	558.505902899999	651.755409	609.602470999999
44.925	559.4986022	653.2314713	610.7852573
45.0916667	560.5368888	654.5380111	611.9299141
45.2583333	561.5165012	655.6982263	612.9700227
45.425	562.571926899999	656.8355158	614.003702
45.5916667	563.6280211	657.940061099999	614.958096899999
45.7583333	564.615740799999	659.0310557	615.892999699999
45.925	565.792897599999	660.1907972	616.7885924
46.0916667	566.8733222	661.268086599999	617.6998709
46.2583333	567.8666361	662.305735299999	618.626959499999
46.425	568.9930052	663.4046285	619.4481197
46.5916667	570.0625984	664.479218699999	620.3631336
46.7583333	571.133027	665.561559199999	621.294564
46.925	572.2096991	666.5921955	622.2080548
47.0916667	573.3017949	667.6039408	623.0366749
47.2583333	574.405996	668.6483281	623.9323366
47.425	575.5774647	669.7344539	624.8108377
47.5916667	576.6657463	670.7634191	625.6999435
47.7583333	577.82213	671.878726	626.6048247
47.925	579.0757733	672.832895199999	627.4857037
48.0916667	580.1531178	673.8459212	628.467322099999
48.2583333	581.2289423	674.8401865	629.4080079
48.425	582.357744399999	675.802001099999	630.3164485
48.5916667	583.492707	676.7438306	631.2140284
48.7583333	584.6231546	677.7620733	632.0758546
48.925	585.7877759	678.7454967	632.9821455
49.0916667	586.8886031	679.666551899999	633.841912599999
49.2583333	587.9348196	680.5877004	634.7533934
49.425	589.0646611	681.590926299999	635.5833053
49.5916667	590.116227699999	682.551396599999	636.422203899999
49.7583333	591.336902699999	683.5246067	637.2192384
49.925	592.4219075	684.4709561	638.1190396
50.0916667	593.5049817	685.3823656	638.9877871
50.2583333	594.5475775	686.256343	639.8711455
50.425	595.686044899999	687.2333804	640.6770195
50.5916667	596.7548182	688.188788	641.579922599999
50.7583333	597.8425348	689.146289399999	642.3692215
50.925	598.903582599999	690.0441279	643.1933142
51.0916667	600.0543021	691.01262	644.0450549
51.2583333	601.1572722	691.9860223	644.8919693
51.425	602.1598024	692.8962126	645.7087876
51.5916667	603.2535347	693.7921802	646.5218449
51.7583333	604.315527	694.799063	647.376099
51.925	605.3476874	695.722873799999	648.2625767
52.0916667	606.387511	696.6951512	649.0831545
52.2583333	607.435939399999	697.586059099999	649.9071483
52.425	608.5057897	698.5279254	650.7317645
52.5916667	609.6008469	699.454285	651.6241276
52.7583333	610.7358063	700.4184762	652.4497396
52.925	611.7148923	701.2544651	653.1834286
53.0916667	612.735751799999	702.229049	654.108219
53.2583333	613.7423125	703.1744368	654.903153
53.425	614.8857151	704.124636899999	655.7263436
53.5916667	615.907372199999	705.0996937	656.510981699999
53.7583333	616.900431999999	706.025212599999	657.3281875
53.925	617.9862865	706.969504199999	658.1716078
54.0916667	618.9895215	707.920598	659.0205232
54.2583333	620.054186599999	708.7981224	659.7899977
54.425	621.0610023	709.8233457	660.6115766
54.5916667	622.0948809	710.6859665	661.4875893
54.7583333	623.1629177	711.6518267	662.2671549
54.925	624.299410899999	712.653215899999	663.1152619
55.0916667	625.2506162	713.5613782	663.9217992
55.2583333	626.338288	714.504988599999	664.7271181
55.425	627.4219745	715.4751732	665.5155978
55.5916667	628.460034199999	716.4503206	666.2978264
55.7583333	629.4891937	717.341511	667.1236347
55.925	630.540367999999	718.3486527	667.9796725
56.0916667	631.6466734	719.2580061	668.6821882
56.2583333	632.6396408	720.191972	669.5087094
56.425	633.619068699999	721.1420766	670.3855171
56.5916667	634.5493347	721.9893018	671.1680669
56.7583333	635.6671205	722.929940199999	671.969885799999
56.925	636.7085769	723.8616575	672.749837
57.0916667	637.7004817	724.7595555	673.4695695
57.2583333	638.7376796	725.7307923	674.308483
57.425	639.7704315	726.7170468	675.1351996
57.5916667	640.7436517	727.5543678	675.9998429
57.7583333	641.781817	728.4291365	676.881332999999
57.925	642.8809783	729.358958999999	677.596663899999
58.0916667	643.9067482	730.2793116	678.320457499999
58.2583333	644.8944293	731.2637374	679.098526499999
58.425	645.924146699999	732.2099356	679.898656599999
58.5916667	646.8844526	733.1248516	680.7028586
58.7583333	647.944094499999	734.012859	681.4990777
58.925	648.9308867	734.9033078	682.2121855
59.0916667	649.8911785	735.856142599999	682.982909399999
59.2583333	650.929345699999	736.7728296	683.8077986
59.425	651.9008186	737.719895999999	684.612253
59.5916667	652.970234999999	738.674321699999	685.4413978
59.7583333	654.0458785	739.5687607	686.199273099999
59.925	655.028377299999	740.466589	686.8992637
60.0916667	656.0273784	741.486363599999	687.6854065
60.2583333	657.0861139	742.4351972	688.4924363
60.425	658.1287706	743.2963584	689.3153313
60.5916667	659.1132596	744.155043	690.1200511
60.7583333	660.131589099999	745.0611397	690.9714365
60.925	661.1381516	745.9414927	691.7561853
61.0916667	662.1405245	746.921514	692.477074199999
61.2583333	663.1302903	747.8342575	693.148102299999
61.425	664.0825319	748.7715895	693.895719899999
61.5916667	665.1538383	749.7285186	694.730554599999
61.7583333	666.1192685	750.6136139	695.4614675
61.925	667.1280184	751.5097741	696.2678257
62.0916667	668.127461999999	752.431934699999	697.1038286
62.2583333	669.0572582	753.3220244	697.8426508
62.425	670.095765599999	754.2963566	698.6594749
62.5916667	671.1519683	755.1725853	699.3507989
62.7583333	672.0976863	756.0914634	700.0978047
62.925	673.0923226	756.9615883	700.8575615
63.0916667	674.0881663	757.886590199999	701.624538599999
63.2583333	675.0681157	758.7429463	702.385868399999
63.425	676.0362445	759.7174118	703.1774498
63.5916667	677.0776291	760.5961024	704.0375178
63.7583333	678.033372	761.4664448	704.7360274
63.925	679.0403392	762.4344957	705.5288718
64.0916666999999	679.9090794	763.3326881	706.1966629
64.2583333	680.9079076	764.1867499	706.959245699999
64.425	681.9053712	765.052161	707.7537948
64.5916666999999	682.9624183	765.905962	708.440149899999
64.7583333	683.9655224	766.8275714	709.2372545
64.925	685.0014854	767.7893514	710.044229599999
65.0916666999999	685.9994258	768.6783707	710.7732509
65.2583333	686.9596248	769.602811599999	711.4453319
65.425	687.9287845	770.4895283	712.2040681
65.5916666999999	688.909147699999	771.3866607	713.0265371
65.7583333	689.9016289	772.280518299999	713.8080874
65.925	690.7710053	773.154895599999	714.570180199999
66.0916666999999	691.791028899999	774.030353899999	715.303029799999
66.2583333	692.8194751	774.8674046	715.9664551
66.425	693.7786104	775.7748242	716.736156
66.5916666999999	694.770511999999	776.688529399999	717.5578878
66.7583333	695.7567247	777.617110899999	718.325229799999
66.925	696.7424514	778.490266599999	719.0857303
67.0916666999999	697.650173	779.394503199999	719.8080823
67.2583333	698.616048799999	780.3439198	720.571724199999
67.425	699.6934518	781.205808999999	721.1751402
67.5916666999999	700.7536507	782.0785096	721.917959999999
67.7583333	701.697537199999	782.936390899999	722.6975251
67.925	702.6475942	783.874859899999	723.519873
68.0916666999999	703.593936799999	784.7012211	724.1977635
68.2583333	704.5686174	785.5421438	724.9580604
68.425	705.508581799999	786.4925408	725.717588
68.5916666999999	706.394472799999	787.3445119	726.452033899999
68.7583333	707.3607278	788.2578743	727.1336129
68.925	708.3933867	789.1079237	727.8114307
69.0916666999999	709.3398825	790.0138558	728.4766252
69.2583333	710.359516	790.8570463	729.141938799999
69.425	711.2984765	791.7274388	729.9920533
69.5916666999999	712.224029999999	792.6098483	730.733553899999
69.7583333	713.1117746	793.4504841	731.4309975
69.925	714.1240879	794.3683513	732.1666852
70.0916666999999	714.9618348	795.2764978	732.9597719
70.2583333	715.8985046	796.1491517	733.6744446
70.425	716.9329989	797.0307139	734.4564373
70.5916666999999	717.8685277	797.8430364	735.215716999999
70.7583333	718.6845147	798.7117764	735.947691799999
70.925	719.6675206	799.6370509	736.5574237
71.0916666999999	720.7751142	800.478901099999	737.294751899999
71.2583333	721.7218491	801.3601199	738.074598599999
71.425	722.657368999999	802.2126981	738.7283849
71.5916666999999	723.5970381	803.1090032	739.4380544
71.7583333	724.4633538	804.048814	740.146936
71.925	725.4542974	804.8758535	740.9229389
72.0916666999999	726.4438801	805.7535243	741.646385199999
72.2583333	727.3927052	806.6616794	742.330825499999
72.425	728.3941419	807.524897699999	742.9471973
72.5916666999999	729.3993218	808.3945137	743.762097
72.7583333	730.271150299999	809.254456299999	744.5617915
72.925	731.1982065	810.0837578	745.2485062
73.0916666999999	732.277226099999	810.962552	745.9450621
73.2583333	733.208323099999	811.820133899999	746.5802866
73.425	734.0581622	812.7386306	747.3254976
73.5916666999999	735.0022736	813.5942352	747.9731984
73.7583333	735.9210782	814.4286308	748.7141083
73.925	736.9131776	815.2900662	749.4163363
74.0916666999999	737.9192902	816.199112099999	750.0886298
74.2583333	738.8845345	817.0791693	750.9141533
74.425	739.7242201	817.8865345	751.6320602
74.5916666999999	740.567012699999	818.8236334	752.330182599999
74.7583333	741.5101729	819.7210316	753.0657058
74.925	742.5196465	820.5290987	753.7597413
75.0916666999999	743.4764583	821.3514563	754.602219799999
75.2583333	744.4225749	822.2180908	755.2608558
75.425	745.3723089	823.101700599999	755.9624924
75.5916666999999	746.2974096	823.9467408	756.5012445
75.7583333	747.0807786	824.7552346	757.240017399999
75.925	748.0362645	825.6244802	757.9783977
76.0916666999999	749.1947751	826.4708981	758.7051885
76.2583333	750.108968799999	827.305521299999	759.3725013
76.425	751.020641199999	828.1836701	760.1189615
76.5916666999999	751.8449727	829.0060316	760.9073918
76.7583333	752.8140267	829.8919421	761.5639516
76.925	753.7260281	830.7647619	762.161787299999
77.0916666999999	754.693203899999	831.658583399999	762.894649
77.2583333	755.514766	832.4807238	763.5351025
77.425	756.5077749	833.3094006	764.191687199999
77.5916666999999	757.4131843	834.178962	765.0008981
77.7583333	758.2915297	835.0369905	765.6970017
77.925	759.2428471	835.9114222	766.3881193
78.0916666999999	760.273130299999	836.7595123	767.0256929
78.2583333	761.2718086	837.6225995	767.8117791
78.425	762.1827704	838.4541966	768.4734756
78.5916666999999	763.0912456	839.2571287	769.240400399999
78.7583333	764.0226455	840.0889291	769.957097999999
78.925	764.8227292	840.922583499999	770.6327084
79.0916666999999	765.7552092	841.7683174	771.3497091
79.2583333	766.7266974	842.687653	771.9284246
79.425	767.6528765	843.4983095	772.6315878
79.5916666999999	768.692723	844.3806253	773.2733942
79.7583333	769.6185909	845.2278799	774.0142576
79.925	770.5150227	846.0285859	774.7492096
80.0916666999999	771.4420431	846.8753848	775.4502729
80.2583333	772.3658702	847.6775967	776.0324103
80.425	773.2688949	848.5562626	776.7483326
80.5916666999999	774.0847914	849.4242498	777.4078225
80.7583333	775.045614699999	850.273659799999	778.0628813
80.925	775.989911899999	851.1007589	778.7577848
81.0916666999999	777.0776002	851.927758699999	779.5269426
81.2583333	778.0063249	852.787103	780.1809699
81.425	778.9799908	853.603402499999	780.8700861
81.5916666999999	779.8922231	854.504221499999	781.604558899999
81.7583333	780.8351621	855.327762	782.294561199999
81.925	781.763223	856.165457899999	782.8871961
82.0916666999999	782.595623299999	857.0168492	783.4996559
82.2583333	783.5142701	857.8211488	784.1596746
82.425	784.5139706	858.6819119	784.8833843
82.5916666999999	785.4221198	859.4742719	785.6643412
82.7583333	786.38337	860.251596	786.3013315
82.925	787.276513299999	861.117777399999	786.986241499999
83.0916666999999	788.2680612	861.9849618	787.7032137
83.2583333	789.1620871	862.8135117	788.3890778
83.425	790.094286299999	863.634563499999	789.017907399999
83.5916666999999	791.0598421	864.4684646	789.6907369
83.7583333	792.151351199999	865.2852853	790.3174628
83.925	793.1298777	866.1883635	791.031849899999
84.0916666999999	793.9160542	866.9544245	791.7261257
84.2583333	794.7927031	867.8382028	792.426284399999
84.425	795.7544816	868.706221699999	793.1870346
84.5916666999999	796.6192881	869.4552129	793.8088227
84.7583333	797.5569148	870.291525	794.4297678
84.925	798.5412242	871.1900115	795.1053458
85.0916666999999	799.510628	871.9919916	795.7142449
85.2583333	800.4034039	872.8283074	796.4758923
85.425	801.0830828	873.672165099999	797.1672408
85.5916666999999	802.3336537	874.515287799999	797.6717225
85.7583333	803.2820782	875.2894968	798.470460299999
85.925	804.1118873	876.0959214	799.1565622
86.0916666999999	805.0069759	876.8524709	799.7649124
86.2583333	806.0068059	877.7498085	800.4154676
86.425	806.9174053	878.6381759	801.123417299999
86.5916666999999	807.8999319	879.417634799999	801.772898899999
86.7583333	808.8429278	880.2313929	802.5056017
86.925	809.6732378	881.0473868	803.1209986
87.0916666999999	810.539382	881.884124699999	803.6923128
87.2583333	811.7354074	882.7535867	804.2571195
87.425	812.6265077	883.5669582	805.144938999999
87.5916666999999	813.4952387	884.402466	805.7827028
87.7583333	814.400505199999	885.179649	806.5218359
87.925	815.3486475	885.966838099999	807.1508524
88.0916666999999	816.3807591	886.8395907	807.7425239
88.2583333	817.3469868	887.6221004	808.3049967
88.425	818.1926574	888.4587478	809.0729385
88.5916666999999	818.9448166	889.2925734	809.7956688
88.7583333	819.7277597	890.0490793	810.3460878
88.925	820.7334335	890.8732576	811.0463643
89.0916666999999	821.787152399999	891.667497699999	811.6377104
89.2583333	822.7517596	892.481877	812.363360499999
89.425	823.5199298	893.2903158	813.054554999999
89.5916666999999	824.2351413	894.1357753	813.6973463
89.7583333	824.8321851	894.774720099999	814.337528799999
89.925	825.5346351	895.4794892	814.9816105
90.0916666999999	826.0607484	896.0650658	815.5339139
90.2583333	826.5707281	896.6862209	816.2414617
90.425	826.9537572	897.2257384	816.6638774
90.5916666999999	827.0671085	897.6195885	817.1396979
90.7583333	827.3202189	898.0072328	817.6893378
90.925	827.5623161	898.328416099999	818.234750499999
91.0916666999999	827.6490252	898.6406285	818.5273806
91.2583333	828.0214269	898.859856499999	818.8683299
91.425	827.9903264	899.154318699999	819.361707399999
91.5916666999999	828.2459749	899.2931313	819.627806899999
91.7583333	828.4558312	899.5267439	820.0256085
91.925	828.8656564	899.7924826	820.116024699999
92.0916666999999	828.8866805	900.0087072	820.492403499999
92.2583333	828.9782213	900.1410413	820.8615598
92.425	829.295284	900.372230499999	821.1719907
92.5916666999999	829.444514999999	900.5491625	821.3379756
92.7583333	829.7841878	900.6509655	821.5824121
92.925	829.8388389	900.8715258	821.9024882
93.0916666999999	829.9308373	901.031368699999	822.1024536
93.2583333	830.0410238	901.0788468	822.3278893
93.425	830.268308	901.272063599999	822.536080299999
93.5916666999999	830.260355399999	901.4311804	822.7587245
93.7583333	830.4984372	901.5088744	823.016761699999
93.925	830.6983037	901.6931272	823.200072199999
94.0916666999999	830.6400067	901.7368289	823.3479536
94.2583333	830.628548299999	901.7962981	823.494287
94.425	830.5587943	901.865356299999	823.7347908
94.5916666999999	830.7755	901.9871471	823.8504856
94.7583333	830.813655	902.042313	824.0693658
94.925	830.9569009	902.139505199999	824.2745898
95.0916666999999	830.8604684	902.1628456	824.3249051
95.2583333	830.8534255	902.1369769	824.553180899999
95.425	831.0557514	902.1794044	824.650913
95.5916666999999	831.1342238	902.2612121	824.76764
95.7583333	831.2377952	902.276901099999	824.882228399999
95.925	831.1775458	902.240115199999	824.934292
96.0916666999999	831.1128462	902.333767	825.0558417
96.2583333	831.1592165	902.377665	825.128692299999
96.425	831.1864516	902.3490688	825.3253507
96.5916666999999	831.2607316	902.430181599999	825.3034251
96.7583333	831.1387092	902.416336299999	825.516963
96.925	831.3952971	902.463863	825.6357655
97.0916666999999	831.367881299999	902.494509999999	825.699161
97.2583333	831.3666329	902.4847061	825.8076789
97.425	831.5958266	902.4766777	825.848093099999
97.5916666999999	831.4807907	902.520379199999	826.0170781
97.7583333	831.52489	902.5098824	826.017710599999
97.925	831.5228969	902.4786637	826.0548597
98.0916666999999	831.5568687	902.577766499999	826.2423714
98.2583333	831.552565199999	902.5005987	826.162264199999
98.425	831.6182622	902.512772	826.093138
98.5916666999999	831.5104345	902.479666	826.3318034
98.7583333	831.5172812	902.506577299999	826.4493093
98.925	831.5437681	902.4515858	826.476094
99.0916666999999	831.3487663	902.477110099999	826.5568406
99.2583333	831.3943731	902.5125297	826.6030314
99.425	831.400302599999	902.5244398	826.6526201
99.5916666999999	831.4235497	902.4891545	826.6330977
99.7583333	831.460323399999	902.531017299999	826.700580999999
99.925	831.3694472	902.4794603	826.7111198
100.091667	831.1723205	902.4779384	826.881562199999
100.258333	831.5371082	902.4810991	826.8312504
100.425	831.6574677	902.4156501	826.8516689
100.591667	831.441403999999	902.412672099999	827.0088202
100.758333	831.4510157	902.4187638	827.062752399999
100.925	831.469847199999	902.4043921	827.1520379
101.091667	831.410925999999	902.3477874	827.1416399
101.258333	831.4026473	902.3793943	827.0697379
101.425	831.4119997	902.353549699999	827.0972536
101.591667	831.2931495	902.2660363	827.137300199999
101.758333	831.264612799999	902.2002881	827.3060648
