time	HC	CO	NO	N2O	NH3	H2
0.091666667	1.39306E-05	0.000163393	2.8872E-05	1.93221E-06	3.75839E-08	5.20408E-05
0.258333333	1.39259E-05	0.000163512	2.8883E-05	1.93115E-06	3.64589E-08	5.17455E-05
0.425	1.38666E-05	0.000163368	2.89027E-05	1.92801E-06	3.65871E-08	5.189E-05
0.591666667	1.38215E-05	0.000163585	2.8933E-05	1.92741E-06	3.70078E-08	5.19494E-05
0.758333333	1.37724E-05	0.000163606	2.89353E-05	1.92163E-06	3.62088E-08	5.20063E-05
0.925	1.38196E-05	0.000163436	2.89062E-05	1.91477E-06	3.5442E-08	5.17468E-05
1.09166667	1.37927E-05	0.000163361	2.89129E-05	1.90986E-06	3.59002E-08	5.17721E-05
1.25833333	1.38134E-05	0.00016341	2.89469E-05	1.90687E-06	3.47598E-08	5.19648E-05
1.425	1.38974E-05	0.000163335	2.89302E-05	1.89371E-06	3.58234E-08	5.19945E-05
1.59166667	1.38465E-05	0.000163514	2.8984E-05	1.88736E-06	3.50566E-08	5.20375E-05
1.75833333	1.38792E-05	0.000163664	2.89961E-05	1.88178E-06	3.36479E-08	5.18515E-05
1.925	1.39381E-05	0.000163486	2.89779E-05	1.8771E-06	3.37645E-08	5.18469E-05
2.09166667	1.38853E-05	0.000163387	2.89893E-05	1.86865E-06	3.26503E-08	5.1937E-05
2.25833333	1.38821E-05	0.00016327	2.90344E-05	1.86479E-06	3.13571E-08	5.19941E-05
2.425	1.37801E-05	0.000163527	2.90668E-05	1.86067E-06	3.13104E-08	5.20011E-05
2.59166667	1.3763E-05	0.000163197	2.90104E-05	1.85103E-06	3.18004E-08	5.20719E-05
2.75833333	1.38346E-05	0.000163456	2.90829E-05	1.84753E-06	3.08328E-08	5.20178E-05
2.925	1.38967E-05	0.00016344	2.91251E-05	1.82126E-06	3.08357E-08	5.20205E-05
3.09166667	1.38196E-05	0.000163568	2.91052E-05	1.81404E-06	2.93911E-08	5.18825E-05
3.25833333	1.3747E-05	0.000163529	2.91305E-05	1.80844E-06	3.0506E-08	5.19249E-05
3.425	1.38495E-05	0.000163288	2.91323E-05	1.7996E-06	2.9168E-08	5.21234E-05
3.59166667	1.39863E-05	0.000163258	2.91905E-05	1.79574E-06	2.90194E-08	5.20702E-05
3.75833333	1.40352E-05	0.00016358	2.92136E-05	1.7891E-06	3.02615E-08	5.20911E-05
3.925	1.40299E-05	0.000163506	2.92547E-05	1.78048E-06	2.94086E-08	5.22015E-05
4.09166667	1.39467E-05	0.000163494	2.92556E-05	1.77123E-06	2.79654E-08	5.20764E-05
4.25833333	1.38284E-05	0.000163585	2.93113E-05	1.7648E-06	2.90898E-08	5.20813E-05
4.425	1.39011E-05	0.000163577	2.9323E-05	1.75364E-06	2.75421E-08	5.21531E-05
4.59166667	1.39411E-05	0.00016376	2.93658E-05	1.74828E-06	2.82388E-08	5.199E-05
4.75833333	1.39275E-05	0.000163538	2.93944E-05	1.74203E-06	2.638E-08	5.19746E-05
4.925	1.39092E-05	0.000163781	2.94247E-05	1.73313E-06	2.65683E-08	5.20243E-05
5.09166667	1.38048E-05	0.000164032	2.94646E-05	1.72507E-06	2.68732E-08	5.22619E-05
5.25833333	1.38493E-05	0.000163902	2.94773E-05	1.71759E-06	2.60909E-08	5.22075E-05
5.425	1.40018E-05	0.000164049	2.95081E-05	1.70982E-06	2.73856E-08	5.23073E-05
5.59166667	1.40815E-05	0.000163764	2.95219E-05	1.70182E-06	2.62828E-08	5.228E-05
5.75833333	1.40914E-05	0.00016373	2.95462E-05	1.69554E-06	2.64527E-08	5.22613E-05
5.925	1.39564E-05	0.000163886	2.95989E-05	1.68891E-06	2.4837E-08	5.22961E-05
6.09166667	1.39591E-05	0.000163844	2.96246E-05	1.68007E-06	2.44223E-08	5.2263E-05
6.25833333	1.39627E-05	0.00016384	2.96318E-05	1.67265E-06	2.38597E-08	5.21136E-05
6.425	1.40023E-05	0.00016401	2.96873E-05	1.66702E-06	2.44972E-08	5.21499E-05
6.59166667	1.40169E-05	0.000164097	2.96911E-05	1.66237E-06	2.18832E-08	5.22357E-05
6.75833333	1.40576E-05	0.000164218	2.97813E-05	1.65486E-06	2.29143E-08	5.24187E-05
6.925	1.39311E-05	0.000164336	2.97781E-05	1.64763E-06	2.16651E-08	5.24054E-05
7.09166667	1.39515E-05	0.00016427	2.97963E-05	1.64126E-06	2.14007E-08	5.24795E-05
7.25833333	1.40186E-05	0.000164319	2.98208E-05	1.63548E-06	2.12741E-08	5.24576E-05
7.425	1.40867E-05	0.000164292	2.98212E-05	1.62746E-06	2.09001E-08	5.23901E-05
7.59166667	1.40552E-05	0.000164449	2.98936E-05	1.62346E-06	2.02944E-08	5.22485E-05
7.75833333	1.39614E-05	0.000164511	2.98915E-05	1.61624E-06	1.96991E-08	5.23239E-05
7.925	1.40877E-05	0.000164427	2.99569E-05	1.60663E-06	2.0001E-08	5.2569E-05
8.09166667	1.40981E-05	0.000164664	2.99617E-05	1.6032E-06	2.00206E-08	5.25142E-05
8.25833333	1.40749E-05	0.000164411	2.99925E-05	1.59753E-06	1.99687E-08	5.2539E-05
8.425	1.4003E-05	0.000164538	3.00187E-05	1.58971E-06	1.90665E-08	5.26461E-05
8.59166667	1.40091E-05	0.000164626	3.00206E-05	1.58437E-06	1.93196E-08	5.25478E-05
8.75833333	1.39738E-05	0.000164399	3.00542E-05	1.57848E-06	1.88365E-08	5.24551E-05
8.925	1.38901E-05	0.000164578	3.00783E-05	1.57154E-06	1.8504E-08	5.25192E-05
9.09166667	1.39292E-05	0.000164526	3.00744E-05	1.56762E-06	1.76585E-08	5.26724E-05
9.25833333	1.37938E-05	0.000164866	3.01379E-05	1.56194E-06	1.89163E-08	5.26437E-05
9.425	1.3867E-05	0.000164499	3.01203E-05	1.55556E-06	1.82649E-08	5.24625E-05
9.59166667	1.39308E-05	0.000164387	3.01174E-05	1.55168E-06	1.79304E-08	5.24874E-05
9.75833333	1.40973E-05	0.000165032	3.01857E-05	1.54823E-06	1.81341E-08	5.2626E-05
9.925	1.40572E-05	0.0001647	3.02024E-05	1.54291E-06	1.78681E-08	5.27469E-05
10.0916667	1.41635E-05	0.000164909	3.02123E-05	1.53217E-06	1.80476E-08	5.27804E-05
10.2583333	1.41563E-05	0.000164851	3.0269E-05	1.52843E-06	1.72541E-08	5.25661E-05
10.425	1.41713E-05	0.000165078	3.02485E-05	1.52355E-06	1.62642E-08	5.25631E-05
10.5916667	1.41673E-05	0.00016463	3.02594E-05	1.51764E-06	1.66925E-08	5.26509E-05
10.7583333	1.40845E-05	0.000165027	3.02797E-05	1.51581E-06	1.70139E-08	5.27829E-05
10.925	1.40199E-05	0.000164892	3.02536E-05	1.51292E-06	1.66401E-08	5.25867E-05
11.0916667	1.39008E-05	0.000164994	3.02689E-05	1.51186E-06	1.66722E-08	5.26392E-05
11.2583333	1.40678E-05	0.00016494	3.02688E-05	1.51351E-06	1.68215E-08	5.27913E-05
11.425	1.41775E-05	0.000165195	3.03084E-05	1.52126E-06	1.7585E-08	5.25337E-05
11.5916667	1.41933E-05	0.000164914	3.02381E-05	1.52465E-06	1.69193E-08	5.25142E-05
11.7583333	1.41403E-05	0.000165079	3.02375E-05	1.54332E-06	1.59238E-08	5.2736E-05
11.925	1.40593E-05	0.000164934	3.01826E-05	1.5542E-06	1.75586E-08	5.27442E-05
12.0916667	1.39616E-05	0.000165164	3.01496E-05	1.5715E-06	1.67315E-08	5.26881E-05
12.2583333	1.39791E-05	0.000164777	3.00777E-05	1.58855E-06	1.7699E-08	5.25471E-05
12.425	1.38873E-05	0.000164888	3.00232E-05	1.61039E-06	1.7182E-08	5.26129E-05
12.5916667	1.37866E-05	0.000164279	2.98659E-05	1.63171E-06	1.76038E-08	5.25583E-05
12.7583333	1.38692E-05	0.000164547	2.98224E-05	1.65754E-06	1.88155E-08	5.2452E-05
12.925	1.39026E-05	0.000164503	2.97501E-05	1.68434E-06	1.86794E-08	5.22337E-05
13.0916667	1.39039E-05	0.000164414	2.96584E-05	1.71082E-06	1.88716E-08	5.22251E-05
13.2583333	1.38121E-05	0.000164187	2.95137E-05	1.73887E-06	1.99001E-08	5.2324E-05
13.425	1.38516E-05	0.000164116	2.94081E-05	1.76842E-06	2.05563E-08	5.21306E-05
13.5916667	1.38005E-05	0.000164031	2.93138E-05	1.79718E-06	2.06973E-08	5.19402E-05
13.7583333	1.36584E-05	0.000163794	2.92108E-05	1.83015E-06	2.1115E-08	5.19749E-05
13.925	1.3808E-05	0.000163645	2.90785E-05	1.86383E-06	2.17197E-08	5.20097E-05
14.0916667	1.39652E-05	0.000163512	2.89421E-05	1.9204E-06	2.31587E-08	5.15832E-05
14.2583333	1.40996E-05	0.000163238	2.8813E-05	1.95102E-06	2.26985E-08	5.16593E-05
14.425	1.39428E-05	0.000162992	2.86767E-05	1.98497E-06	2.47761E-08	5.16313E-05
14.5916667	1.38573E-05	0.000163086	2.85414E-05	2.02304E-06	2.59509E-08	5.17058E-05
14.7583333	1.38602E-05	0.000162682	2.84E-05	2.05376E-06	2.62012E-08	5.1211E-05
14.925	1.37684E-05	0.000162505	2.82331E-05	2.09104E-06	2.73714E-08	5.12619E-05
15.0916667	1.38262E-05	0.000162277	2.81224E-05	2.13431E-06	3.00639E-08	5.13128E-05
15.2583333	1.38281E-05	0.000161967	2.79476E-05	2.171E-06	3.01329E-08	5.11848E-05
15.425	1.37553E-05	0.00016176	2.77805E-05	2.21674E-06	3.17095E-08	5.07675E-05
15.5916667	1.37038E-05	0.000161615	2.76008E-05	2.25644E-06	3.34646E-08	5.07465E-05
15.7583333	1.36939E-05	0.000161535	2.742E-05	2.30558E-06	3.56229E-08	5.07543E-05
15.925	1.36122E-05	0.000161194	2.72325E-05	2.34739E-06	3.70905E-08	5.06152E-05
16.0916667	1.36718E-05	0.000160955	2.70625E-05	2.39736E-06	4.0113E-08	5.02295E-05
16.2583333	1.37735E-05	0.000160774	2.68357E-05	2.44151E-06	4.19831E-08	5.0289E-05
16.425	1.38302E-05	0.000160535	2.66457E-05	2.50215E-06	4.46513E-08	5.02069E-05
16.5916667	1.37415E-05	0.000160172	2.63769E-05	2.55373E-06	4.70949E-08	4.99526E-05
16.7583333	1.36257E-05	0.000160201	2.62459E-05	2.60518E-06	4.98167E-08	4.96409E-05
16.925	1.34743E-05	0.000159468	2.59928E-05	2.65033E-06	5.25608E-08	4.96654E-05
17.0916667	1.34976E-05	0.000159259	2.57609E-05	2.69377E-06	5.57982E-08	4.95197E-05
17.2583333	1.35016E-05	0.000159304	2.55891E-05	2.74663E-06	5.98611E-08	4.92021E-05
17.425	1.35078E-05	0.000158839	2.53741E-05	2.81338E-06	6.33485E-08	4.90433E-05
17.5916667	1.3515E-05	0.000158651	2.51627E-05	2.86514E-06	6.65756E-08	4.88851E-05
17.7583333	1.35645E-05	0.000158558	2.49383E-05	2.91703E-06	7.1568E-08	4.88866E-05
17.925	1.34846E-05	0.000158238	2.4719E-05	2.96015E-06	7.58358E-08	4.83937E-05
18.0916667	1.35754E-05	0.000157811	2.44795E-05	3.00564E-06	8.07683E-08	4.83277E-05
18.2583333	1.35339E-05	0.000157673	2.42606E-05	3.05871E-06	8.62742E-08	4.82063E-05
18.425	1.34514E-05	0.000157379	2.4038E-05	3.15714E-06	9.09967E-08	4.80878E-05
18.5916667	1.33666E-05	0.00015691	2.37573E-05	3.21772E-06	9.72225E-08	4.77008E-05
18.7583333	1.32527E-05	0.000156353	2.34823E-05	3.26061E-06	1.02767E-07	4.75037E-05
18.925	1.33213E-05	0.000156308	2.32883E-05	3.30613E-06	1.08486E-07	4.7496E-05
19.0916667	1.32505E-05	0.000155919	2.30321E-05	3.35318E-06	1.14734E-07	4.7199E-05
19.2583333	1.32802E-05	0.000155515	2.27415E-05	3.38011E-06	1.22172E-07	4.68648E-05
19.425	1.32548E-05	0.000155335	2.25166E-05	3.4215E-06	1.29295E-07	4.67782E-05
19.5916667	1.30901E-05	0.000154871	2.22485E-05	3.46201E-06	1.38189E-07	4.66269E-05
19.7583333	1.31761E-05	0.000154667	2.19967E-05	3.50469E-06	1.45117E-07	4.63339E-05
19.925	1.31924E-05	0.000154202	2.17395E-05	3.54679E-06	1.53529E-07	4.60753E-05
20.0916667	1.30897E-05	0.00015405	2.14762E-05	3.59106E-06	1.61506E-07	4.59129E-05
20.2583333	1.29982E-05	0.0001532	2.12297E-05	3.64515E-06	1.73152E-07	4.58081E-05
20.425	1.29925E-05	0.000153281	2.09566E-05	3.68745E-06	1.81257E-07	4.53708E-05
20.5916667	1.30409E-05	0.000152712	2.06843E-05	3.7307E-06	1.91813E-07	4.51931E-05
20.7583333	1.2992E-05	0.000152502	2.04091E-05	3.76397E-06	2.01189E-07	4.50882E-05
20.925	1.29808E-05	0.000151918	2.01327E-05	3.80752E-06	2.13018E-07	4.47684E-05
21.0916667	1.30668E-05	0.000151688	1.98823E-05	3.87376E-06	2.25107E-07	4.44397E-05
21.2583333	1.3082E-05	0.000150811	1.9574E-05	3.92087E-06	2.36552E-07	4.43076E-05
21.425	1.30534E-05	0.00015052	1.92982E-05	3.95297E-06	2.48822E-07	4.41105E-05
21.5916667	1.29115E-05	0.000150282	1.90099E-05	3.98926E-06	2.61256E-07	4.36198E-05
21.7583333	1.27983E-05	0.000149807	1.87495E-05	4.02193E-06	2.76334E-07	4.34239E-05
21.925	1.2775E-05	0.000149544	1.84946E-05	4.06109E-06	2.89606E-07	4.32381E-05
22.0916667	1.28108E-05	0.000149089	1.81991E-05	4.09775E-06	3.05058E-07	4.30735E-05
22.2583333	1.26923E-05	0.000148341	1.79232E-05	4.13176E-06	3.20251E-07	4.25982E-05
22.425	1.27141E-05	0.000147801	1.76245E-05	4.15706E-06	3.38371E-07	4.23057E-05
22.5916667	1.27595E-05	0.000147437	1.7344E-05	4.17997E-06	3.53161E-07	4.20791E-05
22.7583333	1.26948E-05	0.000146987	1.70732E-05	4.21165E-06	3.71527E-07	4.18804E-05
22.925	1.26405E-05	0.000146532	1.67682E-05	4.23911E-06	3.91168E-07	4.15806E-05
23.0916667	1.25536E-05	0.000146106	1.64903E-05	4.26488E-06	4.08832E-07	4.12125E-05
23.2583333	1.26239E-05	0.000145449	1.61967E-05	4.29741E-06	4.31416E-07	4.09833E-05
23.425	1.26508E-05	0.000144938	1.5908E-05	4.3402E-06	4.49435E-07	4.05777E-05
23.5916667	1.25499E-05	0.000144529	1.56249E-05	4.36554E-06	4.69283E-07	4.02338E-05
23.7583333	1.25047E-05	0.000143847	1.53235E-05	4.39436E-06	4.91729E-07	3.994E-05
23.925	1.25162E-05	0.000143282	1.50363E-05	4.41352E-06	5.16087E-07	3.96771E-05
24.0916667	1.25328E-05	0.000142844	1.47593E-05	4.43351E-06	5.40788E-07	3.91433E-05
24.2583333	1.23958E-05	0.000142421	1.44834E-05	4.44755E-06	5.67299E-07	3.8781E-05
24.425	1.23855E-05	0.000141779	1.4201E-05	4.46148E-06	5.93941E-07	3.85164E-05
24.5916667	1.24383E-05	0.000141076	1.39093E-05	4.48454E-06	6.21171E-07	3.81556E-05
24.7583333	1.25062E-05	0.000140524	1.3654E-05	4.51166E-06	6.50392E-07	3.77846E-05
24.925	1.24726E-05	0.000140007	1.33804E-05	4.51793E-06	6.81734E-07	3.73711E-05
25.0916667	1.24607E-05	0.000139248	1.31218E-05	4.53735E-06	7.1437E-07	3.70048E-05
25.2583333	1.24005E-05	0.000138424	1.28516E-05	4.54778E-06	7.47111E-07	3.65942E-05
25.425	1.23229E-05	0.000138111	1.25846E-05	4.55432E-06	7.80372E-07	3.61434E-05
25.5916667	1.22213E-05	0.000137112	1.23176E-05	4.55349E-06	8.15546E-07	3.57931E-05
25.7583333	1.21521E-05	0.000136423	1.20625E-05	4.55779E-06	8.52342E-07	3.54074E-05
25.925	1.21074E-05	0.000135759	1.18102E-05	4.55462E-06	8.91144E-07	3.49187E-05
26.0916667	1.20578E-05	0.000135188	1.15811E-05	4.56196E-06	9.29351E-07	3.4449E-05
26.2583333	1.20372E-05	0.000134395	1.13399E-05	4.56238E-06	9.72026E-07	3.40455E-05
26.425	1.20244E-05	0.000133446	1.10876E-05	4.55208E-06	1.01094E-06	3.35317E-05
26.5916667	1.20463E-05	0.000132811	1.08714E-05	4.55338E-06	1.05612E-06	3.30309E-05
26.7583333	1.20189E-05	0.000131864	1.06398E-05	4.54066E-06	1.09963E-06	3.25827E-05
26.925	1.19689E-05	0.000131112	1.04279E-05	4.53482E-06	1.14694E-06	3.21317E-05
27.0916667	1.1907E-05	0.000130187	1.02206E-05	4.51567E-06	1.19528E-06	3.15206E-05
27.2583333	1.18509E-05	0.000129275	1.00185E-05	4.50441E-06	1.24329E-06	3.10519E-05
27.425	1.18389E-05	0.00012848	9.81856E-06	4.48363E-06	1.29201E-06	3.05495E-05
27.5916667	1.19026E-05	0.000127381	9.63965E-06	4.46372E-06	1.34303E-06	3.00685E-05
27.7583333	1.19106E-05	0.000126466	9.46572E-06	4.44086E-06	1.39428E-06	2.95084E-05
27.925	1.19056E-05	0.00012525	9.31004E-06	4.40865E-06	1.44783E-06	2.89797E-05
28.0916667	1.18552E-05	0.000124381	9.17055E-06	4.38274E-06	1.49922E-06	2.84734E-05
28.2583333	1.1685E-05	0.000123211	9.05928E-06	4.3472E-06	1.55225E-06	2.79652E-05
28.425	1.15469E-05	0.00012206	8.95533E-06	4.31218E-06	1.60403E-06	2.74213E-05
28.5916667	1.17296E-05	0.000120794	8.87235E-06	4.27289E-06	1.65645E-06	2.69166E-05
28.7583333	1.16586E-05	0.000119848	8.83287E-06	4.20982E-06	1.70623E-06	2.64753E-05
28.925	1.16091E-05	0.000118488	8.80397E-06	4.1381E-06	1.75191E-06	2.59836E-05
29.0916667	1.15526E-05	0.000117071	8.83269E-06	4.07367E-06	1.79771E-06	2.55514E-05
29.2583333	1.15366E-05	0.000115599	8.90093E-06	3.998E-06	1.8336E-06	2.52443E-05
29.425	1.15751E-05	0.000114359	9.01546E-06	3.91112E-06	1.86654E-06	2.49769E-05
29.5916667	1.14968E-05	0.000112897	9.16667E-06	3.80571E-06	1.89792E-06	2.47806E-05
29.7583333	1.14453E-05	0.000111362	9.28963E-06	3.7276E-06	1.92611E-06	2.46597E-05
29.925	1.13182E-05	0.000109877	9.4352E-06	3.64438E-06	1.9577E-06	2.45489E-05
30.0916667	1.12906E-05	0.000108268	9.57034E-06	3.56858E-06	1.98439E-06	2.44808E-05
30.2583333	1.1256E-05	0.000106712	9.69932E-06	3.49412E-06	2.01478E-06	2.44206E-05
30.425	1.12432E-05	0.00010526	9.84584E-06	3.41655E-06	2.04666E-06	2.43333E-05
30.5916667	1.11124E-05	0.00010363	9.98854E-06	3.33923E-06	2.07607E-06	2.42866E-05
30.7583333	1.10752E-05	0.000102301	1.01402E-05	3.24052E-06	2.11321E-06	2.42528E-05
30.925	1.10564E-05	0.000100839	1.02747E-05	3.15876E-06	2.14521E-06	2.41945E-05
31.0916667	1.10999E-05	9.92681E-05	1.04132E-05	3.09002E-06	2.17868E-06	2.41373E-05
31.2583333	1.10117E-05	9.77878E-05	1.05502E-05	3.00828E-06	2.21046E-06	2.40706E-05
31.425	1.10103E-05	9.61596E-05	1.06966E-05	2.94139E-06	2.24927E-06	2.39935E-05
31.5916667	1.09843E-05	9.45549E-05	1.08427E-05	2.8702E-06	2.28363E-06	2.39236E-05
31.7583333	1.09591E-05	9.28269E-05	1.09643E-05	2.80705E-06	2.31583E-06	2.38491E-05
31.925	1.09976E-05	9.11357E-05	1.11223E-05	2.75351E-06	2.35264E-06	2.37918E-05
32.0916667	1.09157E-05	8.92706E-05	1.12471E-05	2.68215E-06	2.38983E-06	2.37442E-05
32.2583333	1.08287E-05	8.7564E-05	1.1375E-05	2.61258E-06	2.42653E-06	2.36754E-05
32.425	1.08645E-05	8.56884E-05	1.15169E-05	2.5411E-06	2.46845E-06	2.36383E-05
32.5916667	1.09187E-05	8.39209E-05	1.16282E-05	2.42897E-06	2.50572E-06	2.35479E-05
32.7583333	1.09646E-05	8.20552E-05	1.1751E-05	2.35767E-06	2.54746E-06	2.34871E-05
32.925	1.08512E-05	8.00843E-05	1.18821E-05	2.29551E-06	2.59104E-06	2.33968E-05
33.0916667	1.0717E-05	7.82357E-05	1.19942E-05	2.22202E-06	2.63687E-06	2.332E-05
33.2583333	1.05986E-05	7.63077E-05	1.21044E-05	2.14362E-06	2.69016E-06	2.32931E-05
33.425	1.06731E-05	7.43576E-05	1.22016E-05	2.08012E-06	2.74082E-06	2.32274E-05
33.5916667	1.07202E-05	7.23172E-05	1.22805E-05	2.01598E-06	2.7897E-06	2.31481E-05
33.7583333	1.06755E-05	7.04907E-05	1.23909E-05	1.9518E-06	2.84714E-06	2.31092E-05
33.925	1.06361E-05	6.84415E-05	1.24942E-05	1.87875E-06	2.90589E-06	2.30431E-05
34.0916667	1.06167E-05	6.66659E-05	1.25716E-05	1.81977E-06	2.9644E-06	2.30079E-05
34.2583333	1.05222E-05	6.49086E-05	1.26482E-05	1.75539E-06	3.02507E-06	2.29307E-05
34.425	1.05565E-05	6.29854E-05	1.27198E-05	1.69497E-06	3.09921E-06	2.28754E-05
34.5916667	1.04695E-05	6.11801E-05	1.27966E-05	1.63292E-06	3.17101E-06	2.28373E-05
34.7583333	1.04274E-05	5.94464E-05	1.28542E-05	1.57134E-06	3.24529E-06	2.28005E-05
34.925	1.04052E-05	5.76619E-05	1.29082E-05	1.51162E-06	3.34013E-06	2.27569E-05
35.0916667	1.03061E-05	5.58943E-05	1.29634E-05	1.45259E-06	3.42818E-06	2.2703E-05
35.2583333	1.01858E-05	5.39753E-05	1.29906E-05	1.37479E-06	3.51738E-06	2.26442E-05
35.425	1.00424E-05	5.23398E-05	1.30085E-05	1.30569E-06	3.60419E-06	2.25969E-05
35.5916667	1.00323E-05	5.10684E-05	1.29983E-05	1.2478E-06	3.70412E-06	2.25247E-05
35.7583333	9.94774E-06	4.97959E-05	1.3009E-05	1.1956E-06	3.82206E-06	2.24514E-05
35.925	9.91539E-06	4.87335E-05	1.2964E-05	1.14656E-06	3.93589E-06	2.24402E-05
36.0916667	9.91478E-06	4.76694E-05	1.28985E-05	1.09565E-06	4.04774E-06	2.23888E-05
36.2583333	9.86944E-06	4.66277E-05	1.27915E-05	1.05354E-06	4.14727E-06	2.23195E-05
36.425	9.85083E-06	4.56364E-05	1.26634E-05	1.02083E-06	4.26403E-06	2.22688E-05
36.5916667	9.85217E-06	4.44548E-05	1.24841E-05	9.9256E-07	4.38006E-06	2.22194E-05
36.7583333	9.82419E-06	4.32212E-05	1.22737E-05	9.69122E-07	4.50645E-06	2.21825E-05
36.925	9.73917E-06	4.18586E-05	1.19869E-05	9.48471E-07	4.631E-06	2.21279E-05
37.0916667	9.59756E-06	4.01861E-05	1.16785E-05	9.32905E-07	4.76142E-06	2.20891E-05
37.2583333	9.55567E-06	3.85155E-05	1.12681E-05	9.2184E-07	4.89763E-06	2.20259E-05
37.425	9.46374E-06	3.6538E-05	1.07799E-05	9.16841E-07	5.03013E-06	2.1978E-05
37.5916667	9.47733E-06	3.43418E-05	1.02323E-05	9.18035E-07	5.18189E-06	2.19504E-05
37.7583333	9.38981E-06	3.16295E-05	9.55582E-06	9.27341E-07	5.33188E-06	2.19035E-05
37.925	9.29984E-06	2.87026E-05	8.78656E-06	9.43556E-07	5.46158E-06	2.1814E-05
38.0916667	9.17014E-06	2.53918E-05	7.8925E-06	9.7409E-07	5.54044E-06	2.1758E-05
38.2583333	8.94454E-06	2.1564E-05	6.92221E-06	1.01851E-06	5.55271E-06	2.16691E-05
38.425	8.68025E-06	1.77949E-05	5.93105E-06	1.08077E-06	5.47971E-06	2.16111E-05
38.5916667	8.31847E-06	1.40555E-05	4.93057E-06	1.15035E-06	5.3145E-06	2.15499E-05
38.7583333	8.00827E-06	1.09476E-05	3.99365E-06	1.21427E-06	5.07921E-06	2.14476E-05
38.925	7.61731E-06	8.21539E-06	3.15477E-06	1.2922E-06	4.76768E-06	2.13999E-05
39.0916667	7.12103E-06	5.45513E-06	2.41065E-06	1.38305E-06	4.3814E-06	2.13373E-05
39.2583333	6.6116E-06	3.4794E-06	1.81776E-06	1.44503E-06	3.94684E-06	2.12346E-05
39.425	6.11147E-06	2.27349E-06	1.38145E-06	1.497E-06	3.52848E-06	2.11574E-05
39.5916667	5.57496E-06	1.5567E-06	1.07482E-06	1.54679E-06	3.11002E-06	2.11037E-05
39.7583333	5.01386E-06	1.11935E-06	8.53634E-07	1.60571E-06	2.68025E-06	2.10243E-05
39.925	4.46401E-06	8.46618E-07	6.92307E-07	1.67662E-06	2.29679E-06	2.09553E-05
40.0916667	3.82584E-06	6.50299E-07	5.62646E-07	1.77433E-06	1.91037E-06	2.0885E-05
40.2583333	3.34306E-06	5.27524E-07	4.63167E-07	1.84761E-06	1.61122E-06	2.08302E-05
40.425	2.81313E-06	4.27451E-07	3.74444E-07	1.94331E-06	1.30421E-06	2.0806E-05
40.5916667	2.23601E-06	3.39103E-07	3.03828E-07	2.06449E-06	1.00001E-06	2.07701E-05
40.7583333	1.67508E-06	2.67925E-07	2.47539E-07	2.22134E-06	7.21608E-07	2.07587E-05
40.925	1.24242E-06	2.082E-07	2.0083E-07	2.31419E-06	5.10184E-07	2.07304E-05
41.0916667	9.7596E-07	1.71399E-07	1.64709E-07	2.32669E-06	3.8997E-07	2.07255E-05
41.2583333	8.13547E-07	1.46081E-07	1.32122E-07	2.29359E-06	3.23892E-07	2.07284E-05
41.425	6.55008E-07	1.17435E-07	1.04676E-07	2.2696E-06	2.659E-07	2.07106E-05
41.5916667	5.50964E-07	1.00516E-07	7.85606E-08	2.21952E-06	2.37706E-07	2.06968E-05
41.7583333	5.3635E-07	9.00121E-08	6.15183E-08	2.08562E-06	2.4307E-07	2.0691E-05
41.925	5.67846E-07	8.38935E-08	5.13889E-08	1.94893E-06	2.72432E-07	2.06659E-05
42.0916667	5.93021E-07	7.76288E-08	4.60071E-08	1.85566E-06	3.067E-07	2.06914E-05
42.2583333	5.6554E-07	7.08244E-08	3.63434E-08	1.80702E-06	3.15446E-07	2.06605E-05
42.425	5.22035E-07	6.23652E-08	3.17482E-08	1.74686E-06	3.13938E-07	2.06406E-05
42.5916667	5.14197E-07	6.26308E-08	2.62612E-08	1.65126E-06	3.22091E-07	2.06174E-05
42.7583333	5.13429E-07	6.06204E-08	2.62406E-08	1.54101E-06	3.39296E-07	2.0606E-05
42.925	4.87392E-07	5.95448E-08	2.36342E-08	1.48495E-06	3.4074E-07	2.05996E-05
43.0916667	4.54975E-07	5.626E-08	2.13007E-08	1.39396E-06	3.35642E-07	2.0562E-05
43.2583333	4.67335E-07	6.00871E-08	1.56711E-08	1.27631E-06	3.50857E-07	2.05477E-05
43.425	4.86607E-07	5.92732E-08	1.57861E-08	1.18201E-06	3.75357E-07	2.05394E-05
43.5916667	4.97152E-07	6.43707E-08	1.44653E-08	1.09234E-06	3.9825E-07	2.0527E-05
43.7583333	4.81526E-07	6.46266E-08	1.23361E-08	1.02964E-06	4.06043E-07	2.04963E-05
43.925	4.4209E-07	6.87568E-08	1.04345E-08	9.57769E-07	3.98003E-07	2.05019E-05
44.0916667	4.31276E-07	7.1301E-08	1.24846E-08	8.61257E-07	3.96984E-07	2.05102E-05
44.2583333	4.12371E-07	7.3631E-08	1.36462E-08	7.6981E-07	3.97442E-07	2.05194E-05
44.425	4.16391E-07	7.82983E-08	1.42648E-08	6.89072E-07	4.08442E-07	2.05086E-05
44.5916667	4.24436E-07	8.72017E-08	9.7213E-09	6.13962E-07	4.22657E-07	2.05499E-05
44.7583333	4.23792E-07	8.95279E-08	1.2823E-08	5.50006E-07	4.3384E-07	2.05598E-05
44.925	4.26859E-07	9.89019E-08	1.391E-08	4.96994E-07	4.51843E-07	2.0575E-05
45.0916667	4.07841E-07	1.03138E-07	1.60104E-08	4.44799E-07	4.50386E-07	2.06202E-05
45.2583333	4.17756E-07	1.07768E-07	1.38114E-08	3.93833E-07	4.59363E-07	2.06558E-05
45.425	4.33954E-07	1.14206E-07	1.48453E-08	3.54443E-07	4.79478E-07	2.06938E-05
45.5916667	4.16001E-07	1.18774E-07	1.12177E-08	3.14776E-07	4.79571E-07	2.0743E-05
45.7583333	4.02387E-07	1.26325E-07	1.23382E-08	2.81213E-07	4.75499E-07	2.07897E-05
45.925	3.53354E-07	1.35073E-07	1.00421E-08	2.51494E-07	4.61671E-07	2.08421E-05
46.0916667	3.3021E-07	1.37564E-07	1.04928E-08	2.21311E-07	4.48372E-07	2.08996E-05
46.2583333	3.07567E-07	1.45162E-07	1.13546E-08	1.94476E-07	4.43288E-07	2.09399E-05
46.425	3.24752E-07	1.53925E-07	1.26076E-08	1.72465E-07	4.5842E-07	2.09853E-05
46.5916667	3.02494E-07	1.60531E-07	1.11496E-08	1.55297E-07	4.59183E-07	2.10322E-05
46.7583333	3.28782E-07	1.7121E-07	1.36375E-08	1.39395E-07	4.79995E-07	2.10995E-05
46.925	3.25523E-07	1.80709E-07	9.95212E-09	1.26216E-07	4.94557E-07	2.11516E-05
47.0916667	3.33919E-07	1.92012E-07	1.35237E-08	1.16012E-07	5.13939E-07	2.12488E-05
47.2583333	2.99114E-07	1.9698E-07	1.10527E-08	1.04512E-07	5.08751E-07	2.13107E-05
47.425	3.00423E-07	2.07878E-07	1.11143E-08	9.34967E-08	5.17389E-07	2.13318E-05
47.5916667	2.84431E-07	2.12787E-07	1.32837E-08	8.17573E-08	5.27295E-07	2.13977E-05
47.7583333	2.92893E-07	2.25526E-07	1.12948E-08	7.32435E-08	5.45683E-07	2.14342E-05
47.925	2.66338E-07	2.30347E-07	1.13063E-08	6.43996E-08	5.46949E-07	2.14665E-05
48.0916667	2.50893E-07	2.40363E-07	1.03168E-08	5.60917E-08	5.61666E-07	2.14995E-05
48.2583333	2.3535E-07	2.52425E-07	1.32773E-08	4.92248E-08	5.73258E-07	2.15767E-05
48.425	2.04598E-07	2.55983E-07	1.31355E-08	4.33525E-08	5.61342E-07	2.16215E-05
48.5916667	1.86578E-07	2.58329E-07	1.17527E-08	3.6566E-08	5.58077E-07	2.16043E-05
48.7583333	1.3466E-07	2.61151E-07	1.06693E-08	3.02875E-08	5.43208E-07	2.16502E-05
48.925	1.59695E-07	2.91589E-07	1.05081E-08	2.57537E-08	6.11959E-07	2.16955E-05
49.0916667	1.68324E-07	3.1044E-07	1.30176E-08	2.40453E-08	6.34491E-07	2.18681E-05
49.2583333	1.62637E-07	3.24232E-07	1.12268E-08	2.14432E-08	6.485E-07	2.1996E-05
49.425	1.6312E-07	3.39982E-07	1.22448E-08	1.88065E-08	6.76667E-07	2.20862E-05
49.5916667	1.85103E-07	3.67335E-07	1.45042E-08	1.78587E-08	7.18289E-07	2.21469E-05
49.7583333	1.73011E-07	3.79232E-07	9.01965E-09	1.56946E-08	7.24641E-07	2.23071E-05
49.925	1.54235E-07	3.74685E-07	9.08154E-09	1.38806E-08	7.14835E-07	2.23613E-05
50.0916667	1.20574E-07	3.70567E-07	1.24582E-08	1.11723E-08	7.09146E-07	2.22935E-05
50.2583333	7.4141E-08	3.50007E-07	1.12834E-08	8.45743E-09	6.61984E-07	2.23093E-05
50.425	4.82136E-08	3.20334E-07	1.24865E-08	5.69801E-09	6.16711E-07	2.22215E-05
50.5916667	3.87924E-08	3.06868E-07	1.09073E-08	4.3564E-09	6.26687E-07	2.19911E-05
50.7583333	4.00679E-08	3.24529E-07	1.12153E-08	3.82509E-09	6.7988E-07	2.18043E-05
50.925	4.50426E-08	3.57364E-07	1.3713E-08	3.38178E-09	7.45113E-07	2.18605E-05
51.0916667	5.32673E-08	3.97287E-07	1.09168E-08	3.38723E-09	7.87712E-07	2.21356E-05
51.2583333	4.25592E-08	3.93214E-07	1.34675E-08	2.8583E-09	7.66953E-07	2.22795E-05
51.425	3.57144E-08	3.96727E-07	1.09581E-08	1.75698E-09	7.90713E-07	2.2101E-05
51.5916667	3.16602E-08	4.09062E-07	1.17246E-08	1.60716E-09	8.15212E-07	2.22167E-05
51.7583333	2.99804E-08	4.2378E-07	9.85629E-09	1.19518E-09	8.35875E-07	2.24406E-05
51.925	2.75145E-08	4.36219E-07	1.23641E-08	8.61581E-10	8.39705E-07	2.25564E-05
52.0916667	2.32426E-08	4.3028E-07	1.12079E-08	7.89936E-10	8.68088E-07	2.26705E-05
52.2583333	2.32436E-08	4.45502E-07	1.17189E-08	8.79017E-10	8.75239E-07	2.25341E-05
52.425	1.49501E-08	4.18074E-07	1.2649E-08	1.00096E-09	8.15925E-07	2.23669E-05
52.5916667	1.50771E-08	3.98364E-07	1.13866E-08	5.06647E-10	8.63621E-07	2.19671E-05
52.7583333	1.31786E-08	4.10765E-07	1.44419E-08	5.20532E-10	8.77798E-07	2.19269E-05
52.925	1.15113E-08	4.14633E-07	1.04009E-08	5.41305E-10	8.51299E-07	2.22016E-05
53.0916667	9.25529E-09	3.864E-07	1.01306E-08	5.50433E-10	7.44244E-07	2.2234E-05
53.2583333	1.00357E-08	3.6588E-07	1.31795E-08	3.19033E-10	9.02009E-07	2.19074E-05
53.425	1.02098E-08	4.16279E-07	1.40868E-08	4.56373E-10	9.74636E-07	2.17826E-05
53.5916667	1.02823E-08	4.46346E-07	1.39804E-08	4.85431E-10	1.00598E-06	2.20047E-05
53.7583333	1.04376E-08	4.72949E-07	1.30447E-08	5.58115E-10	1.05598E-06	2.21432E-05
53.925	1.0446E-08	5.01877E-07	1.36781E-08	3.9068E-10	1.02467E-06	2.21916E-05
54.0916667	8.98715E-09	4.75232E-07	1.29682E-08	5.31121E-10	9.32235E-07	2.21844E-05
54.2583333	8.29683E-09	4.31031E-07	1.00834E-08	2.9141E-10	8.79667E-07	2.1795E-05
54.425	8.47267E-09	4.10059E-07	1.38067E-08	3.31407E-10	9.32236E-07	2.1532E-05
54.5916667	8.23632E-09	4.12024E-07	1.0892E-08	5.60361E-10	9.47292E-07	2.13333E-05
54.7583333	7.89295E-09	4.13021E-07	1.37293E-08	3.94543E-10	9.201E-07	2.13845E-05
54.925	7.08115E-09	3.96796E-07	1.21084E-08	1.93762E-10	8.69357E-07	2.14274E-05
55.0916667	6.97226E-09	3.77179E-07	1.30238E-08	5.10423E-10	9.0287E-07	2.13039E-05
55.2583333	6.15387E-09	3.8459E-07	1.33688E-08	5.17191E-10	9.91235E-07	2.12007E-05
55.425	6.48477E-09	4.06112E-07	1.47169E-08	2.44298E-10	9.97869E-07	2.12287E-05
55.5916667	6.49371E-09	4.16423E-07	1.32254E-08	6.96704E-10	8.98083E-07	2.13425E-05
55.7583333	6.46332E-09	3.90325E-07	1.1038E-08	3.16605E-10	8.85594E-07	2.12044E-05
55.925	6.23964E-09	3.77201E-07	1.19015E-08	2.35175E-10	9.41996E-07	2.08881E-05
56.0916667	6.95112E-09	3.82742E-07	1.11443E-08	2.76937E-10	9.67578E-07	2.07641E-05
56.2583333	7.13268E-09	3.85838E-07	1.01154E-08	1.0696E-10	9.39828E-07	2.07842E-05
56.425	6.64641E-09	3.88059E-07	1.42053E-08	3.52527E-10	1.00978E-06	2.08478E-05
56.5916667	7.23712E-09	4.10693E-07	1.194E-08	2.71946E-10	1.11635E-06	2.09245E-05
56.7583333	6.7027E-09	4.44893E-07	1.32315E-08	9.72408E-11	1.06234E-06	2.10877E-05
56.925	7.55329E-09	4.36084E-07	1.16159E-08	1.71598E-10	9.25454E-07	2.12357E-05
57.0916667	7.46449E-09	4.00464E-07	1.00925E-08	3.13896E-10	7.79693E-07	2.11601E-05
57.2583333	6.74148E-09	3.53058E-07	1.15505E-08	1.60444E-10	8.38702E-07	2.09449E-05
57.425	7.01593E-09	3.47148E-07	1.14325E-08	3.14117E-10	9.90989E-07	2.06806E-05
57.5916667	7.62297E-09	3.78868E-07	1.12814E-08	5.30624E-10	1.00231E-06	2.06682E-05
57.7583333	6.43067E-09	4.12273E-07	1.09812E-08	2.67323E-10	1.1153E-06	2.08543E-05
57.925	5.61714E-09	4.29099E-07	1.19143E-08	2.73596E-10	1.0954E-06	2.10658E-05
58.0916667	6.53635E-09	4.34952E-07	1.18458E-08	2.3362E-10	1.03307E-06	2.10848E-05
58.2583333	6.11994E-09	4.32189E-07	1.09534E-08	4.33312E-10	1.03665E-06	2.09528E-05
58.425	6.04152E-09	4.26174E-07	1.03433E-08	4.04198E-10	1.12522E-06	2.09153E-05
58.5916667	5.71863E-09	4.48769E-07	1.52527E-08	4.19839E-10	1.30798E-06	2.07864E-05
58.7583333	5.84387E-09	5.10081E-07	1.13442E-08	2.13373E-10	1.22567E-06	2.08449E-05
58.925	6.06763E-09	5.2274E-07	1.12332E-08	4.15322E-10	1.19517E-06	2.10029E-05
59.0916667	6.46005E-09	5.03217E-07	1.35999E-08	2.20184E-10	1.23045E-06	2.0808E-05
59.2583333	6.38424E-09	5.01552E-07	1.2929E-08	5.69725E-10	1.21581E-06	2.06822E-05
59.425	6.31335E-09	5.06335E-07	1.09521E-08	5.57528E-10	1.09329E-06	2.08219E-05
59.5916667	6.02517E-09	4.85482E-07	1.24946E-08	4.88984E-10	9.78208E-07	2.08987E-05
59.7583333	6.70833E-09	4.50946E-07	1.09803E-08	2.52081E-10	8.62707E-07	2.09087E-05
59.925	6.21775E-09	4.06825E-07	1.35671E-08	3.31347E-10	9.19111E-07	2.07473E-05
60.0916667	6.43804E-09	3.96494E-07	1.06475E-08	1.91405E-10	1.0082E-06	2.04504E-05
60.2583333	6.09471E-09	4.23929E-07	1.13134E-08	2.24502E-10	8.83646E-07	2.03512E-05
60.425	6.44356E-09	4.16275E-07	1.06442E-08	3.37575E-10	7.2287E-07	2.04065E-05
60.5916667	5.82083E-09	3.84979E-07	8.43128E-09	1.79136E-10	6.32083E-07	2.03634E-05
60.7583333	6.51285E-09	3.46594E-07	1.05933E-08	1.92845E-10	6.88537E-07	2.01961E-05
60.925	6.22854E-09	3.42073E-07	1.37233E-08	3.51529E-10	7.32467E-07	1.99749E-05
61.0916667	6.41332E-09	3.52421E-07	1.2019E-08	5.26306E-10	7.00777E-07	1.98945E-05
61.2583333	5.47903E-09	3.56493E-07	9.66188E-09	3.79936E-10	7.19567E-07	1.98818E-05
61.425	5.92792E-09	3.73466E-07	1.24243E-08	2.56711E-10	9.34843E-07	1.97845E-05
61.5916667	6.03603E-09	4.17932E-07	9.68467E-09	2.33753E-10	9.58297E-07	1.98783E-05
61.7583333	5.75347E-09	4.42221E-07	1.07832E-08	2.13399E-10	8.02229E-07	2.00718E-05
61.925	5.75829E-09	4.33504E-07	1.24455E-08	3.28456E-10	9.16851E-07	2.00153E-05
62.0916667	5.55385E-09	4.43157E-07	9.09638E-09	3.44504E-10	9.75415E-07	1.98624E-05
62.2583333	5.83425E-09	4.63996E-07	9.75295E-09	1.65294E-10	8.60221E-07	1.9869E-05
62.425	5.87455E-09	4.57326E-07	1.04058E-08	2.72474E-10	7.96649E-07	1.99616E-05
62.5916667	5.29108E-09	4.43263E-07	1.33598E-08	5.14176E-10	7.35266E-07	1.99808E-05
62.7583333	5.53609E-09	4.26026E-07	1.20428E-08	1.39454E-10	7.36399E-07	1.99466E-05
62.925	5.22664E-09	4.27532E-07	1.14911E-08	1.19904E-10	8.29509E-07	1.97988E-05
63.0916667	5.50399E-09	4.55698E-07	1.00362E-08	3.78667E-10	9.8231E-07	1.96887E-05
63.2583333	5.0283E-09	5.14528E-07	1.03634E-08	2.35033E-10	1.02037E-06	1.96732E-05
63.425	4.66433E-09	5.55847E-07	1.20061E-08	2.33973E-10	9.89222E-07	1.9734E-05
63.5916667	6.21089E-09	5.43187E-07	1.10317E-08	4.05076E-10	8.96792E-07	1.97745E-05
63.7583333	5.77728E-09	5.1386E-07	1.13558E-08	4.06603E-10	7.81552E-07	1.97202E-05
63.925	5.6145E-09	4.96865E-07	1.12128E-08	2.19577E-10	7.11375E-07	1.96634E-05
64.0916667	6.28423E-09	4.73841E-07	9.89901E-09	2.62841E-10	6.4652E-07	1.96742E-05
64.2583333	6.05359E-09	4.59215E-07	9.78942E-09	1.84983E-10	7.00051E-07	1.96099E-05
64.425	5.04578E-09	4.70837E-07	7.45632E-09	5.7086E-10	6.50937E-07	1.95104E-05
64.5916667	6.07362E-09	4.78658E-07	9.84665E-09	2.26884E-10	7.08156E-07	1.95602E-05
64.7583333	5.74645E-09	4.87764E-07	9.70212E-09	2.32278E-10	6.49694E-07	1.9564E-05
64.925	5.47739E-09	4.93672E-07	1.05084E-08	3.50356E-10	7.0601E-07	1.95283E-05
65.0916667	5.41017E-09	5.16196E-07	1.04604E-08	2.62326E-10	7.33512E-07	1.94285E-05
65.2583333	5.9363E-09	5.25455E-07	1.04133E-08	7.38287E-11	6.59905E-07	1.94081E-05
65.425	5.68148E-09	5.1191E-07	9.70867E-09	4.6654E-10	7.08758E-07	1.94008E-05
65.5916667	6.57856E-09	5.37611E-07	1.12156E-08	5.19092E-10	7.2739E-07	1.93305E-05
65.7583333	5.55426E-09	5.53919E-07	1.13534E-08	2.90962E-10	6.44403E-07	1.93388E-05
65.925	5.14985E-09	5.40533E-07	8.37046E-09	1.71878E-10	5.29477E-07	1.93825E-05
66.0916667	6.02547E-09	5.13373E-07	1.13163E-08	1.28622E-10	5.68805E-07	1.94093E-05
66.2583333	5.70809E-09	5.25331E-07	8.46629E-09	1.43195E-10	5.99123E-07	1.93698E-05
66.425	4.89976E-09	5.46197E-07	9.53455E-09	2.10243E-10	5.0227E-07	1.95041E-05
66.5916667	5.36366E-09	5.18119E-07	7.56644E-09	0	4.45949E-07	1.95194E-05
66.7583333	5.35131E-09	5.07524E-07	1.07985E-08	2.50348E-10	5.5869E-07	1.93406E-05
66.925	4.7631E-09	5.60133E-07	9.95191E-09	2.57527E-10	6.7737E-07	1.91849E-05
67.0916667	4.88637E-09	6.26635E-07	1.11304E-08	3.18293E-10	7.23269E-07	1.92119E-05
67.2583333	5.61169E-09	6.50678E-07	1.0178E-08	1.35108E-10	6.19449E-07	1.93635E-05
67.425	6.04093E-09	6.23447E-07	7.45415E-09	3.73297E-10	5.05947E-07	1.94275E-05
67.5916667	5.57195E-09	5.8886E-07	8.38332E-09	3.71959E-10	4.9943E-07	1.92991E-05
67.7583333	5.58532E-09	5.89085E-07	9.77656E-09	3.58833E-10	5.11486E-07	1.92608E-05
67.925	5.44435E-09	6.02823E-07	1.06698E-08	4.13238E-10	5.13453E-07	1.93279E-05
68.0916667	4.76608E-09	6.1694E-07	9.6374E-09	2.70359E-10	4.74183E-07	1.93234E-05
68.2583333	5.29776E-09	6.08939E-07	9.31537E-09	1.08724E-10	4.43845E-07	1.92742E-05
68.425	5.02331E-09	6.10574E-07	7.75535E-09	9.94597E-11	5.06742E-07	1.92251E-05
68.5916667	4.78999E-09	6.50711E-07	1.01953E-08	1.50418E-10	5.0456E-07	1.91942E-05
68.7583333	4.70744E-09	6.58998E-07	9.02045E-09	2.552E-10	4.44757E-07	1.93175E-05
68.925	5.29888E-09	6.54148E-07	8.82135E-09	3.27829E-10	4.86967E-07	1.93135E-05
69.0916667	5.42092E-09	6.71557E-07	1.00418E-08	1.75824E-10	4.84873E-07	1.91707E-05
69.2583333	4.65716E-09	6.67731E-07	9.2292E-09	1.85084E-10	3.44854E-07	1.90489E-05
69.425	4.61923E-09	6.09145E-07	8.79187E-09	3.72979E-10	2.93097E-07	1.89374E-05
69.5916667	4.34375E-09	5.78321E-07	8.91115E-09	8.06583E-11	3.14217E-07	1.8777E-05
69.7583333	4.73116E-09	5.95454E-07	8.68214E-09	1.1789E-10	2.94401E-07	1.87858E-05
69.925	4.1582E-09	6.01994E-07	6.63669E-09	3.29898E-10	3.22684E-07	1.87402E-05
70.0916667	4.83007E-09	6.20264E-07	9.83297E-09	3.18437E-10	3.31299E-07	1.86627E-05
70.2583333	4.02013E-09	6.47411E-07	6.9598E-09	1.86752E-10	3.97605E-07	1.86231E-05
70.425	5.53603E-09	7.09407E-07	1.10983E-08	3.37308E-10	3.9405E-07	1.87321E-05
70.5916667	5.31273E-09	7.06646E-07	7.92182E-09	3.83064E-11	3.32218E-07	1.8807E-05
70.7583333	5.47427E-09	6.93017E-07	8.44582E-09	1.57626E-10	2.86147E-07	1.88997E-05
70.925	4.54805E-09	6.57543E-07	7.18287E-09	2.90059E-10	1.88373E-07	1.89891E-05
71.0916667	5.61244E-09	5.9168E-07	8.55064E-09	1.61398E-10	2.02779E-07	1.88326E-05
71.2583333	5.28519E-09	6.11331E-07	6.10355E-09	1.43311E-10	2.67464E-07	1.86351E-05
71.425	5.40113E-09	6.95027E-07	9.65746E-09	2.53955E-10	3.20934E-07	1.86627E-05
71.5916667	5.02643E-09	7.5436E-07	1.04447E-08	4.44418E-10	3.34669E-07	1.88942E-05
71.7583333	4.98946E-09	7.68112E-07	8.56812E-09	3.52017E-10	3.02546E-07	1.90822E-05
71.925	5.16637E-09	7.60399E-07	9.68916E-09	2.35977E-10	2.80539E-07	1.90602E-05
72.0916667	4.85213E-09	7.50024E-07	8.02313E-09	1.77368E-10	2.13702E-07	1.90449E-05
72.2583333	4.22357E-09	6.89969E-07	8.58162E-09	2.27708E-10	1.84308E-07	1.9009E-05
72.425	5.67921E-09	6.51944E-07	7.95984E-09	1.95042E-10	1.59594E-07	1.88663E-05
72.5916667	4.71702E-09	6.46191E-07	8.8031E-09	1.31047E-10	1.54181E-07	1.87397E-05
72.7583333	4.45227E-09	6.52673E-07	7.87873E-09	1.11642E-10	1.64546E-07	1.86072E-05
72.925	3.57532E-09	6.73311E-07	7.19877E-09	1.90671E-10	1.53968E-07	1.85266E-05
73.0916667	4.77884E-09	6.57018E-07	7.90729E-09	2.42456E-10	1.45178E-07	1.84679E-05
73.2583333	3.81846E-09	6.53928E-07	1.08374E-08	2.95243E-10	1.42217E-07	1.84528E-05
73.425	4.14611E-09	6.63754E-07	1.01636E-08	1.95772E-10	1.75993E-07	1.85074E-05
73.5916667	4.40526E-09	7.36069E-07	9.55474E-09	4.05435E-10	2.35794E-07	1.85463E-05
73.7583333	5.50443E-09	8.21046E-07	9.09141E-09	2.66247E-10	2.32356E-07	1.85616E-05
73.925	4.96186E-09	8.19425E-07	8.41228E-09	4.41846E-10	2.09227E-07	1.86798E-05
74.0916667	4.96042E-09	8.04072E-07	8.64554E-09	2.83846E-10	2.12483E-07	1.8625E-05
74.2583333	4.4011E-09	8.26054E-07	7.77138E-09	1.07534E-10	2.07417E-07	1.85419E-05
74.425	4.98752E-09	8.26873E-07	9.29467E-09	2.02645E-10	1.7495E-07	1.85099E-05
74.5916667	5.12653E-09	8.06572E-07	7.9374E-09	1.74448E-10	1.64606E-07	1.85159E-05
74.7583333	4.87053E-09	8.20439E-07	7.56152E-09	9.83255E-11	1.79614E-07	1.84553E-05
74.925	4.29369E-09	8.39622E-07	8.21071E-09	2.1399E-10	1.41227E-07	1.84621E-05
75.0916667	4.45166E-09	7.75429E-07	7.33795E-09	8.63252E-11	1.06741E-07	1.84858E-05
75.2583333	5.2157E-09	7.08973E-07	8.63373E-09	1.51352E-10	8.24282E-08	1.83123E-05
75.425	4.97016E-09	6.63533E-07	6.80927E-09	1.91829E-10	7.6241E-08	1.80845E-05
75.5916667	5.08902E-09	6.66489E-07	7.17831E-09	1.57134E-10	7.21073E-08	1.80476E-05
75.7583333	4.57908E-09	6.8349E-07	7.82597E-09	3.03353E-10	8.66136E-08	1.81128E-05
75.925	4.48487E-09	7.34235E-07	7.45341E-09	3.88121E-10	9.96023E-08	1.81466E-05
76.0916667	4.22669E-09	7.75122E-07	8.38549E-09	1.21442E-10	8.83213E-08	1.82947E-05
76.2583333	4.50349E-09	7.58238E-07	7.66891E-09	2.03714E-10	7.07147E-08	1.83855E-05
76.425	4.42559E-09	7.18185E-07	7.38057E-09	3.89013E-10	6.2582E-08	1.82963E-05
76.5916667	4.62344E-09	6.95541E-07	7.96559E-09	1.64232E-10	6.62361E-08	1.81493E-05
76.7583333	4.36881E-09	7.12621E-07	8.09865E-09	3.86146E-11	7.00971E-08	1.80581E-05
76.925	3.72458E-09	7.49559E-07	7.18745E-09	8.14507E-11	8.16067E-08	1.8085E-05
77.0916667	4.71137E-09	8.35272E-07	7.86994E-09	2.26548E-10	1.13738E-07	1.81466E-05
77.2583333	4.2995E-09	9.17863E-07	8.22532E-09	7.01513E-11	1.11057E-07	1.81334E-05
77.425	4.5449E-09	9.17166E-07	8.87855E-09	8.43407E-11	8.99173E-08	1.83018E-05
77.5916667	4.37383E-09	8.48161E-07	9.16825E-09	2.42352E-10	8.5205E-08	1.8299E-05
77.7583333	4.82093E-09	8.5984E-07	7.2251E-09	3.09503E-10	8.29207E-08	1.81448E-05
77.925	5.08787E-09	8.82021E-07	8.79623E-09	2.41334E-10	7.5098E-08	1.82668E-05
78.0916667	4.33887E-09	8.58057E-07	9.55441E-09	2.61667E-10	7.1478E-08	1.83713E-05
78.2583333	4.87941E-09	8.56445E-07	5.59999E-09	9.78165E-11	7.87852E-08	1.81981E-05
78.425	5.1049E-09	9.09752E-07	7.14398E-09	2.0726E-10	7.95558E-08	1.80663E-05
78.5916667	4.73121E-09	9.27751E-07	8.34467E-09	9.4005E-11	8.02645E-08	1.82268E-05
78.7583333	4.82449E-09	9.46828E-07	5.91707E-09	2.03941E-10	8.07561E-08	1.82941E-05
78.925	4.70499E-09	9.56979E-07	7.874E-09	3.27547E-10	8.49365E-08	1.81974E-05
79.0916667	4.78693E-09	1.00057E-06	7.51002E-09	1.76476E-10	8.89196E-08	1.81931E-05
79.2583333	4.28581E-09	1.0065E-06	6.64685E-09	2.12993E-10	7.51924E-08	1.82699E-05
79.425	3.82649E-09	9.52453E-07	8.02467E-09	5.94193E-11	5.81289E-08	1.81685E-05
79.5916667	4.77069E-09	8.86625E-07	7.33006E-09	4.70108E-10	4.10929E-08	1.81315E-05
79.7583333	4.43082E-09	8.01047E-07	7.67722E-09	2.26123E-10	3.58982E-08	1.80598E-05
79.925	3.6159E-09	7.79488E-07	6.35188E-09	7.57706E-11	4.29025E-08	1.78753E-05
80.0916667	4.22648E-09	8.70893E-07	7.46468E-09	3.55145E-10	5.38644E-08	1.78801E-05
80.2583333	4.47139E-09	9.48052E-07	7.85534E-09	4.79984E-10	4.61371E-08	1.80987E-05
80.425	4.12989E-09	8.87001E-07	6.99043E-09	1.89135E-10	3.45006E-08	1.81569E-05
80.5916667	3.2782E-09	8.08191E-07	6.27285E-09	1.2973E-10	2.98231E-08	1.80147E-05
80.7583333	4.4546E-09	7.7042E-07	7.94787E-09	3.26321E-10	2.83403E-08	1.78888E-05
80.925	4.32377E-09	7.87241E-07	6.52818E-09	1.78138E-10	2.93089E-08	1.77711E-05
81.0916667	4.44698E-09	8.16505E-07	6.98893E-09	1.32146E-10	3.4154E-08	1.77469E-05
81.2583333	3.85156E-09	8.87183E-07	8.97897E-09	1.73162E-10	3.75575E-08	1.77703E-05
81.425	3.78197E-09	8.92414E-07	6.57046E-09	1.46222E-10	3.19116E-08	1.7688E-05
81.5916667	5.03711E-09	8.22138E-07	7.78676E-09	1.19515E-10	2.05706E-08	1.76355E-05
81.7583333	5.03845E-09	7.19855E-07	8.81631E-09	4.28363E-10	1.7937E-08	1.7467E-05
81.925	5.1146E-09	7.06227E-07	8.23843E-09	3.50997E-10	2.20209E-08	1.73128E-05
82.0916667	4.51452E-09	7.63197E-07	8.503E-09	4.73063E-10	2.35359E-08	1.73791E-05
82.2583333	4.95929E-09	7.98372E-07	7.51144E-09	1.88317E-10	2.8044E-08	1.74593E-05
82.425	5.42885E-09	8.62673E-07	8.03297E-09	1.47808E-10	3.12431E-08	1.73462E-05
82.5916667	4.97448E-09	8.87843E-07	7.46817E-09	2.65614E-10	2.62491E-08	1.73354E-05
82.7583333	4.21179E-09	8.54571E-07	8.91268E-09	2.1312E-10	2.15511E-08	1.74078E-05
82.925	4.40371E-09	8.37102E-07	8.03022E-09	3.40392E-10	1.99142E-08	1.74364E-05
83.0916667	4.5832E-09	8.43742E-07	8.03976E-09	8.14818E-11	2.72303E-08	1.74861E-05
83.2583333	4.4251E-09	9.9807E-07	6.90309E-09	1.86406E-10	3.47897E-08	1.76001E-05
83.425	4.71477E-09	1.09548E-06	7.18515E-09	1.48683E-10	3.58262E-08	1.78609E-05
83.5916667	5.28824E-09	1.05638E-06	6.94291E-09	7.42396E-11	2.74356E-08	1.7769E-05
83.7583333	4.17122E-09	9.73655E-07	6.32578E-09	2.68046E-10	2.28519E-08	1.7626E-05
83.925	3.94667E-09	9.08028E-07	6.87982E-09	1.05193E-10	1.96251E-08	1.73625E-05
84.0916667	4.2543E-09	8.82724E-07	7.77442E-09	3.16201E-10	2.1302E-08	1.71583E-05
84.2583333	4.68373E-09	9.03862E-07	7.72875E-09	2.13976E-10	2.36212E-08	1.70586E-05
84.425	4.49533E-09	9.12527E-07	9.33831E-09	2.44116E-10	2.34092E-08	1.69474E-05
84.5916667	4.22483E-09	8.70319E-07	8.05289E-09	1.65836E-10	1.57913E-08	1.68505E-05
84.7583333	4.27674E-09	8.33615E-07	6.26702E-09	1.42496E-10	1.75536E-08	1.683E-05
84.925	4.70946E-09	9.64139E-07	7.13152E-09	1.87386E-10	2.17849E-08	1.69618E-05
85.0916667	4.18284E-09	1.0404E-06	7.80193E-09	3.58982E-10	2.00658E-08	1.73434E-05
85.2583333	3.79527E-09	1.01662E-06	6.13119E-09	1.54482E-10	2.00705E-08	1.74778E-05
85.425	4.31258E-09	1.04796E-06	6.65234E-09	1.85378E-10	2.29194E-08	1.74375E-05
85.5916667	4.63965E-09	1.11321E-06	6.34008E-09	7.83137E-11	2.39994E-08	1.74673E-05
85.7583333	4.00507E-09	1.13441E-06	7.0984E-09	2.26349E-10	2.63264E-08	1.75208E-05
85.925	4.08277E-09	1.20277E-06	8.31753E-09	1.70207E-10	2.45955E-08	1.75632E-05
86.0916667	3.92365E-09	1.18327E-06	6.40948E-09	7.51682E-11	2.20173E-08	1.76387E-05
86.2583333	4.14616E-09	1.1267E-06	9.4421E-09	2.73254E-10	1.89349E-08	1.74997E-05
86.425	3.87481E-09	1.07364E-06	7.65653E-09	2.04908E-10	1.68393E-08	1.73703E-05
86.5916667	3.83699E-09	1.07744E-06	7.26779E-09	1.17641E-10	1.74127E-08	1.72824E-05
86.7583333	4.11732E-09	1.10566E-06	5.38493E-09	3.03785E-10	1.67952E-08	1.73304E-05
86.925	3.77707E-09	1.07613E-06	8.88681E-09	1.17071E-10	1.16906E-08	1.74012E-05
87.0916667	4.28221E-09	9.64765E-07	6.81203E-09	1.6049E-10	9.31875E-09	1.73793E-05
87.2583333	4.12391E-09	8.86527E-07	6.98539E-09	7.58278E-11	8.48879E-09	1.70394E-05
87.425	4.12367E-09	8.29643E-07	6.50426E-09	4.93232E-11	7.51492E-09	1.67813E-05
87.5916667	3.98217E-09	8.31978E-07	6.73558E-09	1.18363E-10	9.49423E-09	1.66777E-05
87.7583333	3.11639E-09	9.4981E-07	7.07511E-09	2.42634E-10	1.30198E-08	1.6614E-05
87.925	3.82139E-09	1.09309E-06	6.66048E-09	2.13103E-10	1.52623E-08	1.6816E-05
88.0916667	4.38967E-09	1.13795E-06	7.96879E-09	2.95503E-10	1.36088E-08	1.70668E-05
88.2583333	4.0533E-09	1.12983E-06	5.52405E-09	3.68652E-10	1.26333E-08	1.70973E-05
88.425	3.68822E-09	1.08963E-06	7.07691E-09	2.23738E-10	1.02947E-08	1.71214E-05
88.5916667	4.10192E-09	1.02696E-06	7.32055E-09	1.62114E-10	9.23008E-09	1.70714E-05
88.7583333	4.54957E-09	9.81412E-07	7.85156E-09	1.61369E-10	8.16354E-09	1.6837E-05
88.925	4.74792E-09	9.18694E-07	6.53033E-09	1.47153E-10	6.80034E-09	1.66545E-05
89.0916667	3.4407E-09	9.34077E-07	6.59625E-09	3.10356E-10	7.6408E-09	1.65316E-05
89.2583333	4.37015E-09	1.0092E-06	8.18418E-09	2.46566E-11	8.19491E-09	1.67279E-05
89.425	4.30452E-09	9.9932E-07	6.31215E-09	3.23242E-10	8.66879E-09	1.70433E-05
89.5916667	4.20827E-09	1.01354E-06	7.64882E-09	2.08597E-10	8.54706E-09	1.70155E-05
89.7583333	3.92E-09	1.07152E-06	7.0985E-09	2.05948E-10	8.37872E-09	1.7038E-05
89.925	4.29578E-09	1.02339E-06	7.2314E-09	2.69379E-10	7.44656E-09	1.72373E-05
90.0916667	3.81317E-09	9.80336E-07	6.76927E-09	2.61293E-10	6.38565E-09	1.71611E-05
90.2583333	4.12512E-09	9.97445E-07	8.08688E-09	3.23562E-10	6.02403E-09	1.70386E-05
90.425	3.49766E-09	9.82356E-07	7.18546E-09	4.81824E-10	6.31933E-09	1.68468E-05
90.5916667	4.72337E-09	1.04651E-06	6.88861E-09	2.20268E-10	6.49817E-09	1.67258E-05
90.7583333	4.15932E-09	1.04291E-06	8.13564E-09	8.98902E-11	5.90428E-09	1.69016E-05
90.925	3.83562E-09	9.82055E-07	6.31769E-09	2.41039E-10	5.84695E-09	1.69681E-05
91.0916667	3.96414E-09	9.99573E-07	6.53776E-09	1.0541E-10	6.06126E-09	1.68791E-05
91.2583333	3.97869E-09	1.02013E-06	7.29691E-09	7.55655E-11	6.08423E-09	1.68311E-05
91.425	3.5586E-09	1.08903E-06	7.42287E-09	8.62065E-11	7.44945E-09	1.67717E-05
91.5916667	4.66298E-09	1.13224E-06	6.48729E-09	9.00975E-11	6.76366E-09	1.67133E-05
91.7583333	4.09964E-09	1.10807E-06	6.57723E-09	2.55394E-11	7.37579E-09	1.66719E-05
91.925	4.08086E-09	1.16232E-06	6.89722E-09	1.26454E-10	7.18292E-09	1.66956E-05
92.0916667	4.39249E-09	1.12231E-06	5.83667E-09	2.43004E-10	6.36985E-09	1.6707E-05
92.2583333	3.34862E-09	1.05537E-06	6.63907E-09	1.99642E-10	5.72257E-09	1.66584E-05
92.425	3.86919E-09	1.04039E-06	7.41041E-09	3.29375E-10	6.66014E-09	1.65871E-05
92.5916667	4.19295E-09	1.08339E-06	7.39909E-09	2.58598E-10	6.36637E-09	1.67343E-05
92.7583333	3.64285E-09	1.08584E-06	7.11372E-09	1.08789E-10	6.23028E-09	1.68524E-05
92.925	4.36295E-09	1.0118E-06	5.88426E-09	3.36164E-10	4.53708E-09	1.67975E-05
93.0916667	4.18493E-09	9.26473E-07	7.30174E-09	4.55883E-11	4.84862E-09	1.66007E-05
93.2583333	3.64841E-09	9.16854E-07	6.90946E-09	1.72239E-10	4.63841E-09	1.64022E-05
93.425	4.11812E-09	9.52501E-07	6.46289E-09	1.90597E-10	4.22238E-09	1.64139E-05
93.5916667	4.28006E-09	9.87016E-07	6.42934E-09	1.47121E-10	5.02624E-09	1.65492E-05
93.7583333	4.32487E-09	1.02183E-06	7.35439E-09	6.32275E-11	4.60512E-09	1.66105E-05
93.925	4.41354E-09	9.66964E-07	7.66515E-09	1.86234E-10	3.15095E-09	1.65217E-05
94.0916667	3.99059E-09	8.72869E-07	7.57941E-09	2.87428E-10	3.22868E-09	1.63502E-05
94.2583333	3.03856E-09	7.97187E-07	7.34862E-09	2.00727E-10	3.04458E-09	1.6221E-05
94.425	3.93193E-09	8.45566E-07	8.37689E-09	1.17779E-10	3.52352E-09	1.62014E-05
94.5916667	4.15365E-09	9.41653E-07	7.17776E-09	1.23847E-10	4.28957E-09	1.64104E-05
94.7583333	3.83286E-09	1.06446E-06	8.45859E-09	1.68279E-10	7.75719E-09	1.65941E-05
94.925	3.95209E-09	1.3739E-06	5.74593E-09	1.96565E-10	1.13392E-08	1.68188E-05
95.0916667	4.25069E-09	1.40246E-06	5.04607E-09	1.4801E-10	1.03183E-08	1.7081E-05
95.2583333	4.19749E-09	1.38054E-06	7.10756E-09	2.03608E-10	1.03632E-08	1.70144E-05
95.425	3.79004E-09	1.38841E-06	5.58295E-09	1.19626E-10	8.32531E-09	1.71103E-05
95.5916667	4.07279E-09	1.27519E-06	6.84548E-09	7.77416E-11	5.08641E-09	1.71313E-05
95.7583333	4.15254E-09	1.0579E-06	5.20812E-09	1.17954E-10	2.67396E-09	1.69956E-05
95.925	4.02166E-09	8.31036E-07	7.84249E-09	2.37321E-10	1.80433E-09	1.66287E-05
96.0916667	3.79289E-09	6.94714E-07	6.91268E-09	2.80605E-10	1.68932E-09	1.6267E-05
96.2583333	3.80623E-09	6.44071E-07	6.66892E-09	1.9221E-10	1.96752E-09	1.60659E-05
96.425	4.30221E-09	6.90912E-07	6.25595E-09	2.69372E-10	2.90428E-09	1.60177E-05
96.5916667	4.20862E-09	8.12218E-07	7.34094E-09	3.8627E-10	3.53263E-09	1.59747E-05
96.7583333	4.37556E-09	8.77178E-07	7.27721E-09	3.95525E-10	2.91645E-09	1.59583E-05
96.925	4.00549E-09	8.46488E-07	4.29627E-09	1.41785E-10	3.56343E-09	1.5987E-05
97.0916667	3.71729E-09	8.75969E-07	6.81768E-09	1.68394E-10	3.62493E-09	1.61665E-05
97.2583333	3.65881E-09	9.33055E-07	7.38386E-09	2.97573E-10	3.65857E-09	1.64081E-05
97.425	3.6903E-09	8.87639E-07	5.68513E-09	1.31846E-10	2.99518E-09	1.65388E-05
97.5916667	3.68512E-09	8.36061E-07	6.86368E-09	3.04132E-10	3.18522E-09	1.64457E-05
97.7583333	3.2275E-09	8.92425E-07	7.03462E-09	7.02152E-11	5.39644E-09	1.63893E-05
97.925	3.73733E-09	1.06109E-06	7.22283E-09	8.89088E-11	5.66194E-09	1.65106E-05
98.0916667	3.68607E-09	1.12278E-06	7.2311E-09	1.391E-10	5.27684E-09	1.68193E-05
98.2583333	3.62706E-09	1.09121E-06	5.18091E-09	4.04075E-10	4.8385E-09	1.6845E-05
98.425	3.92405E-09	1.09613E-06	7.97513E-09	2.674E-10	6.45762E-09	1.67301E-05
98.5916667	4.20713E-09	1.25929E-06	8.04977E-09	2.49857E-10	9.28998E-09	1.65996E-05
98.7583333	4.20226E-09	1.34051E-06	9.17338E-09	1.59485E-10	8.12058E-09	1.66129E-05
98.925	4.20882E-09	1.17618E-06	8.17072E-09	1.7975E-10	4.27563E-09	1.65895E-05
99.0916667	4.58346E-09	9.49034E-07	7.2107E-09	1.6285E-10	3.37018E-09	1.63782E-05
99.2583333	4.43529E-09	8.69253E-07	7.39651E-09	2.34317E-10	3.69468E-09	1.62214E-05
99.425	4.80877E-09	9.224E-07	7.92424E-09	1.42313E-10	4.03373E-09	1.62246E-05
99.5916667	4.35907E-09	1.00803E-06	6.75152E-09	1.13441E-10	4.06393E-09	1.64118E-05
99.7583333	4.07116E-09	9.47527E-07	7.56988E-09	1.37651E-10	3.43217E-09	1.64772E-05
99.925	4.54598E-09	8.47406E-07	6.46612E-09	1.79103E-10	2.38253E-09	1.62633E-05
100.091667	4.26326E-09	7.88943E-07	7.07267E-09	1.64134E-10	2.89732E-09	1.61194E-05
100.258333	4.09864E-09	8.57584E-07	6.72684E-09	1.9412E-10	3.65548E-09	1.60968E-05
100.425	4.02311E-09	9.78756E-07	7.40067E-09	1.17606E-10	4.06449E-09	1.62437E-05
100.591667	4.20677E-09	1.01203E-06	6.73193E-09	1.26063E-10	4.65376E-09	1.64019E-05
100.758333	3.67732E-09	1.06225E-06	6.12661E-09	1.69484E-10	4.66011E-09	1.64492E-05
100.925	4.04208E-09	1.04045E-06	7.36018E-09	1.20327E-10	4.48871E-09	1.64112E-05
101.091667	4.36988E-09	1.0066E-06	6.295E-09	1.34461E-10	4.98878E-09	1.63002E-05
101.258333	4.23377E-09	1.05228E-06	7.59817E-09	1.0536E-10	6.30364E-09	1.62495E-05
101.425	3.53232E-09	1.1344E-06	9.2147E-09	1.93472E-11	6.91942E-09	1.62403E-05
101.591667	4.82184E-09	1.10847E-06	5.77426E-09	4.06075E-11	5.40832E-09	1.62116E-05
101.758333	4.63457E-09	1.08288E-06	5.85403E-09	6.85571E-11	5.43731E-09	1.6278E-05
101.925	4.10535E-09	1.11432E-06	6.14513E-09	1.19506E-10	6.27273E-09	1.64578E-05
102.091667	4.34274E-09	1.20819E-06	6.65868E-09	2.37789E-10	7.3308E-09	1.66771E-05
102.258333	3.41298E-09	1.30534E-06	7.62919E-09	1.92863E-10	7.24355E-09	1.68034E-05
