time	T
0.091666667	524.6060745
0.258333333	524.578887
0.425	524.623205
0.591666667	524.6225032
0.758333333	524.6193304
0.925	524.6355887
1.09166667	524.6720633
1.25833333	524.6559627
1.425	524.650474
1.59166667	524.6510056
1.75833333	524.6897762
1.925	524.6626209
2.09166667	524.6135291
2.25833333	524.6112957
2.425	524.6831547
2.59166667	524.6764236
2.75833333	524.6533735
2.925	524.6419395
3.09166667	524.6713915
3.25833333	524.6533576
3.425	524.677432
3.59166667	524.6799793
3.75833333	524.7197086
3.925	524.7139052
4.09166667	524.6822408
4.25833333	524.6960525
4.425	524.6895762
4.59166667	524.6753022
4.75833333	524.6950303
4.925	524.7093634
5.09166667	524.729453
5.25833333	524.9948845
5.425	525.5006994
5.59166667	525.9277554
5.75833333	526.1830055
5.925	526.3157311
6.09166667	526.4565751
6.25833333	526.496065
6.425	526.6270532
6.59166667	526.6606491
6.75833333	526.7519583
6.925	526.7811181
7.09166667	526.7862791
7.25833333	526.8280629
7.425	526.899345
7.59166667	526.9368162
7.75833333	526.9515996
7.925	526.9679456
8.09166667	526.9867474
8.25833333	527.0037652
8.425	526.9952212
8.59166667	527.0562594
8.75833333	527.1664381
8.925	527.1787378
9.09166667	527.1998598
9.25833333	527.1231372
9.425	527.1863184
9.59166667	527.1511616
9.75833333	527.1681519
9.925	527.1705238
10.0916667	527.2055287
10.2583333	527.2299584
10.425	527.2165692
10.5916667	527.1958018
10.7583333	527.2365699
10.925	527.1838404
11.0916667	527.2277451
11.2583333	527.2509396
11.425	527.2632073
11.5916667	527.281639
11.7583333	527.2279107
11.925	527.2375517
12.0916667	527.160417
12.2583333	527.2737431
12.425	527.2419693
12.5916667	527.242751
12.7583333	527.2309666
12.925	527.2421412
13.0916667	527.2454608
13.2583333	527.2525155
13.425	527.2370039
13.5916667	527.2982538
13.7583333	527.2839037
13.925	527.3096443
14.0916667	527.3005659
14.2583333	527.3355502
14.425	527.3043341
14.5916667	527.3221785
14.7583333	527.3275817
14.925	527.3823514
15.0916667	527.3544405
15.2583333	527.3887575
15.425	527.3858067
15.5916667	527.3876131
15.7583333	527.3753064
15.925	527.4148416
16.0916667	527.3897654
16.2583333	527.3885935
16.425	527.3703863
16.5916667	527.4125361
16.7583333	527.4233937
16.925	527.3985267
17.0916667	527.3845785
17.2583333	527.4275615
17.425	527.3873839
17.5916667	527.4274776
17.7583333	527.390902
17.925	527.3663555
18.0916667	527.3902129
18.2583333	527.3322109
18.425	527.3741674
18.5916667	527.3473121
18.7583333	527.3650312
18.925	527.3915096
19.0916667	527.4170414
19.2583333	527.3965437
19.425	527.3582626
19.5916667	527.3603703
19.7583333	527.3759876
19.925	527.3682249
20.0916667	527.3659988
20.2583333	527.3182431
20.425	527.4285547
20.5916667	527.4148511
20.7583333	527.3401511
20.925	527.3874948
21.0916667	527.3835206
21.2583333	527.3598135
21.425	527.3775946
21.5916667	527.4001045
21.7583333	527.400148
21.925	527.3804222
22.0916667	527.3572649
22.2583333	527.4037558
22.425	527.397207
22.5916667	527.3832921
22.7583333	527.3383423
22.925	527.398939
23.0916667	527.4236341
23.2583333	527.4134152
23.425	527.3807317
23.5916667	527.3795379
23.7583333	527.3614226
23.925	527.342887
24.0916667	527.3512921
24.2583333	527.3380205
24.425	527.3716015
24.5916667	527.3993729
24.7583333	527.4553341
24.925	527.4369121
25.0916667	527.3301393
25.2583333	527.3851474
25.425	527.4265624
25.5916667	527.401333
25.7583333	527.3926637
25.925	527.4269912
26.0916667	527.3676514
26.2583333	527.3774742
26.425	527.3919112
26.5916667	527.3472215
26.7583333	527.3738929
26.925	527.3869904
27.0916667	527.4240129
27.2583333	527.3806619
27.425	527.3964547
27.5916667	527.4126414
27.7583333	527.4074017
27.925	527.4193407
28.0916667	527.4410073
28.2583333	527.3828123
28.425	527.4350733
28.5916667	527.4294549
28.7583333	527.3933529
28.925	527.417868
29.0916667	527.4076966
29.2583333	527.3918652
29.425	527.3578897
29.5916667	527.3972297
29.7583333	527.3937459
29.925	527.3732344
30.0916667	527.4104748
30.2583333	527.395683
30.425	527.4179131
30.5916667	527.4003714
30.7583333	527.4047494
30.925	527.3840602
31.0916667	527.384777
31.2583333	527.4143692
31.425	527.4623808
31.5916667	527.3707393
31.7583333	527.3955703
31.925	527.3968239
32.0916667	527.3645423
32.2583333	527.3272284
32.425	527.3797955
32.5916667	527.3936452
32.7583333	527.3664271
32.925	527.3873634
33.0916667	527.361561
33.2583333	527.3488723
33.425	527.3901676
33.5916667	527.3717237
33.7583333	527.3851746
33.925	527.4061116
34.0916667	527.4053738
34.2583333	527.3783672
34.425	527.3748373
34.5916667	527.4310875
34.7583333	527.48144
34.925	527.4417784
35.0916667	527.4655875
35.2583333	527.4365239
35.425	527.4044003
35.5916667	527.3739455
35.7583333	527.4833333
35.925	527.4670106
36.0916667	527.4419534
36.2583333	527.4290788
36.425	527.4264919
36.5916667	527.4228683
36.7583333	527.4270381
36.925	527.3912037
37.0916667	527.449321
37.2583333	527.4232862
37.425	527.4334771
37.5916667	527.4597924
37.7583333	527.4308777
37.925	527.4532458
38.0916667	527.4754557
38.2583333	527.4924076
38.425	527.5398508
38.5916667	527.5032383
38.7583333	527.4738979
38.925	527.4688181
39.0916667	527.5120163
39.2583333	527.4749504
39.425	527.4846608
39.5916667	527.4651168
39.7583333	527.4283868
39.925	527.4409627
40.0916667	527.4519602
40.2583333	527.493625
40.425	527.480381
40.5916667	527.4210373
40.7583333	527.4576074
40.925	527.451161
41.0916667	527.4326437
41.2583333	527.4250969
41.425	527.4418488
41.5916667	527.4164987
41.7583333	527.4390967
41.925	527.4945257
42.0916667	527.4452253
42.2583333	527.5042304
42.425	527.4690549
42.5916667	527.4640423
42.7583333	527.4790855
42.925	527.485046
43.0916667	527.4691729
43.2583333	527.4596391
43.425	527.5115572
43.5916667	527.559556
43.7583333	527.4612733
43.925	527.4467302
44.0916667	527.4928143
44.2583333	527.5298348
44.425	527.4881659
44.5916667	527.4722632
44.7583333	527.5156596
44.925	527.5432206
45.0916667	527.4788214
45.2583333	527.4780325
45.425	527.4654659
45.5916667	527.4883805
45.7583333	527.4197931
45.925	527.3917332
46.0916667	527.3648759
46.2583333	527.4330494
46.425	527.3626583
46.5916667	527.382855
46.7583333	527.3639345
46.925	527.4236991
47.0916667	527.4591115
47.2583333	527.4635543
47.425	527.4278449
47.5916667	527.4160041
47.7583333	527.407948
47.925	527.471459
48.0916667	527.4871089
48.2583333	527.4850625
48.425	527.4243064
48.5916667	527.4494186
48.7583333	527.4412785
48.925	527.5167293
49.0916667	527.4170973
49.2583333	527.4728339
49.425	527.4296174
49.5916667	527.421773
49.7583333	527.437744
49.925	527.4751038
50.0916667	527.4774774
50.2583333	527.5017183
50.425	527.4681343
50.5916667	527.4856141
50.7583333	527.4810153
50.925	527.4531561
51.0916667	527.4310968
51.2583333	527.3973953
51.425	527.4264274
51.5916667	527.4076049
51.7583333	527.4227649
51.925	527.4005045
52.0916667	527.4654387
52.2583333	527.4445819
52.425	527.4635007
52.5916667	527.5091427
52.7583333	527.5457899
52.925	527.4890514
53.0916667	527.5173112
53.2583333	527.4818545
53.425	527.5037912
53.5916667	527.4768286
53.7583333	527.4453752
53.925	527.4576871
54.0916667	527.495657
54.2583333	527.4874211
54.425	527.54266
54.5916667	527.5160727
54.7583333	527.519855
54.925	527.5203162
55.0916667	527.5053065
55.2583333	527.5109309
55.425	527.4937755
55.5916667	527.5291755
55.7583333	527.5170932
55.925	527.4972529
56.0916667	527.4292878
56.2583333	527.5234101
56.425	527.4862723
56.5916667	527.4629351
56.7583333	527.491255
56.925	527.4938478
57.0916667	527.5024178
57.2583333	527.4877244
57.425	527.4121279
57.5916667	527.4218722
57.7583333	527.4758388
57.925	527.5024975
58.0916667	527.53503
58.2583333	527.5684561
58.425	527.5319994
58.5916667	527.4976928
58.7583333	527.56702
58.925	527.5557855
59.0916667	527.5359951
59.2583333	527.571918
59.425	527.5837173
59.5916667	527.5770334
59.7583333	527.5251364
59.925	527.5946963
60.0916667	527.573988
60.2583333	527.5479108
60.425	527.6044
60.5916667	527.5128414
60.7583333	527.5271855
60.925	527.528535
61.0916667	527.4848371
61.2583333	527.4995703
61.425	527.4888794
61.5916667	527.5013783
61.7583333	527.4773119
61.925	527.459059
62.0916667	527.4711129
62.2583333	527.5445638
62.425	527.5441336
62.5916667	527.4911841
62.7583333	527.6145575
62.925	527.5278366
63.0916667	527.5697032
63.2583333	527.5563564
63.425	527.5713032
63.5916667	527.505318
63.7583333	527.530098
63.925	527.5698859
64.0916667	527.5065756
64.2583333	527.5235114
64.425	527.578205
64.5916667	527.5348011
64.7583333	527.5697092
64.925	527.5791485
65.0916667	527.5231259
65.2583333	527.5414114
65.425	527.5607036
65.5916667	527.537376
65.7583333	527.5176219
65.925	527.5101258
66.0916667	527.4472182
66.2583333	527.4638552
66.425	527.4567511
66.5916667	527.3876442
66.7583333	527.2872562
66.925	527.1988308
67.0916667	527.018461
67.2583333	526.8947935
67.425	526.7374382
67.5916667	526.6179239
67.7583333	526.411352
67.925	526.1792456
68.0916667	525.954384
68.2583333	525.6808913
68.425	525.4655071
68.5916667	525.2144062
68.7583333	524.9866043
68.925	524.6913745
69.0916667	524.4402456
69.2583333	524.175661
69.425	523.9539717
69.5916667	523.6629119
69.7583333	523.3808794
69.925	523.1002137
70.0916667	522.7675972
70.2583333	522.5649124
70.425	522.2582999
70.5916667	521.9617436
70.7583333	521.6714639
70.925	521.3597709
71.0916667	521.0886248
71.2583333	520.8412961
71.425	520.5259553
71.5916667	520.2061904
71.7583333	519.9743947
71.925	519.7101091
72.0916667	519.4640547
72.2583333	519.1092633
72.425	518.8754974
72.5916667	518.5898939
72.7583333	518.3229341
72.925	518.100717
73.0916667	517.8108185
73.2583333	517.4887201
73.425	517.2093832
73.5916667	516.900263
73.7583333	516.6001722
73.925	516.3647958
74.0916667	516.0969315
74.2583333	515.8379872
74.425	515.5537327
74.5916667	515.2634394
74.7583333	514.9798554
74.925	514.7139094
75.0916667	514.4365223
75.2583333	514.1539663
75.425	513.8339463
75.5916667	513.5611583
75.7583333	513.3454617
75.925	513.0529295
76.0916667	512.7682214
76.2583333	512.4079012
76.425	512.1730413
76.5916667	511.9130077
76.7583333	511.6503407
76.925	511.3702074
77.0916667	511.0580888
77.2583333	510.762721
77.425	510.4464312
77.5916667	510.1756824
77.7583333	509.9994409
77.925	509.7381829
78.0916667	509.3888922
78.2583333	509.1365581
78.425	508.8783966
78.5916667	508.5859791
78.7583333	508.3244544
78.925	508.0838984
79.0916667	507.7635471
79.2583333	507.4083874
79.425	507.2141493
79.5916667	506.9138711
79.7583333	506.6589907
79.925	506.3923959
80.0916667	506.0910433
80.2583333	505.7621021
80.425	505.5684599
80.5916667	505.3024107
80.7583333	505.0522428
80.925	504.7871107
81.0916667	504.5726764
81.2583333	504.3279141
81.425	504.1377637
81.5916667	504.0186678
81.7583333	503.9177646
81.925	503.8367686
82.0916667	503.7480088
82.2583333	503.7384342
82.425	503.7120074
82.5916667	503.76586
82.7583333	503.7413624
82.925	503.6887231
83.0916667	503.7799957
83.2583333	503.7053523
83.425	503.7232288
83.5916667	503.6834531
83.7583333	503.692199
83.925	503.621089
84.0916667	503.5077004
84.2583333	503.4610941
84.425	503.3198793
84.5916667	503.2654741
84.7583333	503.157695
84.925	503.0910932
85.0916667	503.0271718
85.2583333	502.9263116
85.425	502.8980329
85.5916667	502.7674215
85.7583333	502.8019572
85.925	502.7556694
86.0916667	502.7592392
86.2583333	502.7311501
86.425	502.7565471
86.5916667	502.6934053
86.7583333	502.7051688
86.925	502.7564614
87.0916667	502.7813593
87.2583333	502.7748362
87.425	502.7436383
87.5916667	502.7336525
87.7583333	502.6777221
87.925	502.7014755
88.0916667	502.625483
88.2583333	502.6629039
88.425	502.6199033
88.5916667	502.557484
88.7583333	502.503096
88.925	502.5333237
89.0916667	502.4605706
89.2583333	502.4881405
89.425	502.452573
89.5916667	502.4673168
89.7583333	502.455638
89.925	502.4915426
90.0916667	502.4345923
90.2583333	502.3858777
90.425	502.4120603
90.5916667	502.4384044
90.7583333	502.3885803
90.925	502.4207892
91.0916667	502.3758594
91.2583333	502.370419
91.425	502.3817445
91.5916667	502.3886177
91.7583333	502.3348647
91.925	502.3453784
92.0916667	502.3236753
92.2583333	502.3540046
92.425	502.293737
92.5916667	502.324666
92.7583333	502.2607805
92.925	502.218035
93.0916667	502.307756
93.2583333	502.2422862
93.425	502.3242376
93.5916667	502.3586869
93.7583333	502.2948914
93.925	502.2487947
94.0916667	502.2554157
94.2583333	502.3386638
94.425	502.2997052
94.5916667	502.2949233
94.7583333	502.2912702
94.925	502.2862203
95.0916667	502.3353014
95.2583333	502.3230689
95.425	502.3292121
95.5916667	502.2643275
95.7583333	502.2687384
95.925	502.2710496
96.0916667	502.2993931
96.2583333	502.3385349
96.425	502.3207948
96.5916667	502.3115647
96.7583333	502.3183994
96.925	502.3025825
97.0916667	502.2343395
97.2583333	502.3241609
97.425	502.3089368
97.5916667	502.3610816
97.7583333	502.3411651
97.925	502.3467124
98.0916667	502.3263876
98.2583333	502.3314488
98.425	502.3398101
98.5916667	502.3439083
98.7583333	502.3410995
98.925	502.3822744
99.0916667	502.3391115
99.2583333	502.3287643
99.425	502.3102163
99.5916667	502.3459886
99.7583333	502.340675
99.925	502.3935873
100.091667	502.3623815
100.258333	502.3702234
100.425	502.2824106
100.591667	502.3235903
100.758333	502.2586895
100.925	502.2945192
101.091667	502.2723905
101.258333	502.3158741
101.425	502.3051321
101.591667	502.3120102
101.758333	502.3435925
101.925	502.3034371
102.091667	502.2930725
102.258333	502.3291363
102.425	502.3412488
102.591667	502.3364468
102.758333	502.2868542
102.925	502.3097713
103.091667	502.2910146
103.258333	502.3121987
103.425	502.3736742
103.591667	502.377521
103.758333	502.3383108
103.925	502.3236964
104.091667	502.3308052
104.258333	502.3150232
104.425	502.2939764
104.591667	502.349891
104.758333	502.4141163
104.925	502.3481627
105.091667	502.3314685
105.258333	502.3364132
105.425	502.3307608
105.591667	502.382415
105.758333	502.3693258
105.925	502.3362494
106.091667	502.323092
106.258333	502.300024
106.425	502.3143882
106.591667	502.3109174
106.758333	502.2905575
106.925	502.2896641
107.091667	502.3065009
107.258333	502.2793079
107.425	502.2971535
107.591667	502.3116012
107.758333	502.3147733
107.925	502.3318104
108.091667	502.3212396
108.258333	502.3764619
108.425	502.4103741
108.591667	502.4504122
108.758333	502.4400013
108.925	502.4003767
109.091667	502.4177791
109.258333	502.3536494
109.425	502.3253297
109.591667	502.3418036
109.758333	502.3429777
109.925	502.4088818
110.091667	502.4261178
110.258333	502.4282557
110.425	502.3998692
110.591667	502.3709955
110.758333	502.4361845
110.925	502.4111848
111.091667	502.3851298
111.258333	502.411713
111.425	502.3488888
111.591667	502.3627932
111.758333	502.3379647
111.925	502.3788686
112.091667	502.417435
112.258333	502.4010578
112.425	502.3958645
112.591667	502.3748035
112.758333	502.3862703
112.925	502.3760527
113.091667	502.4084041
113.258333	502.40605
113.425	502.4752271
113.591667	502.4012158
113.758333	502.4172158
113.925	502.4506626
114.091667	502.3949888
114.258333	502.4115001
114.425	502.4550867
114.591667	502.4410478
114.758333	502.4394671
114.925	502.4698266
115.091667	502.4636433
115.258333	502.4556991
115.425	502.464702
115.591667	502.4780236
115.758333	502.526669
115.925	502.488938
116.091667	502.4668002
116.258333	502.451557
116.425	502.3618449
116.591667	502.387608
116.758333	502.3720208
116.925	502.3618911
117.091667	502.4334178
117.258333	502.3961841
117.425	502.4033468
117.591667	502.4194624
117.758333	502.3364687
117.925	502.3638742
118.091667	502.4128712
118.258333	502.3378879
118.425	502.3222777
118.591667	502.2338032
118.758333	502.1950345
118.925	502.1051088
119.091667	501.9808851
119.258333	501.8305232
119.425	501.7397504
119.591667	501.5871345
119.758333	501.4199468
119.925	501.2832373
120.091667	501.1042154
120.258333	500.8677577
120.425	500.6842405
120.591667	500.5208828
120.758333	500.2936201
120.925	500.0614216
121.091667	499.9091314
121.258333	499.6794375
121.425	499.5038478
121.591667	499.3091709
121.758333	499.0469781
121.925	498.8582186
122.091667	498.6208194
122.258333	498.374583
122.425	498.1977844
122.591667	498.0478136
122.758333	497.7163971
122.925	497.4660088
123.091667	497.2988154
123.258333	497.072799
123.425	496.896071
123.591667	496.6517335
123.758333	496.4075517
123.925	496.1882949
124.091667	495.9841552
124.258333	495.7304127
124.425	495.5176827
124.591667	495.2974866
124.758333	495.0463951
124.925	494.8477147
125.091667	494.6356416
125.258333	494.4280983
125.425	494.2117392
125.591667	494.0209985
125.758333	493.8355949
125.925	493.5980361
126.091667	493.3221156
126.258333	493.1028273
126.425	492.8689949
126.591667	492.6385328
126.758333	492.4334789
126.925	492.2196382
127.091667	491.9968239
127.258333	491.7979727
127.425	491.5814484
127.591667	491.3207274
127.758333	491.1289703
127.925	490.9210247
128.091667	490.6462004
128.258333	490.442041
128.425	490.2222814
128.591667	489.9775408
128.758333	489.7551766
128.925	489.5236741
129.091667	489.233264
129.258333	489.033626
129.425	488.8102096
129.591667	488.6443433
129.758333	488.3929208
129.925	488.1514691
130.091667	487.918999
130.258333	487.6973743
130.425	487.4500571
130.591667	487.2451446
130.758333	487.0010085
130.925	486.7516007
131.091667	486.5234691
131.258333	486.296075
131.425	486.0802977
131.591667	485.8476612
131.758333	485.5912557
131.925	485.3279092
132.091667	485.1364175
132.258333	484.8750704
132.425	484.6500515
132.591667	484.4279868
132.758333	484.1884121
132.925	483.9442607
133.091667	483.7336431
133.258333	483.5013152
133.425	483.2806879
133.591667	483.0075792
133.758333	482.7773044
133.925	482.5556384
134.091667	482.3464147
134.258333	482.131874
134.425	481.9045622
134.591667	481.6721508
134.758333	481.4408783
134.925	481.208804
135.091667	481.0448925
135.258333	480.8327551
135.425	480.581841
135.591667	480.3792602
135.758333	480.1510078
135.925	479.9388024
136.091667	479.7564896
136.258333	479.5593158
136.425	479.348012
136.591667	479.1769269
136.758333	478.9625816
136.925	478.696689
137.091667	478.5548467
137.258333	478.3151956
137.425	478.2003977
137.591667	478.0971558
137.758333	477.9946634
137.925	477.860221
138.091667	477.8754025
138.258333	477.8530744
138.425	477.8716407
138.591667	477.8704252
138.758333	477.8625024
138.925	477.9158406
139.091667	477.9818431
139.258333	477.9984006
139.425	478.0265735
139.591667	477.9947862
139.758333	477.9829922
139.925	477.9830926
140.091667	477.9226599
140.258333	477.8959254
140.425	477.8265817
140.591667	477.7478961
140.758333	477.7022134
140.925	477.6527517
141.091667	477.5778209
141.258333	477.5454108
141.425	477.4459587
141.591667	477.4456483
141.758333	477.4177918
141.925	477.4201384
142.091667	477.430525
142.258333	477.4191245
142.425	477.4366876
142.591667	477.4815004
142.758333	477.5203282
142.925	477.5021705
143.091667	477.4899254
143.258333	477.475725
143.425	477.4909786
143.591667	477.4836152
143.758333	477.5520402
143.925	477.5418055
144.091667	477.5328706
144.258333	477.5212109
144.425	477.5368419
144.591667	477.3870547
144.758333	477.464545
144.925	477.453785
145.091667	477.4835019
145.258333	477.4260486
145.425	477.4019055
145.591667	477.392369
145.758333	477.4130098
145.925	477.4218301
146.091667	477.397614
146.258333	477.4428682
146.425	477.4036007
146.591667	477.4401447
146.758333	477.4762738
146.925	477.5059566
147.091667	477.3926696
147.258333	477.4600463
147.425	477.5118753
147.591667	477.4353101
147.758333	477.4534577
147.925	477.4553518
148.091667	477.5197171
148.258333	477.5163882
148.425	477.4996728
148.591667	477.4850731
148.758333	477.4773691
148.925	477.4449305
149.091667	477.5032008
149.258333	477.5104427
149.425	477.5091389
149.591667	477.5114286
149.758333	477.4255283
149.925	477.4340294
150.091667	477.429171
150.258333	477.4201568
150.425	477.4808254
150.591667	477.4002856
150.758333	477.4382433
150.925	477.378686
151.091667	477.4493903
151.258333	477.4751593
151.425	477.480535
151.591667	477.4427076
151.758333	477.4537511
151.925	477.5258012
152.091667	477.5445777
152.258333	477.5563711
152.425	477.5640225
152.591667	477.573543
152.758333	477.4999998
152.925	477.5087083
153.091667	477.5636755
153.258333	477.5083669
153.425	477.4682214
153.591667	477.5602108
153.758333	477.5118644
153.925	477.5099499
154.091667	477.6159965
154.258333	477.512805
154.425	477.5632443
154.591667	477.5578108
154.758333	477.5985435
154.925	477.6098934
155.091667	477.5529112
155.258333	477.4916789
155.425	477.5901138
155.591667	477.5837617
155.758333	477.5836293
155.925	477.5949203
156.091667	477.6123258
156.258333	477.5875696
156.425	477.576784
156.591667	477.618533
156.758333	477.6013633
156.925	477.6186307
157.091667	477.6319712
157.258333	477.5740177
157.425	477.5794238
157.591667	477.635015
157.758333	477.6418411
157.925	477.6016085
158.091667	477.5649207
158.258333	477.5655284
158.425	477.6439565
158.591667	477.6359881
158.758333	477.6107729
158.925	477.6479974
159.091667	477.630202
159.258333	477.5917117
159.425	477.5873218
159.591667	477.6231973
159.758333	477.6211924
159.925	477.6235801
160.091667	477.6862372
160.258333	477.6133029
160.425	477.553595
160.591667	477.5899911
160.758333	477.652337
160.925	477.6625933
161.091667	477.607652
161.258333	477.6265997
161.425	477.5931375
161.591667	477.6600576
161.758333	477.6506275
161.925	477.6671665
162.091667	477.6503666
162.258333	477.6439974
162.425	477.6637182
162.591667	477.6253711
162.758333	477.5740842
162.925	477.6495992
163.091667	477.6404098
163.258333	477.6423121
163.425	477.6925453
163.591667	477.6804183
163.758333	477.6392643
163.925	477.6835558
164.091667	477.7011488
164.258333	477.7189817
164.425	477.6949415
164.591667	477.7075324
164.758333	477.6472948
164.925	477.7061414
165.091667	477.6629617
165.258333	477.635148
165.425	477.6016217
165.591667	477.5373265
165.758333	477.4507932
165.925	477.3412231
166.091667	477.2341358
166.258333	477.1794468
166.425	477.0931026
166.591667	476.9906581
166.758333	476.8768639
166.925	476.7513515
167.091667	476.5744123
167.258333	476.4616041
167.425	476.3540172
167.591667	476.1895482
167.758333	475.9871791
167.925	475.8956
168.091667	475.7489644
168.258333	475.6273083
168.425	475.4602325
168.591667	475.3144822
168.758333	475.0924266
168.925	474.9415789
169.091667	474.774278
169.258333	474.6024561
169.425	474.4311038
169.591667	474.313315
169.758333	474.1329004
169.925	473.9427371
170.091667	473.7983626
170.258333	473.6486172
170.425	473.4815809
170.591667	473.3114478
170.758333	473.1491031
170.925	473.0245837
171.091667	472.8905715
171.258333	472.6928879
171.425	472.5600669
171.591667	472.380466
171.758333	472.2175382
171.925	472.0712094
172.091667	471.8914963
172.258333	471.7121904
172.425	471.5838806
172.591667	471.4102274
172.758333	471.1869204
172.925	471.0155197
173.091667	470.8739575
173.258333	470.6949509
173.425	470.5521699
173.591667	470.4077087
173.758333	470.2175836
173.925	470.0609428
174.091667	469.9240458
174.258333	469.7067106
174.425	469.5623463
174.591667	469.4140382
174.758333	469.1518602
174.925	469.0017027
175.091667	468.8416741
175.258333	468.6545093
175.425	468.4880386
175.591667	468.2914991
175.758333	468.1226094
175.925	467.9489489
176.091667	467.7681913
176.258333	467.6523067
176.425	467.4170127
176.591667	467.2113145
176.758333	466.9615749
176.925	466.8702914
177.091667	466.6732856
177.258333	466.5069708
177.425	466.2991291
177.591667	466.0697074
177.758333	465.9699871
177.925	465.7432109
178.091667	465.5609153
178.258333	465.4012786
178.425	465.1863626
178.591667	464.9457442
178.758333	464.7714952
178.925	464.5471281
179.091667	464.4056562
179.258333	464.1556854
179.425	464.0152153
179.591667	463.8015002
179.758333	463.6447234
179.925	463.4358831
180.091667	463.2769357
180.258333	463.0784274
180.425	462.7790349
180.591667	462.6171782
180.758333	462.4143569
180.925	462.2000288
181.091667	462.0392172
181.258333	461.7838915
181.425	461.6579015
181.591667	461.4732633
181.758333	461.2283241
181.925	460.9753695
182.091667	460.7738679
182.258333	460.5922815
182.425	460.4199604
182.591667	460.2220076
182.758333	459.9706338
182.925	459.7356376
183.091667	459.5500417
183.258333	459.400477
183.425	459.2397555
183.591667	458.9900455
183.758333	458.7774347
183.925	458.5259258
184.091667	458.3667311
184.258333	458.1400039
184.425	457.9508219
184.591667	457.7752907
184.758333	457.5539318
184.925	457.3463153
185.091667	457.1559411
185.258333	456.9627687
185.425	456.7317783
185.591667	456.5735372
185.758333	456.3925287
185.925	456.2193118
186.091667	456.0015583
186.258333	455.7919456
186.425	455.5989755
186.591667	455.3890263
186.758333	455.1866354
186.925	454.9885863
187.091667	454.7920078
187.258333	454.6531572
187.425	454.5293885
187.591667	454.3914141
187.758333	454.2506401
187.925	454.0926322
188.091667	454.0869143
188.258333	454.0175954
188.425	453.9700474
188.591667	453.964681
188.758333	453.9441575
188.925	453.9275956
189.091667	453.9291066
189.258333	453.9064403
189.425	453.8751702
189.591667	453.8665422
189.758333	453.8229765
189.925	453.8100751
190.091667	453.764557
190.258333	453.5800305
190.425	453.6113799
190.591667	453.5092661
190.758333	453.4274923
190.925	453.3624152
191.091667	453.2682107
191.258333	453.153399
191.425	453.0683501
191.591667	453.0463282
191.758333	452.9923099
191.925	452.9713668
192.091667	452.8869023
192.258333	452.7916207
192.425	452.798804
192.591667	452.7546927
192.758333	452.793767
192.925	452.7787343
193.091667	452.7877651
193.258333	452.8019085
193.425	452.7739426
193.591667	452.787957
193.758333	452.8024464
193.925	452.73207
194.091667	452.7569786
194.258333	452.7336616
194.425	452.6272135
194.591667	452.5875957
194.758333	452.5420054
194.925	452.5191422
195.091667	452.4824492
195.258333	452.4638905
195.425	452.449605
195.591667	452.4132949
195.758333	452.3474039
195.925	452.3218198
196.091667	452.3337198
196.258333	452.3286931
196.425	452.3147917
196.591667	452.347313
196.758333	452.318492
196.925	452.3005657
197.091667	452.2908115
197.258333	452.2622895
197.425	452.3020201
197.591667	452.2884956
197.758333	452.3471784
197.925	452.2997954
198.091667	452.3547085
198.258333	452.2617452
198.425	452.2268797
198.591667	452.2145101
198.758333	452.1912427
198.925	452.1791847
199.091667	452.1740788
199.258333	452.1626016
199.425	452.1511352
199.591667	452.0633966
199.758333	452.086796
199.925	452.1168493
200.091667	452.071936
200.258333	452.0851401
200.425	452.05
200.591667	452.0448518
200.758333	452.1069652
200.925	452.0877511
201.091667	452.1021924
201.258333	452.1003292
201.425	452.0775272
201.591667	452.083042
201.758333	452.0924171
201.925	452.0488136
202.091667	452.0468899
202.258333	452.0384911
202.425	452.0834195
202.591667	452.0952575
202.758333	452.0748656
202.925	452.0319703
203.091667	452.0524209
203.258333	452.0244517
203.425	452.0600785
203.591667	452.0447677
203.758333	452.081428
203.925	452.0778976
204.091667	452.0717997
204.258333	452.0955431
204.425	452.1036879
204.591667	452.120303
204.758333	452.0587085
204.925	452.0607877
205.091667	452.0854677
205.258333	452.0486152
205.425	452.1372173
205.591667	452.0713693
205.758333	452.0306752
205.925	451.9969168
206.091667	452.017699
206.258333	452.0399268
206.425	452.023397
206.591667	452.020862
206.758333	452.0516465
206.925	452.043693
207.091667	452.0683224
207.258333	452.0347427
207.425	452.0507793
207.591667	452.0935974
207.758333	452.089966
207.925	452.0824705
208.091667	452.0853796
208.258333	452.0604447
208.425	452.06914
208.591667	452.019947
208.758333	452.0771318
208.925	452.0793047
209.091667	452.0822175
209.258333	451.9689158
209.425	451.9818301
209.591667	451.9786001
209.758333	452.0165241
209.925	452.0172191
210.091667	452.0105812
210.258333	452.0007418
210.425	452.0416669
210.591667	452.0418186
210.758333	452.0262015
210.925	452.0397422
211.091667	452.0908627
211.258333	452.0792806
211.425	452.068236
211.591667	452.0836213
211.758333	452.0900437
211.925	452.0280414
212.091667	452.0720713
212.258333	452.0723148
212.425	452.0943046
212.591667	452.059401
212.758333	452.1203707
212.925	452.0696208
213.091667	452.0440724
213.258333	452.0545471
213.425	451.9507058
213.591667	452.051427
213.758333	452.0367878
213.925	452.0519174
214.091667	452.0691564
214.258333	451.9690412
214.425	452.0172612
214.591667	452.037609
214.758333	452.0360625
214.925	452.0384967
215.091667	452.0828313
215.258333	452.0737238
215.425	452.0272536
215.591667	452.1017975
215.758333	452.0765648
215.925	452.0689728
216.091667	452.0228411
216.258333	452.0733839
216.425	452.0683144
216.591667	452.0977329
216.758333	452.1109813
216.925	452.0894005
217.091667	452.0146607
217.258333	452.0601696
217.425	452.0894858
217.591667	452.0933058
217.758333	452.0751884
217.925	452.0246188
218.091667	452.106101
218.258333	452.0986139
218.425	452.066365
218.591667	452.1043714
218.758333	452.1019272
218.925	452.0989989
219.091667	452.1389161
219.258333	452.1083086
219.425	452.090643
219.591667	452.1323549
219.758333	452.1436199
219.925	452.1314729
220.091667	452.1428236
220.258333	452.1227595
220.425	452.0919517
220.591667	452.1035769
220.758333	452.0689735
220.925	452.104044
221.091667	452.1312684
221.258333	452.0953843
221.425	452.1375793
221.591667	452.1735701
221.758333	452.1363893
221.925	452.1510473
222.091667	452.1364195
222.258333	452.1581621
222.425	452.1323174
222.591667	452.1575984
222.758333	452.1329282
222.925	452.1231378
223.091667	452.1440676
223.258333	452.1324643
223.425	452.1650401
223.591667	452.1325925
223.758333	452.146537
223.925	452.0935451
224.091667	452.1391249
224.258333	452.1275895
224.425	452.1350951
224.591667	452.1863912
224.758333	452.1270688
224.925	452.148686
225.091667	452.18738
225.258333	452.1793664
225.425	452.1088419
225.591667	452.1684532
225.758333	452.1905539
225.925	452.1611197
226.091667	452.1394029
226.258333	452.1652971
226.425	452.1656669
226.591667	452.1803773
226.758333	452.1706788
226.925	452.1708161
227.091667	452.1698062
227.258333	452.1857201
227.425	452.1568009
227.591667	452.1826119
227.758333	452.1873975
227.925	452.1628215
228.091667	452.1666604
228.258333	452.1517142
228.425	452.1490443
228.591667	452.130826
228.758333	452.1505434
228.925	452.1377536
229.091667	452.2200782
229.258333	452.1756996
229.425	452.1814427
229.591667	452.2561603
229.758333	452.2070283
229.925	452.1913609
230.091667	452.2180899
230.258333	452.1946114
230.425	452.2268441
230.591667	452.2446161
230.758333	452.1901777
230.925	452.221061
231.091667	452.1898946
231.258333	452.2302447
231.425	452.2206724
231.591667	452.2057919
231.758333	452.2415927
231.925	452.231328
232.091667	452.2251214
232.258333	452.2597767
232.425	452.2564052
232.591667	452.286024
232.758333	452.3064778
232.925	452.2422001
233.091667	452.2918933
233.258333	452.3207366
233.425	452.2576866
233.591667	452.220574
233.758333	452.2654898
233.925	452.2386741
234.091667	452.2619845
234.258333	452.2978049
234.425	452.2706939
234.591667	452.2842113
234.758333	452.2234368
234.925	452.2189819
235.091667	452.2641604
235.258333	452.2883158
235.425	452.2754362
235.591667	452.2309026
235.758333	452.244166
235.925	452.2774948
236.091667	452.2626877
236.258333	452.2209713
236.425	452.3401241
236.591667	452.2570514
236.758333	452.2758459
236.925	452.258006
237.091667	452.3222405
237.258333	452.2763812
237.425	452.283955
237.591667	452.2321222
237.758333	452.2798419
237.925	452.2584735
238.091667	452.3117258
238.258333	452.2525143
238.425	452.2389011
238.591667	452.2382667
238.758333	452.2681293
238.925	452.1911881
239.091667	452.1863841
239.258333	452.1185539
239.425	452.0582297
239.591667	452.0292695
239.758333	451.958839
239.925	451.901077
240.091667	451.7617801
240.258333	451.6307893
240.425	451.5422464
240.591667	451.5058671
240.758333	451.394255
240.925	451.2483622
241.091667	451.0947587
241.258333	451.0084636
241.425	450.9075526
241.591667	450.8513777
241.758333	450.6541201
241.925	450.507705
242.091667	450.3907742
242.258333	450.2428257
242.425	450.1201668
242.591667	449.9727977
242.758333	449.8923254
242.925	449.7333537
243.091667	449.611873
243.258333	449.4284336
243.425	449.3021418
243.591667	449.1324733
243.758333	448.9983374
243.925	448.8678653
244.091667	448.7607411
244.258333	448.6324444
244.425	448.4780461
244.591667	448.3629262
244.758333	448.2054327
244.925	448.0753578
245.091667	447.9603399
245.258333	447.8744657
245.425	447.7541034
245.591667	447.5554999
245.758333	447.3870716
245.925	447.2871507
246.091667	447.1594165
246.258333	447.0732187
246.425	446.906005
246.591667	446.7732576
246.758333	446.6028261
246.925	446.5214746
247.091667	446.3871722
247.258333	446.2245079
247.425	446.0952663
247.591667	445.9542826
247.758333	445.8537235
247.925	445.684668
248.091667	445.527172
248.258333	445.4295669
248.425	445.3109999
248.591667	445.1048061
248.758333	445.0169343
248.925	444.961088
249.091667	444.7510394
249.258333	444.6189736
249.425	444.4798297
249.591667	444.3156887
249.758333	444.2333398
249.925	444.1061695
250.091667	443.9670692
250.258333	443.824377
250.425	443.6938191
250.591667	443.5560785
250.758333	443.3757595
250.925	443.2510393
251.091667	443.107789
251.258333	442.9864665
251.425	442.8446611
251.591667	442.7336267
251.758333	442.6449072
251.925	442.4750271
252.091667	442.3458176
252.258333	442.2096882
252.425	442.0924227
252.591667	441.9080633
252.758333	441.7373278
252.925	441.6298633
253.091667	441.4804384
253.258333	441.333972
253.425	441.2111053
253.591667	441.0921613
253.758333	440.94793
253.925	440.8087066
254.091667	440.7021258
254.258333	440.5483351
254.425	440.3837893
254.591667	440.2603835
254.758333	440.1077835
254.925	439.9759206
255.091667	439.8208603
255.258333	439.6812
255.425	439.5254063
255.591667	439.3818476
255.758333	439.2864656
255.925	439.1383413
256.091667	439.0066615
256.258333	438.849512
256.425	438.7139492
256.591667	438.5882252
256.758333	438.4544702
256.925	438.303443
257.091667	438.1748643
257.258333	438.0545241
257.425	437.9303457
257.591667	437.7362843
257.758333	437.638117
257.925	437.5069745
258.091667	437.2879975
258.258333	437.2300866
258.425	437.0645539
258.591667	436.9416948
258.758333	436.8215607
258.925	436.655412
259.091667	436.513881
259.258333	436.4316893
259.425	436.2686361
259.591667	436.1886195
259.758333	435.9898566
259.925	435.8250282
260.091667	435.7509357
260.258333	435.6300479
260.425	435.5394812
260.591667	435.3541563
260.758333	435.2446906
260.925	435.1073882
261.091667	434.9885664
261.258333	434.8867768
261.425	434.7197477
261.591667	434.5922489
261.758333	434.4499431
261.925	434.2827876
262.091667	434.1968355
262.258333	434.0143876
262.425	433.9669442
262.591667	433.8232435
262.758333	433.695487
262.925	433.5507363
263.091667	433.5052084
263.258333	433.3558644
263.425	433.1941812
263.591667	433.0468668
263.758333	432.9837803
263.925	432.8395414
264.091667	432.7475026
264.258333	432.6697551
264.425	432.5171644
264.591667	432.379877
264.758333	432.2309796
264.925	432.1609068
265.091667	432.0223309
265.258333	431.9329618
265.425	431.7563503
265.591667	431.622883
265.758333	431.5800634
265.925	431.5061586
266.091667	431.3489978
266.258333	431.221522
266.425	431.120747
266.591667	430.940017
266.758333	430.8300712
266.925	430.7313464
267.091667	430.6585356
267.258333	430.5224887
267.425	430.4286071
267.591667	430.3628989
267.758333	430.2609718
267.925	430.1369786
268.091667	430.0278612
268.258333	429.9854056
268.425	429.9233777
268.591667	429.8870292
268.758333	429.8572899
268.925	429.8054146
269.091667	429.8883327
269.258333	429.826768
269.425	429.8139135
269.591667	429.8522771
269.758333	429.9172137
269.925	429.9067685
270.091667	429.8799209
270.258333	429.8727822
270.425	429.8953518
270.591667	429.875666
270.758333	429.8287087
270.925	429.8171538
271.091667	429.7540261
271.258333	429.7817022
271.425	429.7195982
271.591667	429.6480181
271.758333	429.6226752
271.925	429.5421258
272.091667	429.4926957
272.258333	429.3955689
272.425	429.3765851
272.591667	429.3525161
272.758333	429.2918145
272.925	429.2739552
273.091667	429.220659
273.258333	429.2667887
273.425	429.2449239
273.591667	429.2235329
273.758333	429.2190688
273.925	429.2023749
274.091667	429.2213133
274.258333	429.2306635
274.425	429.1765926
274.591667	429.1237911
274.758333	429.1321767
274.925	429.0436959
275.091667	429.0402657
275.258333	429.02435
275.425	428.9636305
275.591667	428.9695611
275.758333	428.9074675
275.925	428.9084401
276.091667	428.8932989
276.258333	428.8976012
276.425	428.8305288
276.591667	428.8124824
276.758333	428.8258475
276.925	428.7500093
277.091667	428.713768
277.258333	428.7315922
277.425	428.6391994
277.591667	428.6737857
277.758333	428.6721302
277.925	428.5979434
278.091667	428.5598779
278.258333	428.6023412
278.425	428.5712249
278.591667	428.5313135
278.758333	428.4926677
278.925	428.4301693
279.091667	428.4123978
279.258333	428.4401297
279.425	428.4397276
279.591667	428.3841257
279.758333	428.3587101
279.925	428.3151573
280.091667	428.3136676
280.258333	428.2683319
280.425	428.2823998
280.591667	428.2602576
280.758333	428.2620675
280.925	428.200174
281.091667	428.1382966
281.258333	428.0828966
281.425	428.0921581
281.591667	428.0824067
281.758333	428.071628
281.925	428.0994075
282.091667	428.0349008
282.258333	428.0282437
282.425	427.9809212
282.591667	427.9585599
282.758333	427.9241918
282.925	427.8902498
283.091667	427.8684183
283.258333	427.822635
283.425	427.7841688
283.591667	427.7981245
283.758333	427.7757392
283.925	427.7297902
284.091667	427.7534668
284.258333	427.7104755
284.425	427.7098217
284.591667	427.6931128
284.758333	427.6718201
284.925	427.6720701
285.091667	427.6765952
285.258333	427.6209821
285.425	427.5699536
285.591667	427.5668719
285.758333	427.5305062
285.925	427.5173063
286.091667	427.5306439
286.258333	427.4753126
286.425	427.4755876
286.591667	427.3918379
286.758333	427.3965953
286.925	427.3445637
287.091667	427.3115555
287.258333	427.3427975
287.425	427.332574
287.591667	427.2979681
287.758333	427.2876691
287.925	427.2138205
288.091667	427.184336
288.258333	427.1475953
288.425	427.1549879
288.591667	427.0866981
288.758333	427.1850458
288.925	427.134595
289.091667	427.1022259
289.258333	427.0816505
289.425	427.0966272
289.591667	427.041639
289.758333	427.0435385
289.925	427.0733911
290.091667	426.9849987
290.258333	426.9894432
290.425	426.984125
290.591667	426.932019
290.758333	426.9392962
290.925	426.9589174
291.091667	426.9366257
291.258333	426.9256748
291.425	426.9264584
291.591667	426.8890163
291.758333	426.8169142
291.925	426.7920119
292.091667	426.7822012
292.258333	426.7955006
292.425	426.7763746
292.591667	426.7957449
292.758333	426.8012654
292.925	426.7856694
293.091667	426.7673802
293.258333	426.7353627
293.425	426.7319482
293.591667	426.7246886
293.758333	426.7442039
293.925	426.6756895
294.091667	426.6875266
294.258333	426.6884417
294.425	426.7184531
294.591667	426.6755024
294.758333	426.6930905
294.925	426.7126345
295.091667	426.6914339
295.258333	426.6781419
295.425	426.6644275
295.591667	426.6849364
295.758333	426.6976237
295.925	426.6616818
296.091667	426.6910787
296.258333	426.619044
296.425	426.6719938
296.591667	426.6043575
296.758333	426.6601937
296.925	426.636794
297.091667	426.6103877
297.258333	426.6732
297.425	426.6269946
297.591667	426.686908
297.758333	426.6439213
297.925	426.6203989
298.091667	426.6650483
298.258333	426.6064633
298.425	426.6107376
298.591667	426.6388661
298.758333	426.5992819
298.925	426.621139
299.091667	426.5926217
299.258333	426.6239662
299.425	426.5920623
299.591667	426.5861588
299.758333	426.5443647
299.925	426.5147381
300.091667	426.5435103
300.258333	426.5755691
300.425	426.5772518
300.591667	426.5211983
300.758333	426.5351574
300.925	426.485174
301.091667	426.5248759
301.258333	426.5073507
301.425	426.5445394
301.591667	426.5065236
301.758333	426.4602688
301.925	426.4483132
302.091667	426.4322509
302.258333	426.4337675
302.425	426.4874607
302.591667	426.4205813
302.758333	426.4156663
302.925	426.4914553
303.091667	426.5011679
303.258333	426.4506084
303.425	426.4428867
303.591667	426.445721
303.758333	426.4807495
303.925	426.4579226
304.091667	426.4272147
304.258333	426.4524131
304.425	426.4625657
304.591667	426.4483987
304.758333	426.4382623
304.925	426.4228915
305.091667	426.4438136
305.258333	426.4544544
305.425	426.4576624
305.591667	426.4482171
305.758333	426.4449362
305.925	426.4492133
306.091667	426.4155286
306.258333	426.371198
306.425	426.3637401
306.591667	426.3683837
306.758333	426.4104034
306.925	426.3251525
307.091667	426.3586641
307.258333	426.4240727
307.425	426.3813002
307.591667	426.3963065
307.758333	426.3839271
307.925	426.4345925
308.091667	426.4700109
308.258333	426.4117754
308.425	426.4323241
308.591667	426.4318283
308.758333	426.4262948
308.925	426.4264469
309.091667	426.4154762
309.258333	426.3645716
309.425	426.3942946
309.591667	426.3418366
309.758333	426.4293716
309.925	426.3774127
310.091667	426.3966714
310.258333	426.449364
310.425	426.398529
310.591667	426.4049449
310.758333	426.4343307
310.925	426.4052902
311.091667	426.382793
311.258333	426.3853551
311.425	426.3585769
311.591667	426.3862731
311.758333	426.3901955
311.925	426.3991846
312.091667	426.3498221
312.258333	426.3826328
312.425	426.3572712
312.591667	426.3337162
312.758333	426.3172303
312.925	426.3265993
313.091667	426.3392101
313.258333	426.300243
313.425	426.2889744
313.591667	426.2661256
313.758333	426.2810924
313.925	426.3163663
314.091667	426.3634503
314.258333	426.3287132
314.425	426.297167
314.591667	426.3030685
314.758333	426.3473186
314.925	426.316239
315.091667	426.3214106
315.258333	426.3054395
315.425	426.2775417
315.591667	426.2659189
315.758333	426.2695757
315.925	426.2935374
316.091667	426.2865079
316.258333	426.3139872
316.425	426.2957156
316.591667	426.243511
316.758333	426.2937803
316.925	426.2541651
317.091667	426.2720777
317.258333	426.2902435
317.425	426.2584519
317.591667	426.2140512
317.758333	426.2645828
317.925	426.2710812
318.091667	426.2487814
318.258333	426.2780917
318.425	426.3123488
318.591667	426.2617231
318.758333	426.2871075
318.925	426.2593007
319.091667	426.228703
319.258333	426.2653625
319.425	426.2353196
319.591667	426.2628285
319.758333	426.2685733
319.925	426.2453597
320.091667	426.2007636
320.258333	426.2303256
320.425	426.1948989
320.591667	426.1699106
320.758333	426.2111711
320.925	426.2267858
321.091667	426.2287762
321.258333	426.1848909
321.425	426.2117152
321.591667	426.2121294
321.758333	426.2106442
321.925	426.2547166
322.091667	426.2697597
322.258333	426.2390941
322.425	426.1915342
322.591667	426.1553383
322.758333	426.1861734
322.925	426.1519811
323.091667	426.1497876
323.258333	426.1881171
323.425	426.1500301
323.591667	426.1442478
323.758333	426.1290341
323.925	426.1379812
324.091667	426.1383236
324.258333	426.1888611
324.425	426.2266648
324.591667	426.1236067
324.758333	426.1581101
324.925	426.2066626
325.091667	426.1730777
325.258333	426.1535069
325.425	426.1690858
325.591667	426.2363597
325.758333	426.1697994
325.925	426.1508492
326.091667	426.199561
326.258333	426.1678853
326.425	426.1822645
326.591667	426.1408072
326.758333	426.1498191
326.925	426.1580548
327.091667	426.1169032
327.258333	426.1392766
327.425	426.1386765
327.591667	426.1311158
327.758333	426.1464102
327.925	426.184225
328.091667	426.1634233
328.258333	426.1444828
328.425	426.1412584
328.591667	426.1886331
328.758333	426.1738231
328.925	426.1495917
329.091667	426.0833021
329.258333	426.1527875
329.425	426.158509
329.591667	426.0877791
329.758333	426.0973825
329.925	426.0758398
330.091667	426.069893
330.258333	426.1584402
330.425	426.0608395
330.591667	426.0871496
330.758333	426.0903544
330.925	426.1872525
331.091667	426.1453421
331.258333	426.1395978
331.425	426.1097954
331.591667	426.1340187
331.758333	426.1291977
331.925	426.1403237
332.091667	426.1835604
332.258333	426.1442176
332.425	426.0913958
332.591667	426.0983692
332.758333	426.1462242
332.925	426.1144417
333.091667	426.0977251
333.258333	426.0934973
333.425	426.0348254
333.591667	426.0919623
333.758333	426.0787797
333.925	426.0903129
334.091667	426.0474005
334.258333	426.1542604
334.425	426.155697
334.591667	426.1127383
334.758333	426.0989948
334.925	426.0778447
335.091667	426.1461861
335.258333	426.074812
335.425	426.1169042
335.591667	426.1006281
335.758333	426.1253168
335.925	426.1268752
336.091667	426.1842855
336.258333	426.1180557
336.425	426.1063485
336.591667	426.104073
336.758333	426.1513284
336.925	426.1025781
337.091667	426.0945586
337.258333	426.0263432
337.425	426.0659774
337.591667	426.0544676
337.758333	426.1030605
337.925	426.0734484
338.091667	426.1522409
338.258333	426.0979905
338.425	426.0627692
338.591667	426.1169812
338.758333	426.0845918
338.925	426.1244933
339.091667	426.1058237
339.258333	426.1312678
339.425	426.1092688
339.591667	426.0878096
339.758333	426.1243234
339.925	426.1019099
340.091667	426.103766
340.258333	426.0587401
340.425	426.1008569
340.591667	426.1344698
340.758333	426.1004122
340.925	426.0744121
341.091667	426.039954
341.258333	426.0167783
341.425	426.0147343
341.591667	426.0415069
341.758333	426.0328842
341.925	426.0184529
342.091667	426.0197303
342.258333	425.9726049
342.425	426.0253894
342.591667	426.0326863
342.758333	426.0887067
342.925	426.0489403
343.091667	426.0501848
343.258333	426.0115227
343.425	425.9951141
343.591667	426.0014476
343.758333	425.9729278
343.925	425.9714512
344.091667	426.0228748
344.258333	425.9839543
344.425	425.9680962
344.591667	426.0176217
344.758333	425.9729581
344.925	425.9509213
345.091667	425.9243663
345.258333	425.9375075
345.425	425.9554568
345.591667	425.9149602
345.758333	425.9715381
345.925	425.9665095
346.091667	425.9143816
346.258333	425.9379439
346.425	425.9331121
346.591667	425.9442913
346.758333	425.9207596
346.925	425.9471515
347.091667	425.9469973
347.258333	425.9496338
347.425	425.9415118
347.591667	425.9239037
347.758333	425.9074288
347.925	425.9276197
348.091667	425.8954644
348.258333	425.9469899
348.425	425.9128344
348.591667	425.9019098
348.758333	425.8745716
348.925	425.8749362
349.091667	425.825144
349.258333	425.8465233
349.425	425.8835837
349.591667	425.855463
349.758333	425.8541737
349.925	425.8477977
350.091667	425.896473
350.258333	425.8683345
350.425	425.8411879
350.591667	425.9030652
350.758333	425.9028072
350.925	425.8530705
351.091667	425.8748262
351.258333	425.9338904
351.425	425.9510431
351.591667	425.9332317
351.758333	425.9151606
351.925	425.9245797
352.091667	425.8955084
352.258333	425.8830273
352.425	425.9039584
352.591667	425.8676584
352.758333	425.8728054
352.925	425.830866
353.091667	425.7914362
353.258333	425.7989678
353.425	425.8359844
353.591667	425.8000303
353.758333	425.7928443
353.925	425.848675
354.091667	425.8536311
354.258333	425.8822454
354.425	425.8555473
354.591667	425.8396851
354.758333	425.8019513
354.925	425.8445495
355.091667	425.8412091
355.258333	425.8626362
355.425	425.8487003
355.591667	425.8143879
355.758333	425.8054475
355.925	425.8180625
356.091667	425.7692053
356.258333	425.784601
356.425	425.7980423
356.591667	425.822862
356.758333	425.7317554
356.925	425.6889404
357.091667	425.762148
357.258333	425.789792
357.425	425.7858329
357.591667	425.7614788
357.758333	425.8427613
357.925	425.7898621
358.091667	425.8209987
358.258333	425.7970284
358.425	425.769152
358.591667	425.7753012
358.758333	425.8275182
358.925	425.8026441
359.091667	425.8487484
359.258333	425.7882809
359.425	425.7238631
359.591667	425.782871
359.758333	425.6945768
359.925	425.7307836
360.091667	425.7494653
360.258333	425.7259308
360.425	425.7266234
360.591667	425.711817
360.758333	425.7025566
360.925	425.6950108
361.091667	425.6811949
361.258333	425.6797742
361.425	425.6687245
361.591667	425.6433846
361.758333	425.7214823
361.925	425.7017824
362.091667	425.7074752
362.258333	425.6651963
362.425	425.6769677
362.591667	425.7700125
362.758333	425.6900033
362.925	425.6597228
363.091667	425.6396717
363.258333	425.6680043
363.425	425.6230444
363.591667	425.5896099
363.758333	425.631304
363.925	425.6484274
364.091667	425.6249921
364.258333	425.6903755
364.425	425.6383185
364.591667	425.6236883
364.758333	425.6160118
364.925	425.6436362
365.091667	425.6980829
365.258333	425.7003674
365.425	425.6157689
365.591667	425.6963122
365.758333	425.6892591
365.925	425.6587011
366.091667	425.7066988
366.258333	425.6393036
366.425	425.6618763
366.591667	425.6636124
366.758333	425.6467351
366.925	425.5942301
367.091667	425.5769752
367.258333	425.6478666
367.425	425.5778843
367.591667	425.5564105
367.758333	425.5735906
367.925	425.6642187
368.091667	425.6716453
368.258333	425.6366756
368.425	425.6110697
368.591667	425.6187597
368.758333	425.6177504
368.925	425.6197339
369.091667	425.6214426
369.258333	425.6566807
369.425	425.6082082
369.591667	425.6296973
369.758333	425.5961326
369.925	425.6318216
370.091667	425.5806936
370.258333	425.5882041
370.425	425.5386765
370.591667	425.5404774
370.758333	425.5323885
370.925	425.5248413
371.091667	425.5374399
371.258333	425.5624727
371.425	425.4845273
371.591667	425.4736076
371.758333	425.5202801
371.925	425.5175851
372.091667	425.5720523
372.258333	425.5453193
372.425	425.554216
372.591667	425.5172931
372.758333	425.5263019
372.925	425.5351774
373.091667	425.5915543
373.258333	425.5594809
373.425	425.5389066
373.591667	425.5473372
373.758333	425.4758424
373.925	425.5150516
374.091667	425.5129021
374.258333	425.4927586
374.425	425.4882269
374.591667	425.5027075
374.758333	425.5032973
374.925	425.4990713
375.091667	425.4765267
375.258333	425.4646232
375.425	425.4687238
375.591667	425.4229391
375.758333	425.4476346
375.925	425.4570028
376.091667	425.5155655
376.258333	425.4785077
376.425	425.4937349
376.591667	425.4829749
376.758333	425.4972911
376.925	425.5389189
377.091667	425.6104772
377.258333	425.5092066
377.425	425.4590099
377.591667	425.4679774
377.758333	425.4334531
377.925	425.4641655
378.091667	425.426475
378.258333	425.421081
378.425	425.4333407
378.591667	425.4035139
378.758333	425.3606594
378.925	425.3937472
379.091667	425.4135211
379.258333	425.3799402
379.425	425.3907572
379.591667	425.4343877
379.758333	425.4046131
379.925	425.4120791
380.091667	425.4368636
380.258333	425.4959525
380.425	425.3941918
380.591667	425.4530599
380.758333	425.4623059
380.925	425.4612053
381.091667	425.4266051
381.258333	425.448489
381.425	425.4219436
381.591667	425.4506244
381.758333	425.429816
381.925	425.443267
382.091667	425.4208
382.258333	425.4084048
382.425	425.3740525
382.591667	425.4244969
382.758333	425.3844772
382.925	425.4079206
383.091667	425.3918269
383.258333	425.3868394
383.425	425.3806205
383.591667	425.4013195
383.758333	425.4296375
383.925	425.4031881
384.091667	425.4011269
384.258333	425.4605638
384.425	425.4309955
384.591667	425.4375806
384.758333	425.4812963
384.925	425.4669996
385.091667	425.4501722
385.258333	425.3975452
385.425	425.3828917
385.591667	425.386379
385.758333	425.3595229
385.925	425.3663008
386.091667	425.3923249
386.258333	425.4005882
386.425	425.3395002
386.591667	425.3773443
386.758333	425.3549413
386.925	425.3829058
387.091667	425.3348754
387.258333	425.382744
387.425	425.4218125
387.591667	425.3526742
387.758333	425.3777606
387.925	425.4332696
388.091667	425.4197358
388.258333	425.4813704
388.425	425.4635912
388.591667	425.4872955
388.758333	425.4716562
388.925	425.4655331
389.091667	425.4644356
389.258333	425.4513417
389.425	425.4279574
389.591667	425.4188212
389.758333	425.4496863
389.925	425.4500816
390.091667	425.4779082
390.258333	425.4633367
390.425	425.4656132
390.591667	425.4707621
390.758333	425.5268709
390.925	425.5346714
391.091667	425.473125
391.258333	425.4839596
391.425	425.4591887
391.591667	425.4526167
391.758333	425.4429562
391.925	425.5034495
392.091667	425.4848891
392.258333	425.4734163
392.425	425.454887
392.591667	425.4879938
392.758333	425.4559302
392.925	425.5061599
393.091667	425.4992428
393.258333	425.4818842
393.425	425.5328098
393.591667	425.5506791
393.758333	425.5594895
393.925	425.4953849
394.091667	425.5381159
394.258333	425.5270718
394.425	425.5530254
394.591667	425.5578467
394.758333	425.5075156
394.925	425.5458307
395.091667	425.586495
395.258333	425.532519
395.425	425.5180931
395.591667	425.4990549
395.758333	425.4853605
395.925	425.5598999
396.091667	425.508414
396.258333	425.5752105
396.425	425.5138105
396.591667	425.557091
396.758333	425.5402755
396.925	425.5788189
397.091667	425.5964087
397.258333	425.5914231
397.425	425.5971041
397.591667	425.6226088
397.758333	425.6129603
397.925	425.6150344
398.091667	425.6535477
398.258333	425.6115005
398.425	425.5806827
398.591667	425.6123845
398.758333	425.645409
398.925	425.6201206
399.091667	425.5639453
399.258333	425.6054676
399.425	425.6191409
399.591667	425.582316
399.758333	425.6845859
399.925	425.6610838
400.091667	425.665443
400.258333	425.6748913
400.425	425.6845326
400.591667	425.5991138
400.758333	425.7105042
400.925	425.6889501
401.091667	425.6676808
401.258333	425.7377777
401.425	425.6417486
401.591667	425.6458059
401.758333	425.6720445
401.925	425.7166623
402.091667	425.7030709
402.258333	425.6793866
402.425	425.6542484
402.591667	425.7212594
402.758333	425.6786294
402.925	425.6953323
403.091667	425.7213932
403.258333	425.7116544
403.425	425.7329419
403.591667	425.7566986
403.758333	425.7192274
403.925	425.7797983
404.091667	425.7515941
404.258333	425.7060737
404.425	425.712543
404.591667	425.7476258
404.758333	425.7557344
404.925	425.7910922
405.091667	425.7885596
405.258333	425.7957955
405.425	425.7687604
405.591667	425.7359669
405.758333	425.7413321
405.925	425.7734216
406.091667	425.8101075
406.258333	425.7560596
406.425	425.6858507
406.591667	425.7512433
406.758333	425.7903281
406.925	425.8138102
407.091667	425.7800375
407.258333	425.8367561
407.425	425.8308908
407.591667	425.7909411
407.758333	425.8673453
407.925	425.8931048
408.091667	425.8866211
408.258333	425.8570942
408.425	425.8879892
408.591667	425.9155511
408.758333	425.9099209
408.925	425.8737913
409.091667	425.8937771
409.258333	425.8864011
409.425	425.8640749
409.591667	425.9073382
409.758333	425.8677831
409.925	425.8786913
410.091667	425.9224817
410.258333	425.8547401
410.425	425.8991774
410.591667	425.9339484
410.758333	425.935941
410.925	425.8728527
411.091667	425.9215687
411.258333	425.9270373
411.425	425.9662481
411.591667	425.9537892
411.758333	426.0165085
411.925	426.0601951
412.091667	426.1384677
412.258333	426.253113
412.425	426.3589174
412.591667	426.5967831
412.758333	426.7282483
412.925	427.0182205
413.091667	427.2576928
413.258333	427.5668462
413.425	427.7654188
413.591667	428.043179
413.758333	428.3074007
413.925	428.5133085
414.091667	428.778301
414.258333	428.9910469
414.425	429.2701734
414.591667	429.4811072
414.758333	429.7254035
414.925	429.8643531
415.091667	430.0146903
415.258333	430.2068107
415.425	430.4096162
415.591667	430.6164682
415.758333	430.8857232
415.925	431.0698689
416.091667	431.3107613
416.258333	431.5374959
416.425	431.7024599
416.591667	431.986946
416.758333	432.2565354
416.925	432.5779148
417.091667	432.7781804
417.258333	433.1331741
417.425	433.3901874
417.591667	433.6834014
417.758333	433.9448536
417.925	434.1945144
418.091667	434.4177676
418.258333	434.7343395
418.425	434.9846975
418.591667	435.2526859
418.758333	435.551871
418.925	435.7213017
419.091667	435.9385856
419.258333	436.2055196
419.425	436.4489778
419.591667	436.7072495
419.758333	436.9184207
419.925	437.2144546
420.091667	437.4459773
420.258333	437.7198788
420.425	438.0030873
420.591667	438.272824
420.758333	438.5659724
420.925	438.8360279
421.091667	439.1149591
421.258333	439.3661107
421.425	439.6555934
421.591667	439.9702003
421.758333	440.2484388
421.925	440.5494081
422.091667	440.8179119
422.258333	441.078544
422.425	441.3489365
422.591667	441.661503
422.758333	441.9115413
422.925	442.2041661
423.091667	442.4855245
423.258333	442.7736972
423.425	443.0790852
423.591667	443.385012
423.758333	443.6514042
423.925	443.9546855
424.091667	444.2426359
424.258333	444.559896
424.425	444.8915325
424.591667	445.1926946
424.758333	445.4770082
424.925	445.7945886
425.091667	446.1121028
425.258333	446.4574211
425.425	446.7406548
425.591667	447.0864164
425.758333	447.3289307
425.925	447.682497
426.091667	448.0198558
426.258333	448.2646242
426.425	448.5946941
426.591667	448.9016064
426.758333	449.2354227
426.925	449.5158789
427.091667	449.8862174
427.258333	450.1790269
427.425	450.5178336
427.591667	450.8249586
427.758333	451.1129389
427.925	451.5326462
428.091667	451.8460236
428.258333	452.1753691
428.425	452.4132952
428.591667	452.7762928
428.758333	453.1656879
428.925	453.4737607
429.091667	453.7948939
429.258333	454.1781761
429.425	454.4587408
429.591667	454.8934999
429.758333	455.1525377
429.925	455.4918981
430.091667	455.8796055
430.258333	456.2058389
430.425	456.53964
430.591667	456.8648269
430.758333	457.1906756
430.925	457.5543842
431.091667	457.874766
431.258333	458.1986722
431.425	458.6331196
431.591667	458.9426966
431.758333	459.3055051
431.925	459.6359358
432.091667	459.9933514
432.258333	460.297968
432.425	460.720877
432.591667	461.0604048
432.758333	461.3590703
432.925	461.7825855
433.091667	462.0860058
433.258333	462.4840133
433.425	462.7987019
433.591667	463.1735507
433.758333	463.5030534
433.925	463.8578125
434.091667	464.2282773
434.258333	464.5407127
434.425	464.9767123
434.591667	465.3238882
434.758333	465.7047579
434.925	466.0247398
435.091667	466.4189374
435.258333	466.742754
435.425	467.1138915
435.591667	467.4790862
435.758333	467.8943495
435.925	468.1791697
436.091667	468.5846314
436.258333	468.9419149
436.425	469.3345714
436.591667	469.6611372
436.758333	470.0469734
436.925	470.3755913
437.091667	470.7362185
437.258333	471.1507972
437.425	471.4483521
437.591667	471.8072406
437.758333	472.1924006
437.925	472.5414441
438.091667	472.9216824
438.258333	473.2631382
438.425	473.6535268
438.591667	473.9620701
438.758333	474.3474313
438.925	474.6944097
439.091667	475.0670775
439.258333	475.4407479
439.425	475.837563
439.591667	476.1807691
439.758333	476.5302017
439.925	476.8419236
440.091667	477.2147388
440.258333	477.6308831
440.425	477.9605039
440.591667	478.3550893
440.758333	478.69371
440.925	479.0689084
441.091667	479.3899373
441.258333	479.7664121
441.425	480.0809136
441.591667	480.3990056
441.758333	480.7847396
441.925	481.1825069
442.091667	481.4989062
442.258333	481.8468477
442.425	482.2471803
442.591667	482.5447463
442.758333	482.8811341
442.925	483.25706
443.091667	483.6423109
443.258333	483.9435161
443.425	484.336866
443.591667	484.6880041
443.758333	485.0056041
443.925	485.3737997
444.091667	485.7178928
444.258333	486.1543375
444.425	486.504794
444.591667	486.8717822
444.758333	487.2067311
444.925	487.5941975
445.091667	487.9564247
445.258333	488.2543435
445.425	488.6551286
445.591667	488.9512679
445.758333	489.2957731
445.925	489.6639109
446.091667	490.0391676
446.258333	490.3071345
446.425	490.6738773
446.591667	491.0717651
446.758333	491.4322246
446.925	491.7428299
447.091667	492.0655261
447.258333	492.4738874
447.425	492.8318769
447.591667	493.15594
447.758333	493.5523358
447.925	493.9014031
448.091667	494.2170039
448.258333	494.642782
448.425	494.9603772
448.591667	495.3172233
448.758333	495.6299117
448.925	496.0359284
449.091667	496.3971011
449.258333	496.7308485
449.425	497.0492547
449.591667	497.4097194
449.758333	497.7365024
449.925	498.0842839
450.091667	498.4410296
450.258333	498.8230155
450.425	499.1155243
450.591667	499.469305
450.758333	499.8493653
450.925	500.238898
451.091667	500.5994989
451.258333	500.9190021
451.425	501.305902
451.591667	501.6328797
451.758333	501.98097
451.925	502.3366481
452.091667	502.6767922
452.258333	503.0183736
452.425	503.4119052
452.591667	503.7449272
452.758333	504.0741303
452.925	504.4123419
453.091667	504.7437075
453.258333	505.1678353
453.425	505.50054
453.591667	505.8482779
453.758333	506.239143
453.925	506.570193
454.091667	506.8277057
454.258333	507.1790733
454.425	507.6077029
454.591667	507.9580615
454.758333	508.2648165
454.925	508.6857518
455.091667	509.0146569
455.258333	509.3416786
455.425	509.7084313
455.591667	510.0924789
455.758333	510.4726005
455.925	510.7740902
456.091667	511.1446263
456.258333	511.4765889
456.425	511.7637888
456.591667	512.1351664
456.758333	512.4881783
456.925	512.8528418
457.091667	513.2124636
457.258333	513.5382595
457.425	513.8925438
457.591667	514.248029
457.758333	514.595302
457.925	514.9355245
458.091667	515.3355786
458.258333	515.6981078
458.425	516.036505
458.591667	516.3917098
458.758333	516.7499889
458.925	517.1307567
459.091667	517.4482986
459.258333	517.8328707
459.425	518.1126225
459.591667	518.4727221
459.758333	518.793983
459.925	519.1846016
460.091667	519.5027576
460.258333	519.8176971
460.425	520.2024443
460.591667	520.5178878
460.758333	520.8948076
460.925	521.184305
461.091667	521.4736162
461.258333	521.7746398
461.425	521.9822671
461.591667	522.2686192
461.758333	522.4555227
461.925	522.6022651
462.091667	522.7242039
462.258333	522.7473015
462.425	522.7979568
462.591667	522.8623694
462.758333	522.8685896
462.925	522.9007279
463.091667	522.9254452
463.258333	522.9327289
463.425	523.0710434
463.591667	523.115501
463.758333	523.166639
463.925	523.2855734
464.091667	523.329085
464.258333	523.4914789
464.425	523.5750494
464.591667	523.6991983
464.758333	523.809431
464.925	523.9264153
465.091667	524.0321236
465.258333	524.2073498
465.425	524.2824267
465.591667	524.3563461
465.758333	524.4512852
465.925	524.4535641
466.091667	524.568846
466.258333	524.6482169
466.425	524.7099802
466.591667	524.7400826
466.758333	524.7840121
466.925	524.8168721
467.091667	524.9031577
467.258333	524.940553
467.425	524.9814785
467.591667	525.0429075
467.758333	525.1003707
467.925	525.2057472
468.091667	525.2790453
468.258333	525.3249402
468.425	525.3440918
468.591667	525.472072
468.758333	525.5649849
468.925	525.6119375
469.091667	525.7088246
469.258333	525.8180966
469.425	525.8877385
469.591667	525.9580507
469.758333	526.0507089
469.925	526.05554
470.091667	526.1608846
470.258333	526.1750335
470.425	526.2278316
470.591667	526.2429465
470.758333	526.3633374
470.925	526.3476748
471.091667	526.3746852
471.258333	526.4398984
471.425	526.4762928
471.591667	526.4703091
471.758333	526.494694
471.925	526.5250717
472.091667	526.552977
472.258333	526.6355303
472.425	526.6673396
472.591667	526.7192585
472.758333	526.7027692
472.925	526.783987
473.091667	526.856191
473.258333	526.8915875
473.425	526.952263
473.591667	527.0669847
473.758333	527.0589451
473.925	527.0676665
474.091667	527.0933046
474.258333	527.1561064
474.425	527.2156099
474.591667	527.2536965
474.758333	527.2518731
474.925	527.2887241
475.091667	527.3470712
475.258333	527.3102212
475.425	527.3425805
475.591667	527.3416528
475.758333	527.4306929
475.925	527.4103367
476.091667	527.4487243
476.258333	527.4361464
476.425	527.4485812
476.591667	527.5203426
476.758333	527.5277707
476.925	527.5756026
477.091667	527.591411
477.258333	527.5897472
477.425	527.6033094
477.591667	527.5610826
477.758333	527.6336128
477.925	527.6016611
478.091667	527.6231979
478.258333	527.6806018
478.425	527.6578372
478.591667	527.639401
478.758333	527.6594216
478.925	527.663044
479.091667	527.7089817
479.258333	527.7182197
479.425	527.7672641
479.591667	527.763458
479.758333	527.7823438
479.925	527.7760621
480.091667	527.8052636
480.258333	527.7847816
480.425	527.7569227
480.591667	527.7671028
480.758333	527.7892606
480.925	527.8047976
481.091667	527.8322094
481.258333	527.7793323
481.425	527.816734
481.591667	527.7774296
481.758333	527.7402544
481.925	527.7553728
482.091667	527.7706675
482.258333	527.8110395
482.425	527.7563873
482.591667	527.8189648
482.758333	527.7682725
482.925	527.8318464
483.091667	527.8120446
483.258333	527.8623354
483.425	527.9008511
483.591667	527.7904213
483.758333	527.7930126
483.925	527.8654742
484.091667	527.8533244
484.258333	527.8656515
484.425	527.8607904
484.591667	527.8698262
484.758333	527.8788821
484.925	527.7660158
485.091667	527.8433161
485.258333	527.8613017
485.425	527.8878807
485.591667	527.9313943
485.758333	527.9001807
485.925	527.8345142
486.091667	527.8317668
486.258333	527.8406236
486.425	527.8684643
486.591667	527.8376045
486.758333	527.8842209
486.925	527.8413205
487.091667	527.8361129
487.258333	527.8436622
487.425	527.8661757
487.591667	527.8705438
487.758333	527.8233784
487.925	527.852413
488.091667	527.8656772
488.258333	527.8261019
488.425	527.8082006
488.591667	527.814529
488.758333	527.8342644
488.925	527.8239037
489.091667	527.8398956
489.258333	527.8884576
489.425	527.798127
489.591667	527.6448438
489.758333	527.5048865
489.925	527.4418943
490.091667	527.459442
490.258333	527.4661473
490.425	527.3501384
490.591667	527.4286274
490.758333	527.3985093
490.925	527.448391
491.091667	527.4374231
491.258333	527.340862
491.425	527.2851271
491.591667	527.2146955
491.758333	527.1456069
491.925	527.1097823
492.091667	527.0181764
492.258333	526.918219
492.425	526.7707552
492.591667	526.690667
492.758333	526.520294
492.925	526.3628723
493.091667	526.3000928
493.258333	526.1046088
493.425	526.0449308
493.591667	525.861347
493.758333	525.7605128
493.925	525.67875
494.091667	525.5998065
494.258333	525.454222
494.425	525.3945638
494.591667	525.3906293
494.758333	525.4019234
494.925	525.349931
495.091667	525.3433686
495.258333	525.2828496
495.425	525.2853614
495.591667	525.2981878
495.758333	525.2351117
495.925	525.2692899
496.091667	525.2903512
496.258333	525.2422172
496.425	525.2901897
496.591667	525.2670525
496.758333	525.2472288
496.925	525.2676581
497.091667	525.2802138
497.258333	525.2616504
497.425	525.2406349
497.591667	525.258595
497.758333	525.2633991
497.925	525.2483509
498.091667	525.2056803
498.258333	525.1595179
498.425	525.1490268
498.591667	525.1812187
498.758333	525.206861
498.925	525.1739934
499.091667	525.1748974
499.258333	525.180268
499.425	525.1602391
499.591667	525.1948361
499.758333	525.2168302
499.925	525.197822
500.091667	525.2171267
500.258333	525.247827
500.425	525.2387163
500.591667	525.2273002
500.758333	525.2187233
500.925	525.2165527
