time	T
0.091666667	524.783795
0.258333333	524.8425039
0.425	524.840271
0.591666667	524.8570263
0.758333333	524.8850453
0.925	524.8966845
1.09166667	524.9305072
1.25833333	524.9240312
1.425	524.915206
1.59166667	524.9553314
1.75833333	524.9068275
1.925	524.9325935
2.09166667	524.8468095
2.25833333	524.8384126
2.425	524.8251976
2.59166667	524.8549756
2.75833333	524.8818549
2.925	524.8600126
3.09166667	524.8479315
3.25833333	524.8567843
3.425	524.9024615
3.59166667	524.8912593
3.75833333	524.9349774
3.925	524.8960356
4.09166667	525.0071382
4.25833333	524.9621932
4.425	525.0056646
4.59166667	524.9538238
4.75833333	524.9635922
4.925	525.0011655
5.09166667	525.0244466
5.25833333	525.1685556
5.425	525.5434207
5.59166667	525.9166166
5.75833333	526.1475254
5.925	526.3004777
6.09166667	526.4327863
6.25833333	526.5003031
6.425	526.6358355
6.59166667	526.7467735
6.75833333	526.8481291
6.925	526.9203389
7.09166667	527.0128725
7.25833333	527.1157708
7.425	527.1127653
7.59166667	527.1617375
7.75833333	527.2282422
7.925	527.2900995
8.09166667	527.2833278
8.25833333	527.2634923
8.425	527.3772114
8.59166667	527.3537558
8.75833333	527.4124832
8.925	527.4508816
9.09166667	527.4773644
9.25833333	527.4836076
9.425	527.5787656
9.59166667	527.5947369
9.75833333	527.6040862
9.925	527.6291734
10.0916667	527.6270203
10.2583333	527.6663593
10.425	527.6964835
10.5916667	527.7244327
10.7583333	527.7705507
10.925	527.7438706
11.0916667	527.7101613
11.2583333	527.7378928
11.425	527.8036694
11.5916667	527.7461535
11.7583333	527.7421494
11.925	527.7488095
12.0916667	527.7720542
12.2583333	527.8056502
12.425	527.809045
12.5916667	527.785748
12.7583333	527.8381705
12.925	527.8657306
13.0916667	527.8482967
13.2583333	527.8982829
13.425	527.8889392
13.5916667	527.921309
13.7583333	527.947211
13.925	527.914568
14.0916667	527.9113114
14.2583333	527.8808707
14.425	527.9052481
14.5916667	527.9575491
14.7583333	527.9226844
14.925	527.9961028
15.0916667	527.9195432
15.2583333	528.0005324
15.425	527.9279817
15.5916667	527.9922273
15.7583333	527.960098
15.925	527.9879893
16.0916667	527.9134167
16.2583333	527.9718654
16.425	527.9848763
16.5916667	528.0201685
16.7583333	528.0323778
16.925	528.0482338
17.0916667	528.0870443
17.2583333	528.0605236
17.425	528.0462216
17.5916667	528.0652821
17.7583333	528.0419882
17.925	528.0382273
18.0916667	528.1031191
18.2583333	528.0669088
18.425	528.03588
18.5916667	528.057788
18.7583333	528.0845107
18.925	528.0782904
19.0916667	528.0811307
19.2583333	528.0412126
19.425	528.1302127
19.5916667	528.1101367
19.7583333	528.1185818
19.925	528.1053673
20.0916667	528.1293429
20.2583333	528.1141299
20.425	528.0893743
20.5916667	528.1393162
20.7583333	528.1454438
20.925	528.1076294
21.0916667	528.1328893
21.2583333	528.1469716
21.425	528.1211795
21.5916667	528.1433696
21.7583333	528.1215845
21.925	528.1053427
22.0916667	528.1037984
22.2583333	528.135017
22.425	528.1712271
22.5916667	528.1276598
22.7583333	528.1341291
22.925	528.1256477
23.0916667	528.1699044
23.2583333	528.1821525
23.425	528.2381567
23.5916667	528.2052383
23.7583333	528.2106761
23.925	528.1843457
24.0916667	528.1811164
24.2583333	528.1933812
24.425	528.1966233
24.5916667	528.1601473
24.7583333	528.2147341
24.925	528.1803988
25.0916667	528.1806002
25.2583333	528.1309691
25.425	528.1516259
25.5916667	528.1801161
25.7583333	528.1709187
25.925	528.1059032
26.0916667	528.2038961
26.2583333	528.1578285
26.425	528.2319597
26.5916667	528.196481
26.7583333	528.1801442
26.925	528.2115363
27.0916667	528.2208958
27.2583333	528.2153466
27.425	528.1946293
27.5916667	528.1812234
27.7583333	528.2581812
27.925	528.2457107
28.0916667	528.2121337
28.2583333	528.1798658
28.425	528.1356941
28.5916667	528.1838849
28.7583333	528.1890096
28.925	528.1623451
29.0916667	528.1840266
29.2583333	528.1483154
29.425	528.1448184
29.5916667	528.1725457
29.7583333	528.1958752
29.925	528.2119082
30.0916667	528.1737719
30.2583333	528.1982985
30.425	528.2455707
30.5916667	528.1586047
30.7583333	528.2243902
30.925	528.1612395
31.0916667	528.2448465
31.2583333	528.2527412
31.425	528.2019867
31.5916667	528.2005947
31.7583333	528.1852316
31.925	528.2219717
32.0916667	528.2029793
32.2583333	528.1793181
32.425	528.2036884
32.5916667	528.1667309
32.7583333	528.1463514
32.925	528.163996
33.0916667	528.1572208
33.2583333	528.1344191
33.425	528.0757963
33.5916667	528.0573544
33.7583333	528.1138004
33.925	528.132194
34.0916667	528.132798
34.2583333	528.1686412
34.425	528.169661
34.5916667	528.133583
34.7583333	528.1556603
34.925	528.1624824
35.0916667	528.1300763
35.2583333	528.1570392
35.425	528.1313029
35.5916667	528.1156357
35.7583333	528.1257011
35.925	528.118099
36.0916667	528.1357943
36.2583333	528.1616353
36.425	528.0753698
36.5916667	528.1031474
36.7583333	528.1263997
36.925	528.0888882
37.0916667	528.107311
37.2583333	528.1692545
37.425	528.1710711
37.5916667	528.1247697
37.7583333	528.144045
37.925	528.1198486
38.0916667	528.1691308
38.2583333	528.1662446
38.425	528.2225052
38.5916667	528.2237421
38.7583333	528.1733389
38.925	528.2005233
39.0916667	528.1391581
39.2583333	528.1650307
39.425	528.1905572
39.5916667	528.1637375
39.7583333	528.125361
39.925	528.1667668
40.0916667	528.1691831
40.2583333	528.1569496
40.425	528.1284763
40.5916667	528.1435795
40.7583333	528.1495567
40.925	528.1906446
41.0916667	528.153471
41.2583333	528.1248986
41.425	528.1723699
41.5916667	528.1329629
41.7583333	528.1165471
41.925	528.1416746
42.0916667	528.1439496
42.2583333	528.1671013
42.425	528.1494711
42.5916667	528.1538766
42.7583333	528.1350231
42.925	528.1496781
43.0916667	528.1803591
43.2583333	528.2061628
43.425	528.2011369
43.5916667	528.1410483
43.7583333	528.160019
43.925	528.178257
44.0916667	528.1409112
44.2583333	528.1842088
44.425	528.151826
44.5916667	528.2059567
44.7583333	528.1737057
44.925	528.1552413
45.0916667	528.1068409
45.2583333	528.1345643
45.425	528.1315812
45.5916667	528.101614
45.7583333	528.1387282
45.925	528.109023
46.0916667	528.1391744
46.2583333	528.1482335
46.425	528.1730096
46.5916667	528.120217
46.7583333	528.1804854
46.925	528.141297
47.0916667	528.143108
47.2583333	528.1906587
47.425	528.1642215
47.5916667	528.0850259
47.7583333	528.1348732
47.925	528.1126848
48.0916667	528.1767261
48.2583333	528.1548718
48.425	528.1645524
48.5916667	528.1883369
48.7583333	528.1556569
48.925	528.1563978
49.0916667	528.1403159
49.2583333	528.1194815
49.425	528.1450265
49.5916667	528.1479763
49.7583333	528.1660889
49.925	528.1097234
50.0916667	528.0878876
50.2583333	527.9430987
50.425	527.8255306
50.5916667	527.7758771
50.7583333	527.5625823
50.925	527.4076778
51.0916667	527.2341283
51.2583333	526.9890887
51.425	526.8105314
51.5916667	526.5490774
51.7583333	526.335529
51.925	526.106915
52.0916667	525.8461877
52.2583333	525.5896371
52.425	525.3576168
52.5916667	525.1209056
52.7583333	524.8230183
52.925	524.5527348
53.0916667	524.3086568
53.2583333	524.0252118
53.425	523.7948654
53.5916667	523.465449
53.7583333	523.185034
53.925	522.9070662
54.0916667	522.6746515
54.2583333	522.3854913
54.425	522.1314928
54.5916667	521.8380106
54.7583333	521.5293894
54.925	521.2215173
55.0916667	521.0075802
55.2583333	520.6661401
55.425	520.4460512
55.5916667	520.1612524
55.7583333	519.8595678
55.925	519.5884481
56.0916667	519.3055715
56.2583333	519.0505655
56.425	518.7767148
56.5916667	518.492089
56.7583333	518.2714208
56.925	517.9464027
57.0916667	517.6994418
57.2583333	517.4399805
57.425	517.1045169
57.5916667	516.8668468
57.7583333	516.6384829
57.925	516.3292465
58.0916667	516.0549506
58.2583333	515.7572177
58.425	515.5232577
58.5916667	515.1973874
58.7583333	514.9314084
58.925	514.654303
59.0916667	514.3463922
59.2583333	514.1019241
59.425	513.8555809
59.5916667	513.6128169
59.7583333	513.2889252
59.925	513.0050302
60.0916667	512.7946144
60.2583333	512.4916022
60.425	512.2451028
60.5916667	511.9315207
60.7583333	511.674064
60.925	511.3823522
61.0916667	511.1013788
61.2583333	510.8827589
61.425	510.5724073
61.5916667	510.2911117
61.7583333	509.9852879
61.925	509.7113944
62.0916667	509.437622
62.2583333	509.1806647
62.425	508.8713714
62.5916667	508.6068196
62.7583333	508.3632121
62.925	508.0608908
63.0916667	507.7858644
63.2583333	507.5018163
63.425	507.2616699
63.5916667	506.9662854
63.7583333	506.6922758
63.925	506.4010552
64.0916667	506.178609
64.2583333	505.8760085
64.425	505.6360545
64.5916667	505.3887083
64.7583333	505.1620968
64.925	504.9387462
65.0916667	504.8049026
65.2583333	504.6677036
65.425	504.5717095
65.5916667	504.464417
65.7583333	504.4322482
65.925	504.416382
66.0916667	504.4576765
66.2583333	504.4073385
66.425	504.4484674
66.5916667	504.4754684
66.7583333	504.4897769
66.925	504.4788532
67.0916667	504.4602488
67.2583333	504.439409
67.425	504.4437735
67.5916667	504.3197362
67.7583333	504.2233892
67.925	504.1719651
68.0916667	504.0766123
68.2583333	503.9251906
68.425	503.8422933
68.5916667	503.7730161
68.7583333	503.6552833
68.925	503.5799969
69.0916667	503.5259139
69.2583333	503.5615317
69.425	503.5180531
69.5916667	503.5229599
69.7583333	503.5291772
69.925	503.5034676
70.0916667	503.5091015
70.2583333	503.4664878
70.425	503.5000806
70.5916667	503.4748175
70.7583333	503.4825627
70.925	503.4931679
71.0916667	503.4769286
71.2583333	503.4447023
71.425	503.3908598
71.5916667	503.3800912
71.7583333	503.3774767
71.925	503.3384297
72.0916667	503.3477249
72.2583333	503.2786193
72.425	503.2615615
72.5916667	503.1862276
72.7583333	503.2055083
72.925	503.1757494
73.0916667	503.1175263
73.2583333	503.1362806
73.425	503.1305885
73.5916667	503.1351415
73.7583333	503.1696264
73.925	503.1223651
74.0916667	503.1443599
74.2583333	503.1412693
74.425	503.1304373
74.5916667	503.1625973
74.7583333	503.1350883
74.925	503.1210944
75.0916667	503.1519781
75.2583333	503.0887151
75.425	503.1012491
75.5916667	503.1036635
75.7583333	503.0585917
75.925	503.0789279
76.0916667	503.1274658
76.2583333	503.0323222
76.425	503.0239643
76.5916667	502.9704454
76.7583333	502.9651347
76.925	503.0008804
77.0916667	503.014849
77.2583333	503.025763
77.425	503.0285107
77.5916667	503.0228974
77.7583333	503.0790963
77.925	503.0471226
78.0916667	503.0041857
78.2583333	503.0706996
78.425	502.99848
78.5916667	503.0138355
78.7583333	503.0093292
78.925	503.0383264
79.0916667	503.035672
79.2583333	503.0779758
79.425	503.015738
79.5916667	502.9938295
79.7583333	502.983477
79.925	503.0408266
80.0916667	503.0341753
80.2583333	503.0197543
80.425	503.0474564
80.5916667	503.0353123
80.7583333	503.0000516
80.925	503.0582559
81.0916667	502.9817858
81.2583333	503.0103288
81.425	502.9673253
81.5916667	502.9907253
81.7583333	502.9795967
81.925	502.9947576
82.0916667	502.9601004
82.2583333	502.9996562
82.425	502.9408127
82.5916667	503.0085169
82.7583333	502.9863186
82.925	502.982668
83.0916667	503.0234083
83.2583333	503.018761
83.425	503.0490961
83.5916667	503.0308994
83.7583333	503.0048866
83.925	502.9562991
84.0916667	502.9535644
84.2583333	503.0009349
84.425	502.9921988
84.5916667	502.9934961
84.7583333	503.0127639
84.925	502.9532242
85.0916667	503.0123641
85.2583333	503.0052471
85.425	503.0207689
85.5916667	503.0083318
85.7583333	502.9988932
85.925	502.9944435
86.0916667	503.0194767
86.2583333	503.0205618
86.425	502.9805321
86.5916667	503.033557
86.7583333	502.9993804
86.925	503.0323766
87.0916667	502.9804165
87.2583333	503.0044517
87.425	502.9798753
87.5916667	502.9999074
87.7583333	502.9724267
87.925	502.9980725
88.0916667	502.9539448
88.2583333	502.9323219
88.425	502.9760685
88.5916667	503.0049579
88.7583333	502.9717761
88.925	502.9837843
89.0916667	503.0236167
89.2583333	503.0018059
89.425	503.0483223
89.5916667	503.0257975
89.7583333	503.0142359
89.925	503.0280483
90.0916667	503.0818846
90.2583333	503.0766853
90.425	503.0350961
90.5916667	503.0663234
90.7583333	503.0459092
90.925	503.0679751
91.0916667	503.0358472
91.2583333	502.9944332
91.425	502.9951143
91.5916667	503.0223788
91.7583333	503.0189732
91.925	503.0343325
92.0916667	502.9971533
92.2583333	502.9707379
92.425	502.9659511
92.5916667	502.9507087
92.7583333	502.971405
92.925	503.0203369
93.0916667	502.9705029
93.2583333	503.0212744
93.425	503.0633564
93.5916667	503.0756557
93.7583333	503.0420689
93.925	503.0752291
94.0916667	503.0933244
94.2583333	503.0811962
94.425	503.0824296
94.5916667	503.0340123
94.7583333	503.0585392
94.925	503.0190228
95.0916667	503.0443736
95.2583333	503.0410791
95.425	503.0414854
95.5916667	503.0798956
95.7583333	503.0572431
95.925	503.0492498
96.0916667	502.9896617
96.2583333	503.0412663
96.425	503.0496573
96.5916667	502.9939734
96.7583333	503.0549544
96.925	503.0003468
97.0916667	502.9454392
97.2583333	503.0131875
97.425	503.0546079
97.5916667	503.0129789
97.7583333	503.0382153
97.925	502.9727741
98.0916667	503.013231
98.2583333	502.9992352
98.425	503.0156896
98.5916667	503.0560049
98.7583333	503.0133133
98.925	503.0209995
99.0916667	503.0242402
99.2583333	503.0390327
99.425	503.0811005
99.5916667	503.0316404
99.7583333	503.0578721
99.925	503.0611017
100.091667	503.0463525
100.258333	503.0036409
100.425	502.8980924
100.591667	502.8208589
100.758333	502.7337489
100.925	502.5757468
101.091667	502.514786
101.258333	502.3345646
101.425	502.2011873
101.591667	502.0721119
101.758333	501.8641915
101.925	501.6698887
102.091667	501.4782372
102.258333	501.3115074
102.425	501.114385
102.591667	500.8833398
102.758333	500.7512759
102.925	500.5153423
103.091667	500.3320554
103.258333	500.1283453
103.425	499.8593879
103.591667	499.6537357
103.758333	499.4858761
103.925	499.3169964
104.091667	499.0811612
104.258333	498.8235428
104.425	498.6484351
104.591667	498.3923412
104.758333	498.1893947
104.925	497.9601313
105.091667	497.7510191
105.258333	497.5080014
105.425	497.3299026
105.591667	497.1418129
105.758333	496.9111307
105.925	496.6558002
106.091667	496.4606824
106.258333	496.2387961
106.425	495.9777233
106.591667	495.8352699
106.758333	495.6053224
106.925	495.387517
107.091667	495.1262162
107.258333	494.8994041
107.425	494.7111875
107.591667	494.4714881
107.758333	494.2710593
107.925	494.0448134
108.091667	493.813079
108.258333	493.6203139
108.425	493.373937
108.591667	493.1579412
108.758333	492.9458391
108.925	492.7353439
109.091667	492.480416
109.258333	492.2256188
109.425	492.0145907
109.591667	491.835457
109.758333	491.5735672
109.925	491.3303424
110.091667	491.1870174
110.258333	491.0009763
110.425	490.6699187
110.591667	490.4645312
110.758333	490.2847396
110.925	490.03395
111.091667	489.7825166
111.258333	489.5771867
111.425	489.31376
111.591667	489.1088199
111.758333	488.8658706
111.925	488.6152563
112.091667	488.4154686
112.258333	488.1590842
112.425	487.9519358
112.591667	487.6648866
112.758333	487.4658373
112.925	487.2238831
113.091667	486.9907051
113.258333	486.7386431
113.425	486.5283046
113.591667	486.2939517
113.758333	486.0424763
113.925	485.845452
114.091667	485.5836857
114.258333	485.3506463
114.425	485.152592
114.591667	484.8964466
114.758333	484.6918612
114.925	484.4546143
115.091667	484.1840915
115.258333	483.9981698
115.425	483.7416963
115.591667	483.5487917
115.758333	483.3412348
115.925	483.1570564
116.091667	482.9035419
116.258333	482.592676
116.425	482.3880447
116.591667	482.2241206
116.758333	481.9674577
116.925	481.7676661
117.091667	481.5337828
117.258333	481.3630447
117.425	481.1844058
117.591667	480.9325178
117.758333	480.7027993
117.925	480.4958212
118.091667	480.276536
118.258333	480.082174
118.425	479.9076007
118.591667	479.6667848
118.758333	479.4892971
118.925	479.3174611
119.091667	479.1050102
119.258333	478.9442258
119.425	478.7828492
119.591667	478.7050411
119.758333	478.5609976
119.925	478.4303684
120.091667	478.4535721
120.258333	478.4501491
120.425	478.4197124
120.591667	478.3940374
120.758333	478.467343
120.925	478.512163
121.091667	478.4965185
121.258333	478.5476474
121.425	478.5400702
121.591667	478.5651323
121.758333	478.5707763
121.925	478.5606114
122.091667	478.5294526
122.258333	478.4588577
122.425	478.3843059
122.591667	478.314239
122.758333	478.2208297
122.925	478.1963563
123.091667	478.117374
123.258333	478.069795
123.425	477.9955717
123.591667	478.047939
123.758333	477.9776527
123.925	477.9818155
124.091667	477.9639993
124.258333	478.0031688
124.425	478.0590148
124.591667	478.0369457
124.758333	478.0479476
124.925	478.0411237
125.091667	478.0705713
125.258333	478.076643
125.425	478.0642704
125.591667	478.0670691
125.758333	478.0514652
125.925	478.0285569
126.091667	478.0286651
126.258333	478.0740014
126.425	478.0553401
126.591667	478.0266647
126.758333	478.0619954
126.925	477.9351184
127.091667	477.9595047
127.258333	477.9364184
127.425	477.9822299
127.591667	477.9320915
127.758333	477.915652
127.925	477.9394879
128.091667	477.9705937
128.258333	477.9871158
128.425	477.9786494
128.591667	478.0151259
128.758333	478.0353385
128.925	478.0268723
129.091667	478.0552923
129.258333	478.0420434
129.425	478.0474431
129.591667	478.0507877
129.758333	478.0931732
129.925	478.0674123
130.091667	478.0583817
130.258333	478.065617
130.425	478.0562636
130.591667	478.0326448
130.758333	477.979327
130.925	478.0010698
131.091667	477.9745315
131.258333	477.9892299
131.425	477.965829
131.591667	477.9958365
131.758333	478.002854
131.925	477.9852832
132.091667	477.987922
132.258333	478.0040941
132.425	478.0352829
132.591667	478.0570574
132.758333	478.0096805
132.925	478.0344449
133.091667	478.0201927
133.258333	478.0434891
133.425	478.0346448
133.591667	478.0512681
133.758333	478.0948852
133.925	478.0698715
134.091667	478.0596892
134.258333	478.11672
134.425	478.0305477
134.591667	478.0036538
134.758333	478.0048708
134.925	478.0500676
135.091667	478.0651091
135.258333	478.0008768
135.425	478.0400778
135.591667	478.0690426
135.758333	478.0813787
135.925	478.095474
136.091667	478.1498195
136.258333	478.0768506
136.425	478.1236653
136.591667	478.1006496
136.758333	478.1284878
136.925	478.1205132
137.091667	478.1824047
137.258333	478.0942705
137.425	478.1524169
137.591667	478.1693023
137.758333	478.176536
137.925	478.1689643
138.091667	478.1404403
138.258333	478.1623321
138.425	478.1506794
138.591667	478.1700985
138.758333	478.1652097
138.925	478.102587
139.091667	478.1743168
139.258333	478.2339698
139.425	478.1929021
139.591667	478.2521613
139.758333	478.1946103
139.925	478.2096198
140.091667	478.1977926
140.258333	478.1436792
140.425	478.1777545
140.591667	478.1330062
140.758333	478.1071087
140.925	478.1036528
141.091667	478.0432469
141.258333	477.9621416
141.425	477.8875008
141.591667	477.7756008
141.758333	477.7090015
141.925	477.6264333
142.091667	477.4645716
142.258333	477.3677524
142.425	477.2047547
142.591667	477.0507521
142.758333	476.9617805
142.925	476.8045612
143.091667	476.6943428
143.258333	476.5263001
143.425	476.3882495
143.591667	476.2456864
143.758333	476.0568893
143.925	475.9007091
144.091667	475.7925463
144.258333	475.6053597
144.425	475.4542738
144.591667	475.2961349
144.758333	475.2006527
144.925	475.0089571
145.091667	474.8513081
145.258333	474.6590533
145.425	474.5029526
145.591667	474.3234413
145.758333	474.2302007
145.925	474.0259253
146.091667	473.9008961
146.258333	473.6652919
146.425	473.5112566
146.591667	473.3913837
146.758333	473.2645008
146.925	473.1125257
147.091667	472.9371502
147.258333	472.749727
147.425	472.6217521
147.591667	472.4613092
147.758333	472.3130679
147.925	472.1374141
148.091667	471.9829405
148.258333	471.8151909
148.425	471.6217019
148.591667	471.4365275
148.758333	471.2982552
148.925	471.1579595
149.091667	470.9752628
149.258333	470.7844065
149.425	470.6151608
149.591667	470.4591521
149.758333	470.2754603
149.925	470.1035406
150.091667	469.9774133
150.258333	469.7627488
150.425	469.6738474
150.591667	469.4246372
150.758333	469.2370639
150.925	469.0895369
151.091667	468.9330443
151.258333	468.7424946
151.425	468.5591832
151.591667	468.3711556
151.758333	468.2267948
151.925	468.0624393
152.091667	467.8664586
152.258333	467.676315
152.425	467.4778876
152.591667	467.2889208
152.758333	467.1734985
152.925	466.9688516
153.091667	466.7685627
153.258333	466.5940761
153.425	466.400563
153.591667	466.1686088
153.758333	465.9665183
153.925	465.7869513
154.091667	465.6285131
154.258333	465.4324858
154.425	465.3049245
154.591667	465.1092765
154.758333	464.8552071
154.925	464.7308024
155.091667	464.501039
155.258333	464.2796892
155.425	464.1066421
155.591667	463.9384708
155.758333	463.6532042
155.925	463.4191131
156.091667	463.308036
156.258333	463.0937881
156.425	462.8960562
156.591667	462.7069408
156.758333	462.499969
156.925	462.2000974
157.091667	462.0994822
157.258333	461.8269561
157.425	461.6652291
157.591667	461.5088494
157.758333	461.3204968
157.925	461.0844733
158.091667	460.8830943
158.258333	460.7052398
158.425	460.4766634
158.591667	460.2148847
158.758333	460.1484875
158.925	459.9074564
159.091667	459.6652637
159.258333	459.4164677
159.425	459.2449887
159.591667	459.0494674
159.758333	458.8498779
159.925	458.6462294
160.091667	458.4185988
160.258333	458.2665479
160.425	458.0158443
160.591667	457.8331984
160.758333	457.6305835
160.925	457.4485366
161.091667	457.2658561
161.258333	457.0689799
161.425	456.8668701
161.591667	456.656781
161.758333	456.4332936
161.925	456.2534393
162.091667	456.0525904
162.258333	455.8437639
162.425	455.7048923
162.591667	455.4506891
162.758333	455.3255973
162.925	455.1594158
163.091667	454.9701897
163.258333	454.7960935
163.425	454.6374496
163.591667	454.50098
163.758333	454.3583982
163.925	454.2414617
164.091667	454.1906012
164.258333	454.119831
164.425	454.1101395
164.591667	454.0607469
164.758333	454.0522335
164.925	454.0397457
165.091667	454.0479242
165.258333	453.9955125
165.425	454.039287
165.591667	454.0038947
165.758333	454.0047329
165.925	453.8976933
166.091667	453.8525799
166.258333	453.8186388
166.425	453.7014332
166.591667	453.6458523
166.758333	453.5956668
166.925	453.4757952
167.091667	453.4072244
167.258333	453.3055816
167.425	453.2244964
167.591667	453.0927616
167.758333	453.095474
167.925	453.0219743
168.091667	453.0047968
168.258333	452.9831081
168.425	452.9609187
168.591667	452.9944336
168.758333	452.9956044
168.925	452.9630566
169.091667	452.9237066
169.258333	452.9144216
169.425	452.917555
169.591667	452.8831146
169.758333	452.8473841
169.925	452.8511642
170.091667	452.8363053
170.258333	452.7634164
170.425	452.7730871
170.591667	452.7561851
170.758333	452.7122036
170.925	452.6085719
171.091667	452.568295
171.258333	452.5777061
171.425	452.5579512
171.591667	452.5928245
171.758333	452.5368426
171.925	452.5541002
172.091667	452.5261731
172.258333	452.5431438
172.425	452.4938678
172.591667	452.5026114
172.758333	452.4766598
172.925	452.4441044
173.091667	452.4510847
173.258333	452.3850059
173.425	452.4316029
173.591667	452.4442921
173.758333	452.3897628
173.925	452.4601046
174.091667	452.4093628
174.258333	452.3458759
174.425	452.3782765
174.591667	452.3801863
174.758333	452.3586394
174.925	452.3772639
175.091667	452.3969362
175.258333	452.3727322
175.425	452.3483567
175.591667	452.3183756
175.758333	452.323668
175.925	452.2467007
176.091667	452.3114806
176.258333	452.2785179
176.425	452.3033567
176.591667	452.292811
176.758333	452.2432638
176.925	452.2816639
177.091667	452.272777
177.258333	452.2820962
177.425	452.2532838
177.591667	452.2511322
177.758333	452.2001506
177.925	452.267839
178.091667	452.1962431
178.258333	452.2226088
178.425	452.2447042
178.591667	452.2990256
178.758333	452.293718
178.925	452.2528498
179.091667	452.267095
179.258333	452.2564004
179.425	452.2382269
179.591667	452.215989
179.758333	452.2177815
179.925	452.2212547
180.091667	452.2092032
180.258333	452.1806402
180.425	452.1937094
180.591667	452.1845809
180.758333	452.1908898
180.925	452.1686987
181.091667	452.2120224
181.258333	452.1995107
181.425	452.2224548
181.591667	452.2227594
181.758333	452.2452674
181.925	452.2407288
182.091667	452.2608686
182.258333	452.2726738
182.425	452.3130631
182.591667	452.2657664
182.758333	452.2819958
182.925	452.1771199
183.091667	452.2509377
183.258333	452.2388896
183.425	452.1796428
183.591667	452.1911671
183.758333	452.1853885
183.925	452.1893993
184.091667	452.2364193
184.258333	452.2422201
184.425	452.2624193
184.591667	452.2621253
184.758333	452.2310667
184.925	452.2359962
185.091667	452.2261351
185.258333	452.2412432
185.425	452.2576571
185.591667	452.2625591
185.758333	452.2989507
185.925	452.297584
186.091667	452.295854
186.258333	452.1960198
186.425	452.2208277
186.591667	452.2138908
186.758333	452.2545111
186.925	452.2761551
187.091667	452.2440552
187.258333	452.2257449
187.425	452.1947645
187.591667	452.2320201
187.758333	452.2299392
187.925	452.2792402
188.091667	452.2413732
188.258333	452.2682332
188.425	452.2414394
188.591667	452.2221322
188.758333	452.1329075
188.925	452.1305097
189.091667	452.0735733
189.258333	452.0318406
189.425	451.9365952
189.591667	451.884725
189.758333	451.7611845
189.925	451.7108054
190.091667	451.5907693
190.258333	451.4299561
190.425	451.3304414
190.591667	451.2599607
190.758333	451.1582877
190.925	451.0475243
191.091667	450.9400809
191.258333	450.795895
191.425	450.7107268
191.591667	450.5699142
191.758333	450.4450517
191.925	450.3027257
192.091667	450.1841367
192.258333	450.0558878
192.425	449.9247992
192.591667	449.8490825
192.758333	449.6976454
192.925	449.5422992
193.091667	449.3809073
193.258333	449.231627
193.425	449.1467023
193.591667	448.9805532
193.758333	448.9201212
193.925	448.7176672
194.091667	448.6914859
194.258333	448.4551694
194.425	448.375997
194.591667	448.2243934
194.758333	448.1275509
194.925	447.9485986
195.091667	447.826125
195.258333	447.7071359
195.425	447.6158999
195.591667	447.4807093
195.758333	447.304607
195.925	447.1951958
196.091667	447.0592448
196.258333	446.9755601
196.425	446.8502904
196.591667	446.6236718
196.758333	446.5636119
196.925	446.3894932
197.091667	446.2556169
197.258333	446.1182022
197.425	445.9848647
197.591667	445.839872
197.758333	445.7537128
197.925	445.6356308
198.091667	445.4861469
198.258333	445.3293142
198.425	445.3067234
198.591667	445.1250285
198.758333	444.9452264
198.925	444.798498
199.091667	444.7343493
199.258333	444.5718965
199.425	444.4461501
199.591667	444.2823373
199.758333	444.180873
199.925	444.1111652
200.091667	443.9606142
200.258333	443.8148851
200.425	443.6108669
200.591667	443.5146112
200.758333	443.3634189
200.925	443.2540866
201.091667	443.1323084
201.258333	443.0098547
201.425	442.8939439
201.591667	442.7648064
201.758333	442.5981577
201.925	442.4725367
202.091667	442.3402574
202.258333	442.1959991
202.425	442.0953141
202.591667	441.9852196
202.758333	441.8434345
202.925	441.7168582
203.091667	441.5388225
203.258333	441.4021281
203.425	441.2331223
203.591667	441.1313748
203.758333	441.0178635
203.925	440.8384974
204.091667	440.6713232
204.258333	440.5774007
204.425	440.432247
204.591667	440.3174502
204.758333	440.1909947
204.925	440.0600767
205.091667	439.9221296
205.258333	439.7969463
205.425	439.6731525
205.591667	439.5061055
205.758333	439.3473664
205.925	439.1715667
206.091667	439.0544451
206.258333	438.8979836
206.425	438.7412581
206.591667	438.6740422
206.758333	438.5246036
206.925	438.4056502
207.091667	438.2261885
207.258333	438.1510794
207.425	437.9972535
207.591667	437.8560213
207.758333	437.74433
207.925	437.625303
208.091667	437.5108423
208.258333	437.3300068
208.425	437.2763401
208.591667	437.1349735
208.758333	436.9594056
208.925	436.885834
209.091667	436.7354875
209.258333	436.6138553
209.425	436.4530968
209.591667	436.3080841
209.758333	436.1858806
209.925	436.099625
210.091667	435.9535079
210.258333	435.8258455
210.425	435.6855544
210.591667	435.5506478
210.758333	435.379442
210.925	435.3074975
211.091667	435.1449215
211.258333	434.9887216
211.425	434.8725338
211.591667	434.7574886
211.758333	434.6729843
211.925	434.5399374
212.091667	434.3977558
212.258333	434.2387962
212.425	434.1997765
212.591667	434.031641
212.758333	433.9327725
212.925	433.8025669
213.091667	433.6721051
213.258333	433.5756934
213.425	433.4251011
213.591667	433.3793142
213.758333	433.2167643
213.925	433.1062717
214.091667	432.9828361
214.258333	432.8122255
214.425	432.7076238
214.591667	432.5761826
214.758333	432.49785
214.925	432.3497581
215.091667	432.2697474
215.258333	432.1415647
215.425	431.9998428
215.591667	431.9493448
215.758333	431.8058048
215.925	431.607206
216.091667	431.5601985
216.258333	431.3897978
216.425	431.3194831
216.591667	431.2049761
216.758333	431.1253669
216.925	430.9214991
217.091667	430.8812555
217.258333	430.7369963
217.425	430.6261599
217.591667	430.4995187
217.758333	430.4291701
217.925	430.2738134
218.091667	430.207711
218.258333	430.068286
218.425	430.0019083
218.591667	429.9070844
218.758333	429.8062
218.925	429.6577318
219.091667	429.6339504
219.258333	429.5751589
219.425	429.5527767
219.591667	429.4865026
219.758333	429.5278499
219.925	429.5409165
220.091667	429.5109477
220.258333	429.5347698
220.425	429.5926926
220.591667	429.6379616
220.758333	429.6193887
220.925	429.6507291
221.091667	429.5821496
221.258333	429.5663788
221.425	429.5977676
221.591667	429.5526631
221.758333	429.5444744
221.925	429.4534741
222.091667	429.3467476
222.258333	429.3400516
222.425	429.2559317
222.591667	429.2247998
222.758333	429.0989022
222.925	429.1046872
223.091667	429.0594692
223.258333	428.9962496
223.425	428.9811073
223.591667	428.9287254
223.758333	428.9381871
223.925	428.9040241
224.091667	428.9467956
224.258333	428.8925931
224.425	428.8962477
224.591667	428.8334467
224.758333	428.845775
224.925	428.8845339
225.091667	428.7878896
225.258333	428.8079999
225.425	428.8109703
225.591667	428.7894178
225.758333	428.706553
225.925	428.7125263
226.091667	428.6678938
226.258333	428.6466966
226.425	428.5981775
226.591667	428.5887991
226.758333	428.5449142
226.925	428.4438316
227.091667	428.4424429
227.258333	428.4146783
227.425	428.4038363
227.591667	428.3411944
227.758333	428.3259475
227.925	428.2923437
228.091667	428.253529
228.258333	428.2733665
228.425	428.2360348
228.591667	428.1896168
228.758333	428.1944257
228.925	428.1337203
229.091667	428.0977632
229.258333	428.108342
229.425	428.0074696
229.591667	428.0089009
229.758333	427.9799978
229.925	427.8974515
230.091667	427.9379164
230.258333	427.8877043
230.425	427.8897454
230.591667	427.8726208
230.758333	427.7873654
230.925	427.7601567
231.091667	427.7392437
231.258333	427.748571
231.425	427.7510222
231.591667	427.7261728
231.758333	427.6587665
231.925	427.6520711
232.091667	427.7008956
232.258333	427.6515827
232.425	427.6326122
232.591667	427.6491849
232.758333	427.5600893
232.925	427.5557935
233.091667	427.4961846
233.258333	427.4597428
233.425	427.4392295
233.591667	427.4706295
233.758333	427.4421945
233.925	427.4514711
234.091667	427.3815912
234.258333	427.3869232
234.425	427.3788413
234.591667	427.2616318
234.758333	427.236372
234.925	427.2473539
235.091667	427.2670087
235.258333	427.1795085
235.425	427.1972051
235.591667	427.1341831
235.758333	427.15679
235.925	427.0827136
236.091667	427.0313242
236.258333	426.9979321
236.425	427.0087012
236.591667	426.9532937
236.758333	426.8876137
236.925	426.8922066
237.091667	426.8988696
237.258333	426.8531119
237.425	426.8396378
237.591667	426.7618328
237.758333	426.8003546
237.925	426.7568634
238.091667	426.7208585
238.258333	426.6859585
238.425	426.7063095
238.591667	426.6730312
238.758333	426.5801744
238.925	426.6196356
239.091667	426.6203884
239.258333	426.6146003
239.425	426.6144126
239.591667	426.5505968
239.758333	426.4825654
239.925	426.4920519
240.091667	426.4571643
240.258333	426.4376613
240.425	426.431629
240.591667	426.4460026
240.758333	426.436901
240.925	426.4348953
241.091667	426.3807632
241.258333	426.3977142
241.425	426.4101813
241.591667	426.3683091
241.758333	426.369887
241.925	426.3977758
242.091667	426.3863663
242.258333	426.3369709
242.425	426.333188
242.591667	426.3600676
242.758333	426.3282546
242.925	426.3031936
243.091667	426.2927621
243.258333	426.272159
243.425	426.1875543
243.591667	426.2542537
243.758333	426.1658087
243.925	426.1532319
244.091667	426.1859909
244.258333	426.2025039
244.425	426.1756684
244.591667	426.2119129
244.758333	426.1550722
244.925	426.154586
245.091667	426.1238455
245.258333	426.0835784
245.425	426.1454335
245.591667	426.0807079
245.758333	426.0859885
245.925	426.0531706
246.091667	426.0862545
246.258333	426.1000135
246.425	426.0293387
246.591667	426.0655226
246.758333	426.0331999
246.925	426.0414235
247.091667	426.0501239
247.258333	426.0451093
247.425	426.0971436
247.591667	426.0786103
247.758333	426.055885
247.925	426.1106754
248.091667	426.1115495
248.258333	426.0636706
248.425	426.115989
248.591667	426.0522721
248.758333	426.039086
248.925	425.9794546
249.091667	426.0187025
249.258333	426.0330352
249.425	426.0465347
249.591667	426.0154647
249.758333	425.9839471
249.925	425.9615519
250.091667	425.9666055
250.258333	426.0121428
250.425	425.9715785
250.591667	425.9927827
250.758333	426.0062043
250.925	425.9755144
251.091667	425.9825708
251.258333	425.9881641
251.425	426.0166946
251.591667	425.9975839
251.758333	426.055469
251.925	426.0577416
252.091667	426.0700984
252.258333	426.0540928
252.425	426.0683252
252.591667	426.0150257
252.758333	426.0341875
252.925	426.0393581
253.091667	426.0437658
253.258333	426.0665588
253.425	426.0739377
253.591667	426.0227649
253.758333	425.9824824
253.925	425.9965746
254.091667	425.9657661
254.258333	426.001501
254.425	426.0142669
254.591667	425.9773131
254.758333	425.9955182
254.925	425.9948567
255.091667	426.0433396
255.258333	426.0041055
255.425	426.0292903
255.591667	426.0386137
255.758333	425.9993754
255.925	426.0113494
256.091667	425.99037
256.258333	426.0258064
256.425	425.9621327
256.591667	425.9570328
256.758333	426.0158838
256.925	425.9998548
257.091667	426.0311184
257.258333	426.1140715
257.425	426.2319369
257.591667	426.3715778
257.758333	426.556005
257.925	426.7231656
258.091667	427.0091754
258.258333	427.2166513
258.425	427.5022292
258.591667	427.7043873
258.758333	428.0355866
258.925	428.2879453
259.091667	428.5291579
259.258333	428.7381169
259.425	429.0144107
259.591667	429.2117864
259.758333	429.4291592
259.925	429.6084919
260.091667	429.8019383
260.258333	429.9788875
260.425	430.1568721
260.591667	430.376694
260.758333	430.5701206
260.925	430.8752158
261.091667	431.0667122
261.258333	431.3039192
261.425	431.5853489
261.591667	431.7933484
261.758333	432.0575153
261.925	432.3605474
262.091667	432.6767669
262.258333	432.8458053
262.425	433.2098043
262.591667	433.4870376
262.758333	433.7264927
262.925	434.0163974
263.091667	434.2689228
263.258333	434.529895
263.425	434.8145564
263.591667	435.0941493
263.758333	435.2864809
263.925	435.4849994
264.091667	435.7380938
264.258333	435.9286118
264.425	436.2313755
264.591667	436.4707834
264.758333	436.7682904
264.925	437.0278566
265.091667	437.3038395
265.258333	437.6486859
265.425	437.8396218
265.591667	438.1076716
265.758333	438.4673644
265.925	438.6921181
266.091667	438.9828125
266.258333	439.2515309
266.425	439.5617392
266.591667	439.8151925
266.758333	440.1355746
266.925	440.3990236
267.091667	440.6603609
267.258333	440.9923679
267.425	441.2830136
267.591667	441.5530149
267.758333	441.8696769
267.925	442.1541316
268.091667	442.4134402
268.258333	442.739337
268.425	442.9869996
268.591667	443.3444942
268.758333	443.561438
268.925	443.9202354
269.091667	444.273521
269.258333	444.54422
269.425	444.8963238
269.591667	445.1489052
269.758333	445.44844
269.925	445.7247724
270.091667	446.0862415
270.258333	446.4350011
270.425	446.7062913
270.591667	446.9967701
270.758333	447.3070721
270.925	447.5938906
271.091667	447.892188
271.258333	448.2586765
271.425	448.5722255
271.591667	448.841881
271.758333	449.2433511
271.925	449.5306835
272.091667	449.8634165
272.258333	450.1845557
272.425	450.4767885
272.591667	450.8087752
272.758333	451.122765
272.925	451.5366351
273.091667	451.8251349
273.258333	452.1833045
273.425	452.5222228
273.591667	452.8219751
273.758333	453.2127535
273.925	453.5054248
274.091667	453.9026676
274.258333	454.1991048
274.425	454.6010124
274.591667	454.9279052
274.758333	455.2370845
274.925	455.5830683
275.091667	455.9353953
275.258333	456.2574756
275.425	456.6267073
275.591667	456.9525564
275.758333	457.2472165
275.925	457.6095922
276.091667	457.8690118
276.258333	458.2940258
276.425	458.544887
276.591667	458.9428803
276.758333	459.279211
276.925	459.6245368
277.091667	459.9615972
277.258333	460.3425346
277.425	460.7783279
277.591667	461.0694506
277.758333	461.3969874
277.925	461.8293654
278.091667	462.1173983
278.258333	462.4551829
278.425	462.8274112
278.591667	463.1587713
278.758333	463.4874753
278.925	463.7967519
279.091667	464.1702192
279.258333	464.5310763
279.425	464.9070535
279.591667	465.1656484
279.758333	465.5533268
279.925	465.8744948
280.091667	466.2350916
280.258333	466.6387267
280.425	466.9372171
280.591667	467.3155631
280.758333	467.6672294
280.925	467.9564968
281.091667	468.3472951
281.258333	468.7816548
281.425	469.0689985
281.591667	469.4165798
281.758333	469.829844
281.925	470.1561515
282.091667	470.5452627
282.258333	470.8500544
282.425	471.2437479
282.591667	471.5404764
282.758333	471.9087171
282.925	472.2675095
283.091667	472.5795851
283.258333	472.9740795
283.425	473.2836773
283.591667	473.6528314
283.758333	474.0159076
283.925	474.3551994
284.091667	474.6924205
284.258333	474.9998805
284.425	475.3791281
284.591667	475.7578397
284.758333	476.0733417
284.925	476.4185043
285.091667	476.7929048
285.258333	477.0737833
285.425	477.4218608
285.591667	477.8665719
285.758333	478.1744797
285.925	478.5433397
286.091667	478.9107646
286.258333	479.2854418
286.425	479.6072082
286.591667	479.9284065
286.758333	480.2966646
286.925	480.6656504
287.091667	481.0402701
287.258333	481.332172
287.425	481.6261589
287.591667	482.0101269
287.758333	482.2960537
287.925	482.666556
288.091667	483.0014335
288.258333	483.4270682
288.425	483.7365142
288.591667	484.0703994
288.758333	484.4753744
288.925	484.8185433
289.091667	485.1597776
289.258333	485.5737433
289.425	485.8526085
289.591667	486.2400417
289.758333	486.6274859
289.925	487.0060025
290.091667	487.3039073
290.258333	487.6352251
290.425	488.0361484
290.591667	488.3590301
290.758333	488.701166
290.925	489.0567217
291.091667	489.3815689
291.258333	489.7341004
291.425	490.1331768
291.591667	490.4380294
291.758333	490.8122757
291.925	491.1721885
292.091667	491.5163442
292.258333	491.8695791
292.425	492.2153313
292.591667	492.5571147
292.758333	492.9160824
292.925	493.3382466
293.091667	493.6664003
293.258333	494.0618733
293.425	494.4125762
293.591667	494.7416287
293.758333	495.0400278
293.925	495.4629656
294.091667	495.8775813
294.258333	496.1811253
294.425	496.5365016
294.591667	496.9363651
294.758333	497.2604035
294.925	497.5814289
295.091667	497.9651766
295.258333	498.3950032
295.425	498.7062905
295.591667	499.0669926
295.758333	499.3155751
295.925	499.6847392
296.091667	500.0085484
296.258333	500.3654342
296.425	500.7116067
296.591667	501.0668561
296.758333	501.40742
296.925	501.7438926
297.091667	502.0775786
297.258333	502.461943
297.425	502.815147
297.591667	503.1919618
297.758333	503.516987
297.925	503.8795262
298.091667	504.1688323
298.258333	504.5129367
298.425	504.9350143
298.591667	505.2718594
298.758333	505.5998169
298.925	505.9505859
299.091667	506.3944143
299.258333	506.6763426
299.425	507.0046804
299.591667	507.3650096
299.758333	507.6921102
299.925	508.0924937
300.091667	508.4878162
300.258333	508.8182313
300.425	509.1696324
300.591667	509.4824007
300.758333	509.7662509
300.925	510.1833455
301.091667	510.5609104
301.258333	510.8863652
301.425	511.2564237
301.591667	511.5729042
301.758333	511.9755527
301.925	512.3392564
302.091667	512.6440052
302.258333	513.0270162
302.425	513.3525898
302.591667	513.7217344
302.758333	514.1197958
302.925	514.4419532
303.091667	514.8129635
303.258333	515.1148935
303.425	515.4809956
303.591667	515.7932536
303.758333	516.1818884
303.925	516.487997
304.091667	516.9139422
304.258333	517.2346449
304.425	517.5620289
304.591667	517.9664148
304.758333	518.3577524
304.925	518.656275
305.091667	519.0049464
305.258333	519.3475445
305.425	519.6604566
305.591667	520.0010655
305.758333	520.3513676
305.925	520.7523577
306.091667	521.0936487
306.258333	521.4095856
306.425	521.6932495
306.591667	521.9150088
306.758333	522.2062899
306.925	522.3515121
307.091667	522.5201239
307.258333	522.6320292
307.425	522.69656
307.591667	522.6976998
307.758333	522.7858971
307.925	522.8582599
308.091667	522.8592449
308.258333	522.9035687
308.425	522.9239593
308.591667	522.9716611
308.758333	523.0455101
308.925	523.0952447
309.091667	523.1780138
309.258333	523.3193298
309.425	523.4463202
309.591667	523.5745679
309.758333	523.6843649
309.925	523.8444558
310.091667	523.9405999
310.258333	524.037461
310.425	524.2126464
310.591667	524.2968147
310.758333	524.3838684
310.925	524.4695979
311.091667	524.4965093
311.258333	524.5649788
311.425	524.6177007
311.591667	524.7048079
311.758333	524.7403735
311.925	524.7930075
312.091667	524.8732356
312.258333	524.908343
312.425	524.9817804
312.591667	524.9755107
312.758333	525.0446945
312.925	525.1206243
313.091667	525.0974104
313.258333	525.2627142
313.425	525.3276274
313.591667	525.4015096
313.758333	525.4964317
313.925	525.6002801
314.091667	525.6541386
314.258333	525.7389467
314.425	525.8175553
314.591667	525.8132265
314.758333	525.9590947
314.925	525.9625997
315.091667	526.080688
315.258333	526.0985297
315.425	526.2152306
315.591667	526.2115892
315.758333	526.3146745
315.925	526.2599593
316.091667	526.2731872
316.258333	526.3298239
316.425	526.3260159
316.591667	526.3609955
316.758333	526.41101
316.925	526.4649379
317.091667	526.4691851
317.258333	526.6091581
317.425	526.7098228
317.591667	526.7047661
317.758333	526.7689182
317.925	526.8558137
318.091667	526.8778461
318.258333	526.8846259
318.425	526.9851183
318.591667	527.0750541
318.758333	527.1226954
318.925	527.0796042
319.091667	527.134149
319.258333	527.1480072
319.425	527.1923541
319.591667	527.2197923
319.758333	527.1923485
319.925	527.2354089
320.091667	527.2279943
320.258333	527.2078582
320.425	527.2555097
320.591667	527.2410761
320.758333	527.2439389
320.925	527.3257899
321.091667	527.3092689
321.258333	527.3557519
321.425	527.3231877
321.591667	527.362144
321.758333	527.4233284
321.925	527.4761447
322.091667	527.488153
322.258333	527.5194378
322.425	527.5029734
322.591667	527.5114981
322.758333	527.568414
322.925	527.5844453
323.091667	527.5997996
323.258333	527.6105945
323.425	527.6436392
323.591667	527.6285769
323.758333	527.6440828
323.925	527.5862446
324.091667	527.6111344
324.258333	527.6531376
324.425	527.679544
324.591667	527.7109279
324.758333	527.6390519
324.925	527.6602681
325.091667	527.708434
325.258333	527.7123082
325.425	527.7066864
325.591667	527.7872917
325.758333	527.7978366
325.925	527.8417155
326.091667	527.7934882
326.258333	527.7965919
326.425	527.8422598
326.591667	527.8062913
326.758333	527.8034101
326.925	527.8742097
327.091667	527.8302036
327.258333	527.8501317
327.425	527.800304
327.591667	527.7646781
327.758333	527.8413184
327.925	527.8447333
328.091667	527.8173053
328.258333	527.7914257
328.425	527.8109077
328.591667	527.7740905
328.758333	527.8243633
328.925	527.8108621
329.091667	527.853189
329.258333	527.8465369
329.425	527.7693759
329.591667	527.8402987
329.758333	527.8315014
329.925	527.8280865
330.091667	527.8479534
330.258333	527.8881665
330.425	527.8529639
330.591667	527.857857
330.758333	527.8887364
330.925	527.8504058
331.091667	527.8600424
331.258333	527.8663354
331.425	527.8620504
331.591667	527.8854565
331.758333	527.8638805
331.925	527.7973746
332.091667	527.8399972
332.258333	527.872933
332.425	527.8591928
332.591667	527.8550709
332.758333	527.8398042
332.925	527.8273886
333.091667	527.8103489
333.258333	527.7974172
333.425	527.7895712
333.591667	527.8351508
333.758333	527.8009308
333.925	527.8611264
334.091667	527.8526532
334.258333	527.763604
334.425	527.7990726
334.591667	527.835708
334.758333	527.8176494
334.925	527.8519759
335.091667	527.8630015
335.258333	527.8534369
335.425	527.8403164
335.591667	527.8714383
335.758333	527.8198424
335.925	527.8227239
336.091667	527.8082364
336.258333	527.8297601
336.425	527.8460672
336.591667	527.8148421
336.758333	527.7516134
336.925	527.7432131
337.091667	527.7877082
337.258333	527.7204509
337.425	527.7645799
337.591667	527.831593
337.758333	527.841787
337.925	527.8027903
338.091667	527.8616941
338.258333	527.8352188
338.425	527.7788073
338.591667	527.8630009
338.758333	527.8516579
338.925	527.8544482
339.091667	527.858285
339.258333	527.8604145
339.425	527.8620978
339.591667	527.8768989
339.758333	527.8293431
339.925	527.8205492
340.091667	527.8249371
340.258333	527.8241237
340.425	527.8181739
340.591667	527.8178614
340.758333	527.8611406
340.925	527.8515069
341.091667	527.870252
341.258333	527.8341138
341.425	527.8300749
341.591667	527.8357845
341.758333	527.7965795
341.925	527.7668649
342.091667	527.6462904
342.258333	527.4382355
342.425	527.3236239
342.591667	527.2691329
342.758333	527.2249667
342.925	527.1981094
343.091667	527.1451707
343.258333	527.1014435
343.425	527.08269
343.591667	527.0641574
343.758333	527.0653767
343.925	527.0233178
344.091667	526.9867034
344.258333	526.8897198
344.425	526.8411026
344.591667	526.7939837
344.758333	526.7397915
344.925	526.700919
345.091667	526.6797063
345.258333	526.6090666
345.425	526.5039723
345.591667	526.4289639
345.758333	526.3037587
345.925	526.3051153
346.091667	526.1622474
346.258333	526.0750308
346.425	525.9887038
346.591667	525.8919023
346.758333	525.8550231
346.925	525.7505573
347.091667	525.6848564
347.258333	525.5534245
347.425	525.5083269
347.591667	525.4473646
347.758333	525.4124723
347.925	525.2790168
348.091667	525.2669269
348.258333	525.2211347
348.425	525.1154771
348.591667	525.0914024
348.758333	525.1051515
348.925	525.0753866
349.091667	525.0694715
349.258333	525.0309335
349.425	525.0333275
349.591667	525.0045192
349.758333	525.0080559
349.925	525.0058824
350.091667	524.9599059
350.258333	524.9483068
350.425	524.9128607
350.591667	524.9626447
350.758333	524.8935319
350.925	524.8996549
351.091667	524.9014298
351.258333	524.8965374
351.425	524.8705816
351.591667	524.8835104
351.758333	524.8590715
351.925	524.866651
352.091667	524.8355651
352.258333	524.8608171
352.425	524.8786193
352.591667	524.8006589
352.758333	524.8828846
352.925	524.8716984
353.091667	524.8860332
353.258333	524.8671206
353.425	524.8557264
353.591667	524.8584422
353.758333	524.8209246
353.925	524.811014
354.091667	524.8341393
354.258333	524.8108879
354.425	524.791148
354.591667	524.7970207
354.758333	524.8490994
354.925	524.7749264
355.091667	524.7999015
355.258333	524.7459967
355.425	524.819943
355.591667	524.7901628
355.758333	524.822181
355.925	524.8142403
356.091667	524.7944687
356.258333	524.7894056
356.425	524.8268525
356.591667	524.7721295
356.758333	524.8156488
356.925	524.8032905
357.091667	524.7966906
357.258333	524.8253548
357.425	524.8626809
357.591667	524.8150776
357.758333	524.7940864
