time	N2O	NO	NH3	CO	H2
0.091666667	0	5.61302885517802E-09	8.30583711500565E-10	0.000162858046636	5.04558614254896E-05
0.258333333	0	5.52549687072241E-09	7.25984850582505E-10	0.00016280411981	5.02833077710432E-05
0.425	0	8.40697641666676E-09	1.60796670470342E-09	0.000162843281513	5.17713573207685E-05
0.591666666999999	0	7.19988121091156E-09	4.94320998010733E-10	0.000162747095924	5.26090712809328E-05
0.758333332999999	0	8.85203932262804E-09	2.17979299840383E-09	0.000163106812113	5.1429372494001E-05
0.925	0	3.99727239377961E-09	1.19341609246772E-09	0.000162858158024	5.11323098202696E-05
1.09166667	0	5.14557626668718E-09	9.03705961228656E-10	0.000163087791406	5.15375693113326E-05
1.25833333	0	6.1869430173284E-09	1.88313830434726E-09	0.000162880827594	5.08614875986875E-05
1.42499999999999	0	6.77483756103254E-09	6.40203557954566E-10	0.000162848324003	5.14545761829818E-05
1.59166667	0	6.64517208258333E-09	8.06263976580658E-10	0.000163104041176	5.15876643800169E-05
1.75833333	0	4.98715443130695E-09	1.26826344104284E-09	0.000162988050888	5.26653496244749E-05
1.925	0	7.02198520528618E-09	8.39719082868042E-10	0.000162895677402	5.23061705395795E-05
2.09166666999999	0	3.86665158197028E-09	1.30478848354437E-09	0.00016335311197	5.11061756908799E-05
2.25833333	0	5.10539636541858E-09	9.26744103994025E-10	0.000163143699551	5.22597621921618E-05
2.425	0	7.54827127421808E-09	8.33415273751128E-10	0.000163186175718	5.1775007011106E-05
2.59166667	0	7.02679648178609E-09	7.91049662638575E-10	0.000162931074255	5.12765444330819E-05
2.75833333	0	5.8874242749975E-09	7.46069081782992E-10	0.00016320898215	5.0861777927526E-05
2.925	0	8.34584305852088E-09	6.43464937913281E-10	0.000163260244141	5.20350642394711E-05
3.09166667	0	6.77655407594109E-09	6.89007844868256E-10	0.000163014410358	5.01874975826329E-05
3.25833333	0	6.63085779083637E-09	1.38651913931169E-09	0.000163609082433	5.16236749723829E-05
3.425	0	7.95110310830158E-09	9.61390490590442E-10	0.000163235387988	5.26398603159172E-05
3.59166667	0	9.53035156926585E-09	6.61246681476133E-10	0.000163231839545	5.18755349343522E-05
3.75833333	0	8.14142145386559E-09	4.68916367891444E-10	0.000163082300689	5.05110668328232E-05
3.925	0	7.45238135171186E-09	1.01447154720097E-09	0.000163338145905	5.20748168470542E-05
4.09166667	0	8.53275653025411E-09	1.02109342282113E-09	0.000163467897899	5.1870383699331E-05
4.25833333	0	1.07049224180607E-08	9.85994403995391E-10	0.00016355913362	5.00612541026901E-05
4.425	0	9.50871685661774E-09	1.69757460473329E-09	0.000163307187737	5.20684085140231E-05
4.59166667	0	7.31839461100038E-09	7.52180727476404E-10	0.000163358029417	5.22203275070369E-05
4.75833333	0	5.03173539559305E-09	1.28395015501171E-09	0.0001636393834	5.17388782164382E-05
4.925	0	5.1784140116274E-09	1.52880126116881E-09	0.000163483044911	5.15111263326896E-05
5.09166667	0	3.89568485391405E-09	1.12801874984902E-09	0.000163749127623	5.21944554399078E-05
5.25833333	0	4.79355289679197E-09	1.24787453406772E-09	0.000163660727346	5.16718552553247E-05
5.425	0	9.53375435472724E-09	1.41133912368569E-09	0.000163540224949	5.12239799050374E-05
5.59166666999999	0	7.19709091651293E-09	1.32726558803955E-09	0.000163411173356	5.20873191314903E-05
5.75833333	0	3.95597115325776E-09	7.48764181549558E-10	0.000163587413509	5.14448843759022E-05
5.925	7.03985003421409E-13	7.45231538511183E-09	1.16774560359134E-09	0.000163708466691	5.33896426692748E-05
6.09166666999999	0	8.63076559464732E-09	7.88734937935813E-10	0.000163496204684	5.14792755036661E-05
6.25833333	0	5.28486424962493E-09	7.2741387132754E-10	0.000163644720994	5.18991190692594E-05
6.425	0	9.19648549761832E-09	1.39190906703317E-09	0.00016392081488	5.08067947181912E-05
6.59166667	0	6.06050920375054E-09	1.29624330906318E-09	0.000163413475352	5.27635052560049E-05
6.75833333	0	4.39868747763529E-09	7.68655789997127E-10	0.000163713731164	5.23775413624349E-05
6.925	0	8.20191780605292E-09	1.25499071157787E-09	0.000164078123785	5.18059311706034E-05
7.09166667	0	6.02170208939028E-09	1.19295974928576E-09	0.000163528250314	5.21148222898032E-05
7.25833333	0	8.06024081969079E-09	9.70019400331273E-10	0.000163769664695	5.26780495130652E-05
7.425	0	7.31155526121769E-09	3.69636424028336E-10	0.000163984279257	5.14940094660904E-05
7.59166667	0	9.11381781761704E-09	9.31850925100841E-10	0.000163662746948	5.15763058861196E-05
7.75833333	0	9.08133857321676E-09	1.07114917714099E-09	0.000163523513114	5.34203152357999E-05
7.925	0	6.43359002564896E-09	8.29954377509143E-10	0.000163852659339	5.12483825506872E-05
8.09166667	0	4.46710946177342E-09	6.91089670808544E-10	0.000163850518523	5.14294602037485E-05
8.25833333	0	5.12106973018295E-09	8.02631030419015E-10	0.000163712445431	5.15892647550859E-05
8.425	0	6.66898828796087E-09	1.47960940859295E-09	0.00016391267213	5.15270580694773E-05
8.59166667	0	6.63823095186892E-09	9.19512448023875E-10	0.000163751734361	5.20983155533485E-05
8.75833333	0	7.30121413547779E-09	1.00851441665332E-09	0.000164074565697	5.25433242139453E-05
8.925	0	5.41708784959718E-09	8.31439369773188E-10	0.000163849643093	5.08063620826671E-05
9.09166667	0	6.79950017859178E-09	1.58662425652312E-09	0.000164149022081	5.16420831692054E-05
9.25833333	0	7.91233822033761E-09	1.22760644085708E-09	0.000163898025083	5.35878347540247E-05
9.425	0	5.07249931008112E-09	1.19962585314537E-09	0.000163745783977	5.26887918349291E-05
9.59166667	0	6.12765147921812E-09	4.93110953844179E-10	0.000163563672022	4.95404087734367E-05
9.75833333	0	7.17170626748782E-09	5.77132522291339E-10	0.000163676099876	5.08791896605975E-05
9.925	0	5.41210304084552E-09	6.46800975905932E-10	0.000163895704984	5.2278796768591E-05
10.0916667	0	6.91927158956214E-09	7.05384406464271E-10	0.000163621086535	5.35393906283443E-05
10.2583333	0	4.33933271548865E-09	8.46662337440667E-10	0.000163709370989	5.08272712738407E-05
10.425	0	6.31208412832364E-09	6.79566792220724E-10	0.000163732270812	5.26831266696184E-05
10.5916667	0	6.28487779308601E-09	9.54416088229852E-10	0.000163700012826	5.22386193073909E-05
10.7583332999999	0	9.53440864457963E-09	1.62351385599321E-09	0.000163693712335	5.26066305471143E-05
10.925	0	4.06410135833022E-09	1.29897945002381E-09	0.000163922659175	5.09296410135707E-05
11.0916667	0	3.21272315655913E-09	1.26313210126917E-09	0.000163870167426	5.15645865773976E-05
11.2583332999999	0	7.03692081949546E-09	1.11763433809866E-09	0.0001634720705	5.13764289422691E-05
11.425	0	8.98855118890007E-09	7.9076797723808E-10	0.000163170941108	5.15910270398006E-05
11.5916667	0	4.54253658562049E-09	6.94983728804368E-10	0.000163681445463	5.38637897176901E-05
11.7583332999999	0	6.10682865354045E-09	1.25669444443219E-09	0.000163656432231	5.15067022394472E-05
11.925	0	9.32369661372275E-09	1.19608080152015E-09	0.000163577699989	4.94306733178364E-05
12.0916667	0	5.83506158485367E-09	1.10872572859346E-09	0.000163693926235	5.18569864953655E-05
12.2583332999999	0	8.54381605242011E-09	5.26357728489573E-10	0.00016313367529	5.32391990916138E-05
12.425	0	9.00542166804259E-09	7.40587738984273E-10	0.000163229489665	5.31055538553579E-05
12.5916667	0	3.71976075062799E-09	7.27545941325328E-10	0.000162927848139	5.08751059371192E-05
12.7583332999999	0	4.55379971692295E-09	6.21732902670361E-10	0.000163300995894	5.05811491422424E-05
12.925	0	7.79019102726523E-09	1.23805676396407E-09	0.000162877066341	5.0367305472898E-05
13.0916667	0	9.46936885201333E-09	5.16048503836557E-10	0.000162927277158	5.08078913795081E-05
13.2583332999999	0	9.03403563283549E-09	1.15529907791383E-09	0.000162613449328	5.19517451268732E-05
13.425	3.67877532751733E-11	5.39439441380464E-09	1.12534097064236E-09	0.000162624076438	5.29304673406293E-05
13.5916667	0	6.46567224067974E-09	1.11708385874555E-09	0.000162042798939	5.16958838149144E-05
13.7583332999999	0	6.45680598616781E-09	1.09243149150895E-09	0.000162493671737	5.21542521617225E-05
13.925	0	4.84030249099994E-09	1.14836672396607E-09	0.000162080519565	5.11880355163262E-05
14.0916667	0	5.81610114384609E-09	5.30093534441908E-10	0.000161679405106	5.09309606476272E-05
14.2583333	0	7.68184271046372E-09	7.00678101669877E-10	0.000161636390502	5.00084780710613E-05
14.425	0	5.16986599380403E-09	1.0140192351077E-09	0.000161506418689	4.96320624376129E-05
14.5916667	0	1.04000975392822E-08	6.66299477170618E-10	0.000161020062034	5.27834639106681E-05
14.7583333	0	5.82956733257084E-09	1.0275156652594E-09	0.000161102550456	5.10236819933365E-05
14.925	0	7.60528480387904E-09	1.91204674708229E-09	0.000160954173842	5.10722082789011E-05
15.0916667	0	6.65444498922045E-09	8.42140690593029E-10	0.000160604256096	5.15277842361987E-05
15.2583333	0	7.82536643155635E-09	3.02152396182371E-10	0.000160412482551	4.95874278970232E-05
15.425	0	7.06603225756305E-09	1.34343844236831E-09	0.000160077897806	4.99791743539419E-05
15.5916667	0	7.50014734170871E-09	1.4616637677532E-09	0.000159815622369	5.09660917312726E-05
15.7583333	0	6.44243122243724E-09	4.36700546625935E-10	0.000159670593859	5.18633842647401E-05
15.925	0	6.66687673960545E-09	8.86421052425966E-10	0.000159692531805	5.04438274040812E-05
16.0916666999999	0	8.33870491148571E-09	1.50704166495878E-09	0.000159261113334	4.99249675025739E-05
16.2583333	0	4.6764045360405E-09	1.23999733516273E-09	0.000158989936604	5.18008566719502E-05
16.425	0	3.81373845812603E-09	1.55422348828464E-09	0.000158850957528	5.09595018657336E-05
16.5916666999999	0	4.95643631114237E-09	9.78989642200298E-10	0.000158466665632	4.84520071493336E-05
16.7583333	0	3.06176171330953E-09	1.26998012210423E-09	0.00015800786982	4.99028548116634E-05
16.925	0	5.38919055271918E-09	8.96116286247435E-10	0.000158135941423	4.99754241019137E-05
17.0916666999999	1.22233596687911E-10	8.34549876201255E-09	9.70161114626085E-10	0.000158032954995	5.02543584343471E-05
17.2583333	0	6.43392023213496E-09	1.71406190127752E-09	0.000157461518394	4.91693444568781E-05
17.425	0	7.60210664696342E-09	1.03271341484568E-09	0.000157367237972	4.83541782410664E-05
17.5916666999999	0	8.29597466660901E-09	1.15019170665453E-09	0.000157024521481	4.88426082422908E-05
17.7583333	0	5.43812750040649E-09	1.62575664481938E-09	0.000156500650727	4.99357883674186E-05
17.925	0	6.43950453948189E-09	1.04160175366006E-09	0.000156297896101	5.01287527194995E-05
18.0916666999999	0	5.37375175890947E-09	1.3113825468275E-09	0.000155826300498	5.03496321651177E-05
18.2583333	0	7.74564752961328E-09	1.8280520162137E-09	0.000155487697102	4.82963782506512E-05
18.425	0	6.78531698323345E-09	7.23803422625155E-10	0.000155303930286	4.76071141110288E-05
18.5916666999999	0	7.00902041075293E-09	1.12896485383458E-09	0.000154898047112	4.98313746681108E-05
18.7583333	0	6.19969944949515E-09	1.25313117326535E-09	0.000154760607891	4.96321373174177E-05
18.925	0	3.88223536151226E-09	1.00970799495417E-09	0.000154755274163	4.83904089520295E-05
19.0916666999999	0	5.55117198559E-09	1.18526539751609E-09	0.000154142684361	4.87169392650753E-05
19.2583333	0	6.4439984913067E-09	1.86992777731677E-09	0.000154055026931	4.90653308583564E-05
19.425	0	6.31182959363024E-09	1.1367393912954E-09	0.000153447706311	4.86687309223087E-05
19.5916666999999	0	9.01232838751787E-09	2.34193349922165E-09	0.00015331560433	4.75593367281244E-05
19.7583333	0	6.47933779585846E-09	1.15784961483713E-09	0.000153044910279	4.88743780315072E-05
19.925	0	5.84839955764533E-09	1.29723574065468E-09	0.000152803464385	4.78805985824553E-05
20.0916666999999	0	6.25054832467208E-09	1.99985011229348E-09	0.000152519626964	4.76245672755418E-05
20.2583333	0	4.13329968794845E-09	1.28884750662714E-09	0.000151876022597	4.73865879616261E-05
20.425	0	5.57646162825581E-09	1.3238056034291E-09	0.000151850915251	4.81521238690339E-05
20.5916666999999	0	1.17388513001288E-08	1.487006990842E-09	0.000151053036327	4.78205269061909E-05
20.7583333	0	4.44527922735832E-09	1.6197418330004E-09	0.00015086629522	4.73624557350536E-05
20.925	4.2032271252744E-11	3.9020243062793E-09	1.45682224081594E-09	0.000150780468561	4.74193461196122E-05
21.0916666999999	0	6.40033564419722E-09	1.2924200933325E-09	0.000150093412384	4.54345538653726E-05
21.2583333	0	5.88022780732401E-09	1.79626473445639E-09	0.00015007419061	4.61586849549149E-05
21.4249999999999	0	5.5180912884845E-09	1.46598808634562E-09	0.000149906590604	4.61661051394823E-05
21.5916666999999	0	5.22000130818167E-09	2.30745242325684E-09	0.00014942171904	4.60999999322902E-05
21.7583333	0	6.28264251004427E-09	2.24778972954966E-09	0.000148646027967	4.70730187969356E-05
21.9249999999999	0	3.36317367043639E-09	1.83316420734337E-09	0.000148623046451	4.70290700932032E-05
22.0916666999999	0	8.55787466361145E-09	1.68525107042288E-09	0.000148339080981	4.64147081165976E-05
22.2583333	0	8.33766086247017E-09	2.4811315099398E-09	0.000147826120541	4.56064703795423E-05
22.4249999999999	0	3.7273736941202E-09	1.85964944153114E-09	0.000147815095082	4.53618706308689E-05
22.5916666999999	0	3.96640582431606E-09	2.045016681791E-09	0.000147282452709	4.62110680901553E-05
22.7583333	0	5.38812946977098E-09	2.77432356173101E-09	0.000146788766408	4.54812431718344E-05
22.9249999999999	0	4.27603390529408E-09	2.28496758663772E-09	0.000146488730248	4.45767586553611E-05
23.0916666999999	0	9.45880656377104E-09	2.47431885855143E-09	0.000146031438269	4.55652552066195E-05
23.2583333	0	5.43678869995687E-09	2.63815542504072E-09	0.000145919608708	4.42928810997586E-05
23.4249999999999	0	1.02929850204898E-08	2.56571119420408E-09	0.000145356984883	4.38077080200807E-05
23.5916666999999	0	8.72147315497077E-09	3.11700623688128E-09	0.000144986702062	4.37839200476046E-05
23.7583333	0	6.80837324507357E-09	2.28992421193831E-09	0.000144750975495	4.39968999972444E-05
23.9249999999999	3.87527720919449E-11	3.75755657822484E-09	2.43968820278967E-09	0.000144138019285	4.42616480863258E-05
24.0916666999999	0	9.43254723039058E-09	3.10055973803022E-09	0.000144098049822	4.26113694336162E-05
24.2583333	0	5.93724884571461E-09	2.41938347501825E-09	0.000143633367465	4.39124318886452E-05
24.4249999999999	0	7.00943397399067E-09	3.33374691033873E-09	0.000143111395391	4.39401007304563E-05
24.5916666999999	0	5.47651379085186E-09	4.10979323633102E-09	0.00014285364316	4.35042476530577E-05
24.7583333	0	7.00062941055069E-09	3.23138245921096E-09	0.000142081052224	4.31384796408561E-05
24.9249999999999	0	5.06068059173493E-09	3.23327550703474E-09	0.00014228108593	4.31144334267198E-05
25.0916666999999	0	6.06233233458694E-09	3.27243355399966E-09	0.000141415980684	4.32204342894688E-05
25.2583333	0	7.07941139751153E-09	3.99296482760299E-09	0.000141364179197	4.22009964368677E-05
25.4249999999999	0	7.13094402130075E-09	4.00512546900153E-09	0.000140936022893	4.19995663068809E-05
25.5916666999999	0	6.9086644214871E-09	5.58521910602842E-09	0.000140511363944	4.17265963222772E-05
25.7583332999999	0	4.81781946011701E-09	5.90530687411647E-09	0.000140049010012	4.19966418137015E-05
25.925	0	5.28054224185514E-09	5.08824509528026E-09	0.000139725899844	4.15021886833443E-05
26.0916667	0	5.81666758485426E-09	4.93223809166082E-09	0.000139057607089	4.11518171382972E-05
26.2583332999999	0	4.02966579146347E-09	5.75692836532527E-09	0.000138938965513	3.99790057889868E-05
26.425	0	6.98844499023618E-09	5.78632894891889E-09	0.000138385102912	4.02938873182157E-05
26.5916667	0	7.53434923730703E-09	6.51517908021115E-09	0.000138170491909	4.04610347207244E-05
26.7583332999999	0	4.08139536563775E-09	5.62157574709381E-09	0.000137688979789	4.02582794445692E-05
26.925	0	7.5009589502905E-09	5.69686785430874E-09	0.000137087578959	3.94823578410886E-05
27.0916667	1.19686703646321E-10	5.63047585482218E-09	7.19444457282334E-09	0.000136865333693	3.93724091503744E-05
27.2583332999999	0	5.18555544347807E-09	7.24129414462376E-09	0.000136232562273	3.90327667999455E-05
27.425	0	5.64078602531365E-09	6.81564118195755E-09	0.000135902095313	3.7958337770365E-05
27.5916667	0	6.12743869878885E-09	8.14238848672018E-09	0.000135566287672	3.74164806874087E-05
27.7583332999999	0	2.91032697127431E-09	8.13153732245873E-09	0.000134910713835	3.74061057427873E-05
27.925	0	5.28599776826799E-09	7.64306893851345E-09	0.000134577499043	3.76931885359442E-05
28.0916667	0	5.65810677908801E-09	7.79318878898592E-09	0.000134510587784	3.69329809525007E-05
28.2583332999999	0	4.85711773314569E-09	9.24283430596886E-09	0.000133674364139	3.69074441752259E-05
28.425	0	4.63375997601859E-09	9.28660453136368E-09	0.000133372954704	3.65929212389179E-05
28.5916667	0	5.29038907231988E-09	1.0296253725828E-08	0.000132625689252	3.54872572694528E-05
28.7583332999999	0	3.43723373106433E-09	9.23863470008504E-09	0.000132300882777	3.61412345741476E-05
28.925	0	7.67513457441071E-09	1.08219586389394E-08	0.000131728389016	3.50628365193388E-05
29.0916667	0	5.47355871324968E-09	9.36919833690136E-09	0.000131177588369	3.45083340830541E-05
29.2583332999999	4.02476591722252E-11	5.94095090936621E-09	1.05914668647833E-08	0.000130816257883	3.40382085780625E-05
29.425	0	7.24290630653634E-09	1.14214627177464E-08	0.000130298637239	3.33815957069123E-05
29.5916667	0	5.50577106728825E-09	1.04996587248526E-08	0.000129647057657	3.36660817984681E-05
29.7583332999999	0	4.81113876220972E-09	1.16520585148749E-08	0.000129293819638	3.33808279114626E-05
29.925	0	4.52144854070564E-09	1.19121533557086E-08	0.00012875234164	3.126535539028E-05
30.0916667	0	2.13188008960027E-09	1.20768188412636E-08	0.00012823300115	3.2351435139367E-05
30.2583332999999	0	5.731260493448E-09	1.28340478430993E-08	0.000127641673974	3.15405940246339E-05
30.425	0	6.15567938477899E-09	1.28311182553777E-08	0.000126858544671	3.16817502356649E-05
30.5916667	0	4.03695869722749E-09	1.36057085000537E-08	0.000126593125641	3.0252644133275E-05
30.7583332999999	0	4.05911061672333E-09	1.47476086749578E-08	0.000126012417654	2.99926109343435E-05
30.925	0	3.16556952128839E-09	1.41028900877489E-08	0.00012506929521	2.87867107622211E-05
31.0916667	0	2.6600394394591E-09	1.47986602658189E-08	0.000124467475362	2.89922602823775E-05
31.2583332999999	0	5.71028231379547E-09	1.52932753375033E-08	0.000123857040559	2.77808485561076E-05
31.425	0	6.22497941032939E-09	1.55458739452077E-08	0.000123190480637	2.76220098245927E-05
31.5916667	0	4.50991458767963E-09	1.6990759930363E-08	0.000122177250082	2.65363470694629E-05
31.7583332999999	0	4.32746099308607E-09	1.68124787079102E-08	0.000121381246607	2.64771771582074E-05
31.925	0	6.65034235776908E-09	1.68295699738147E-08	0.000120840219067	2.59142252784244E-05
32.0916667	0	6.25895065832822E-09	1.64228050827106E-08	0.000119998881971	2.43119484075331E-05
32.2583332999999	1.60921614987564E-11	4.58016393430164E-09	1.83930238013917E-08	0.000119110472095	2.51751764130867E-05
32.425	0	4.98330855112983E-09	1.78326095446399E-08	0.000118170920685	2.3665136705045E-05
32.5916667	0	9.8922488169047E-09	1.91867914443034E-08	0.000117076103002	2.20238187074393E-05
32.7583332999999	0	5.74074351205368E-09	1.8770946510906E-08	0.000116343619963	2.21200820685962E-05
32.925	0	6.41803394226367E-09	2.02055777914303E-08	0.000115147631377	2.13315769931051E-05
33.0916667	0	5.65348545470329E-09	2.0577964879033E-08	0.000114190789878	2.00652695622986E-05
33.2583332999999	0	3.98926000883629E-09	2.10635554309401E-08	0.000113247325508	1.81748046915994E-05
33.425	0	7.47709177795444E-09	2.20759802485598E-08	0.000111931022656	1.7842149244165E-05
33.5916667	7.56571452270839E-11	6.81673807746214E-09	2.28687841613201E-08	0.000110919913528	1.82131526501617E-05
33.7583332999999	0	7.26775768727438E-09	2.28935547237639E-08	0.000109252752573	1.75040629384458E-05
33.925	0	4.81022610745978E-09	2.38641318455357E-08	0.000107612425593	1.50993961791585E-05
34.0916667	7.443574233972E-11	3.83080199869572E-09	2.32502050883692E-08	0.000106117755789	1.4175466916606E-05
34.2583332999999	0	5.1784923624638E-09	2.45834236473007E-08	0.000104553043801	1.43768142345125E-05
34.425	0	3.74861580925065E-09	2.52957434084457E-08	0.000103102288638	1.17954281165452E-05
34.5916667	0	6.21741249281023E-09	2.56367300055524E-08	0.000101105837042	1.09765877791175E-05
34.7583332999999	2.45520364843409E-11	3.03758269851809E-09	2.6916110843534E-08	9.88141869825402E-05	1.089484097096E-05
34.925	0	5.58232972415731E-09	2.82286309743852E-08	9.65340064822646E-05	9.94765086358206E-06
35.0916667	0	4.81126446977768E-09	2.86283418292692E-08	9.40445070701232E-05	8.33646301919985E-06
35.2583332999999	0	5.35337125236134E-09	2.8917488715936E-08	9.15768746460938E-05	6.2584759247019E-06
35.425	4.18389252403472E-11	5.36371369250863E-09	2.97046950471574E-08	8.84720441217578E-05	7.30465722563492E-06
35.5916667	1.39687027957809E-11	5.15461387296621E-09	3.04240801430268E-08	8.52181171277679E-05	5.27516804527269E-06
35.7583332999999	0	7.00129489052316E-09	3.13823280909077E-08	8.12619839067466E-05	4.23387724258394E-06
35.925	0	5.52090259701986E-09	3.23639891936053E-08	7.6855738720382E-05	5.599707757267E-06
36.0916667	2.3583918864499E-11	5.60747118954653E-09	3.34569194530088E-08	7.17251460075042E-05	3.89070579385458E-06
36.2583332999999	0	5.80695228653848E-09	3.46226538938193E-08	6.59871071578511E-05	6.17640810300576E-06
36.425	0	9.22616366686725E-09	3.59034256068737E-08	5.90508113078162E-05	4.68174812944555E-06
36.5916667	0	5.6025892694808E-09	3.82534516869873E-08	5.10996593271853E-05	5.68856928687548E-06
36.7583333	2.91000404668607E-11	8.79695364237406E-09	4.17080394028021E-08	4.18327707388388E-05	4.64212150142287E-06
36.925	1.72925778025929E-10	8.74966534430164E-09	4.63285292919517E-08	3.22725047635855E-05	4.05618212924852E-06
37.0916667	1.74053046684417E-10	3.96279743373396E-09	5.49852101284387E-08	2.35272899281291E-05	6.15188804193186E-06
37.2583333	7.35457558914849E-11	7.90201309702697E-09	6.73946582086505E-08	1.73827271435364E-05	6.29670893365872E-06
37.425	3.08890209081188E-12	7.13730271973423E-09	8.55702568030909E-08	1.36024125142754E-05	6.4934593009479E-06
37.5916667	1.31794884384573E-11	5.74025710818639E-09	1.08741798166191E-07	1.17653306009056E-05	5.64324437567458E-06
37.7583333	1.09507867490055E-10	8.06558247507088E-09	1.34414361042951E-07	1.10989956027979E-05	4.94599803557454E-06
37.925	5.18939251065345E-11	9.78956924002603E-09	1.5871303451474E-07	1.04562690890723E-05	6.14965220965119E-06
38.0916667	1.86519142202907E-10	5.96467037944508E-09	1.80522317495756E-07	9.84678039679004E-06	6.23525355904608E-06
38.2583333	5.79647386886276E-11	6.59989351171152E-09	1.91900280633719E-07	9.52476965200501E-06	5.24185635447609E-06
38.425	1.76437114215296E-10	8.95203056404591E-09	1.93723567340784E-07	9.32676352760285E-06	4.05383643161744E-06
38.5916667	2.24414591637952E-10	6.53828138470188E-09	1.93484235534333E-07	9.24883304947336E-06	5.86105547626704E-06
38.7583333	1.10735804197205E-10	1.17917522146729E-08	1.92795256697644E-07	9.27217526730677E-06	5.62238002280508E-06
38.925	2.88316129017179E-10	9.6457714733881E-09	1.91462498948165E-07	9.12537934326496E-06	6.14870142186482E-06
39.0916667	1.74636535588884E-10	7.67852277084306E-09	1.9223961493487E-07	9.10504933490625E-06	6.07540253365116E-06
39.2583333	9.23834149116413E-11	7.00335124194927E-09	1.91787692273043E-07	9.08676038368314E-06	6.04315097547593E-06
39.425	2.51473007219844E-10	7.2697939261841E-09	1.90878819215274E-07	8.88752893464832E-06	4.52476139699878E-06
39.5916667	1.298249359634E-10	7.03108278208974E-09	1.8909312206433E-07	8.91510009667693E-06	5.64245618749359E-06
39.7583333	1.61619618289345E-10	4.90420919773589E-09	1.87316791177643E-07	8.78734223262997E-06	5.82960639878165E-06
39.925	2.49373219771036E-10	3.68173138843353E-09	1.84420936543248E-07	8.69914490013799E-06	5.7409894498124E-06
40.0916667	3.40636070714337E-10	8.80001137559882E-09	1.82232204971596E-07	8.62833281179137E-06	6.11817099685548E-06
40.2583333	2.36337371232087E-10	8.4549782980028E-09	1.78297742236191E-07	8.54732455072223E-06	4.6162398829505E-06
40.425	5.38320004528803E-11	5.9503901644317E-09	1.75425208929072E-07	8.50085182508462E-06	5.09221151783877E-06
40.5916667	0	5.78079718880395E-09	1.7069193559717E-07	8.39505563194859E-06	6.51690948835651E-06
40.7583333	1.28858437785589E-10	4.23617690222044E-09	1.66877038162601E-07	8.33595304866605E-06	5.44910942486941E-06
40.925	1.56432711546642E-10	4.21071320555892E-09	1.62558590766253E-07	8.34075566751756E-06	4.80428364955797E-06
41.0916667	1.25474276766272E-10	3.68937583214791E-09	1.57671051758919E-07	8.18794925258935E-06	4.95718938368423E-06
41.2583333	7.23945599239369E-11	3.78840078207484E-09	1.54333730975073E-07	8.18264922657925E-06	4.27166990067323E-06
41.425	3.19983297344898E-10	6.54026384544539E-09	1.50315244939381E-07	8.08879676124697E-06	4.83779874775816E-06
41.5916667	1.64166466662364E-10	4.89669541338483E-09	1.45878821636048E-07	7.93555597773394E-06	5.94109423992441E-06
41.7583333	2.05966244673721E-10	5.22032117159132E-09	1.41711662858412E-07	7.94692852958586E-06	6.65372879517402E-06
41.925	8.91288679726216E-11	3.83306305574957E-09	1.37344375291168E-07	7.83179775777701E-06	5.59082473257806E-06
42.0916667	2.72926016790156E-10	7.04642585168181E-09	1.33821928552523E-07	7.74598440582468E-06	5.92837089835945E-06
42.2583333	1.66361931247578E-10	4.336951507017E-09	1.30413516324337E-07	7.70641641638744E-06	6.01748459729307E-06
42.425	1.57782949359339E-11	4.80173658173489E-09	1.27573872150538E-07	7.58344312607728E-06	5.88678938365987E-06
42.5916667	2.9675597963106E-10	5.92240776461381E-09	1.24115889537087E-07	7.55874333252272E-06	5.8421862525353E-06
42.7583333	2.75225228400273E-10	4.88692163440037E-09	1.20419611639168E-07	7.44629729538375E-06	5.44413352292561E-06
42.925	9.3768900310239E-11	4.74108115114971E-09	1.19156892657017E-07	7.3399509596879E-06	5.58573191675585E-06
43.0916667	5.60414082363325E-10	5.01072121700978E-09	1.16081723201346E-07	7.29167322085598E-06	6.51852519858815E-06
43.2583333	8.1096125299527E-11	3.86412758211041E-09	1.1397160853099E-07	7.23339789927406E-06	7.24431755438202E-06
43.425	1.56221142687527E-10	6.03894945262299E-09	1.11694750273604E-07	7.13887603504563E-06	6.42059863740329E-06
43.5916667	1.73229913850258E-10	5.9329908204168E-09	1.09155417976271E-07	7.04148237395922E-06	5.81139616352405E-06
43.7583333	1.8093185460081E-11	3.53879191968398E-09	1.07712914924245E-07	6.90894310979532E-06	7.13863110491849E-06
43.925	1.03312044130904E-10	5.97700394405354E-09	1.05689025379419E-07	6.83623847268647E-06	5.99423802095232E-06
44.0916667	9.35766668654101E-11	4.85497285767385E-09	1.03945858058815E-07	6.79981746766464E-06	5.36764427075935E-06
44.2583333	9.37242153917722E-11	3.80950119815357E-09	1.02615022479926E-07	6.64067097032626E-06	5.33501038381422E-06
44.425	6.44771408328354E-11	6.24216673138809E-09	1.01200259750456E-07	6.59305573846623E-06	6.83371661981116E-06
44.5916667	3.01885631670693E-10	6.35987927992809E-09	9.94590395467246E-08	6.46804117935258E-06	6.53804246765832E-06
44.7583333	1.10397378808308E-11	6.00227029176539E-09	9.87673882433105E-08	6.35711857864145E-06	5.27906656911938E-06
44.925	1.45338893094455E-10	6.40317717193541E-09	9.71129846981776E-08	6.2051859098141E-06	7.66533981881925E-06
45.0916667	4.31432687655859E-11	4.04556067152484E-09	9.61779722394058E-08	6.20680319252406E-06	7.40375035021493E-06
45.2583333	6.64083776330629E-11	5.40984232632887E-09	9.58615130796978E-08	6.02399426765167E-06	7.98355294196179E-06
45.425	7.14676708965677E-11	4.44444584867062E-09	9.45065913506055E-08	5.91819583903033E-06	7.29592922170014E-06
45.5916667	3.06975448563163E-10	4.46636343116183E-09	9.35254047913142E-08	5.74116888770342E-06	6.54527213504858E-06
45.7583333	1.78634259200708E-10	6.39668438803587E-09	9.27620384068913E-08	5.675405742713E-06	7.1441319762762E-06
45.925	9.47772975499161E-11	6.20185054787518E-09	9.19772874884413E-08	5.53273513084413E-06	7.5699517531969E-06
46.0916667	3.7793910737287E-11	3.7571238983326E-09	9.07651885845361E-08	5.36098413834901E-06	7.76624645568958E-06
46.2583333	6.94509296293426E-13	4.45869102187743E-09	9.05905085991484E-08	5.28170325207764E-06	7.71144497846413E-06
46.425	1.73616135670246E-10	3.9737164390071E-09	8.99556538593829E-08	5.10677067252124E-06	7.36962921686033E-06
46.5916667	3.68130782216397E-10	4.37818097019682E-09	8.87097538465604E-08	5.01227857109882E-06	7.77067396291889E-06
46.7583333	1.58738048586868E-10	6.76166655812062E-09	8.9536237394564E-08	4.87937205646297E-06	9.05793485436343E-06
46.925	7.56374848867936E-11	5.57376797899714E-09	8.84034062307633E-08	4.66543373647931E-06	8.38745094826827E-06
47.0916667	2.60092719594733E-10	6.67999864403812E-09	8.81956574042554E-08	4.58312774082893E-06	7.9451322588999E-06
47.2583333	1.62979167397028E-10	5.75247089024272E-09	8.75827439739683E-08	4.39413894702992E-06	6.99421317282893E-06
47.425	1.14767455505137E-10	5.30712751171778E-09	8.65533353296823E-08	4.1866915212947E-06	8.96135163772948E-06
47.5916667	1.23015936531587E-10	5.59366010520777E-09	8.65106176374459E-08	4.11137118824929E-06	9.02215566374764E-06
47.7583333	2.55161728699749E-10	3.33317743117176E-09	8.54996826475653E-08	3.88035654832186E-06	8.32657363582183E-06
47.925	1.08403571039428E-10	3.92343384798433E-09	8.54221078491359E-08	3.74720703660652E-06	7.34582724715069E-06
48.0916667	1.30820990748396E-10	6.99883604518108E-09	8.53991210076408E-08	3.58527612411802E-06	8.72387811586522E-06
48.2583333	2.18486167964278E-10	7.22486982016144E-09	8.44517143828268E-08	3.42422426759173E-06	8.83563414959386E-06
48.425	1.43235952630976E-10	3.87669323544317E-09	8.41739976644492E-08	3.24275320418982E-06	9.91043498411047E-06
48.5916667	0	4.43807634512486E-09	8.38766287112658E-08	3.02670466711165E-06	9.35606441196089E-06
48.7583333	2.03503330703699E-11	3.80290805610988E-09	8.42165880832947E-08	2.91721855694186E-06	9.33176268191936E-06
48.925	1.68937295557609E-10	4.3285621238274E-09	8.34947216878945E-08	2.69317833155335E-06	9.17647677952905E-06
49.0916667	1.94548354713553E-10	5.89503168803618E-09	8.27067739524802E-08	2.55339647832174E-06	1.0344407659797E-05
49.2583333	1.01107201355116E-10	4.2558445651718E-09	8.25007020676979E-08	2.360010812476E-06	1.01151981481369E-05
49.425	3.07644975213671E-10	6.62408196106746E-09	8.18127553608871E-08	2.24058681529538E-06	8.14003176383604E-06
49.5916667	1.15438980734531E-10	6.49892780826318E-09	8.18041734652481E-08	2.06199561213071E-06	1.01383445931737E-05
49.7583333	1.91829611658351E-10	6.79444605515213E-09	8.17833872946802E-08	1.86322181791974E-06	1.10222705947595E-05
49.925	2.01212190681236E-10	2.81636985533003E-09	8.14440152375553E-08	1.74676402051604E-06	1.01302091292242E-05
50.0916667	1.53292053128668E-10	5.08280397282286E-09	8.07989972022859E-08	1.61400415663703E-06	1.05531871371181E-05
50.2583333	1.3961152395465E-10	4.59091132667801E-09	8.0064552427043E-08	1.44250528922445E-06	1.08910172904758E-05
50.425	3.18465635183889E-10	7.27823747100258E-09	7.979304018261E-08	1.33266418970348E-06	1.18930346516975E-05
50.5916667	2.88646647675147E-10	7.37459233521764E-09	7.89976887473771E-08	1.19816983056271E-06	1.06049464719287E-05
50.7583333	1.21494584483789E-10	2.6765037407805E-09	7.82818699248218E-08	1.11368110429029E-06	1.0664923461866E-05
50.925	1.02682192406982E-10	7.01538568295663E-09	7.82104867547419E-08	9.76177738918235E-07	1.1251290831754E-05
51.0916667	1.97016888565298E-10	5.81957806043176E-09	7.75364878093243E-08	8.74337140275878E-07	1.03688765811653E-05
51.2583333	1.59854181997961E-10	2.3152073145924E-09	7.74008670178155E-08	8.05021383325337E-07	1.0228402186226E-05
51.425	5.54638331700656E-10	5.96073219992037E-09	7.59257953706764E-08	7.2272406366456E-07	1.17449231254922E-05
51.5916667	1.49808299648398E-10	3.7533712634318E-09	7.5765793213081E-08	6.36178201973408E-07	1.13426477547586E-05
51.7583333	2.5995829172262E-10	4.28400596355932E-09	7.43152935570985E-08	5.74229588850438E-07	1.10791045107037E-05
51.925	2.38278547654295E-10	3.17568171840551E-09	7.36113432232745E-08	5.10585704457542E-07	1.07703935844526E-05
52.0916667	1.74036487380217E-10	5.29992175943341E-09	7.32150869427318E-08	4.81223712759191E-07	1.16791355370572E-05
52.2583333	2.67543198887068E-10	4.05221050416604E-09	7.30566945903465E-08	4.42681617812672E-07	1.09041779868367E-05
52.425	9.98309832214742E-11	2.97521121182163E-09	7.16583374019537E-08	4.23527910056971E-07	1.10823897855859E-05
52.5916667	1.63824216905633E-10	3.55922542080376E-09	7.11655393461326E-08	3.8777290763116E-07	1.0370492690008E-05
52.7583333	1.30965891897514E-10	4.32713876445441E-09	6.92473151299235E-08	3.87325430145457E-07	1.03742453856984E-05
52.925	3.59088976616819E-10	3.53243376653616E-09	6.82017730351165E-08	3.56913589001691E-07	1.17891047870657E-05
53.0916667	0	6.22294622305907E-09	6.72129664389345E-08	3.45772714806406E-07	1.07723006494419E-05
53.2583333	6.82047025180291E-11	3.12227960032783E-09	6.64166633659535E-08	3.3664037176977E-07	1.16484389559743E-05
53.425	3.01926315038293E-10	5.96408681304111E-09	6.57550442624689E-08	3.30757606233933E-07	1.10472765721639E-05
53.5916667	8.69890016548901E-11	3.93362228370762E-09	6.41715502881636E-08	3.30412281834302E-07	1.09353668838629E-05
53.7583333	2.9385836627417E-10	5.27810298090603E-09	6.35462451145612E-08	3.19910715511986E-07	1.11032145957923E-05
53.925	6.00812803668224E-11	5.09392619544681E-09	6.16126392585854E-08	3.21931772942872E-07	1.17804079130118E-05
54.0916667	1.57187145772017E-11	5.0428890996275E-09	6.06465185126681E-08	3.16302054208894E-07	1.21601982131667E-05
54.2583333	5.22682854958011E-10	4.41221835130563E-09	5.97023049416142E-08	3.14104954496969E-07	1.12992876326692E-05
54.425	1.74224404876116E-10	3.26027687192388E-09	5.86612936175395E-08	3.15358979405084E-07	1.02118309598015E-05
54.5916667	2.63672719322435E-10	7.34155721719298E-09	5.75374117474979E-08	3.18371649211191E-07	1.0844115862005E-05
54.7583333	4.16373387967073E-10	8.03388068182637E-09	5.65013334268668E-08	3.1938908349143E-07	1.11637027639187E-05
54.925	4.6193144813873E-10	6.05727138338699E-09	5.49727125693198E-08	3.1966210608336E-07	1.25229672951295E-05
55.0916667	1.24556500980356E-10	3.74730779549886E-09	5.38663113106773E-08	3.19579330763086E-07	1.07419830624264E-05
55.2583333	2.00851404985463E-10	2.66122967859895E-09	5.24230871812715E-08	3.20577863665142E-07	1.05043692740721E-05
55.425	1.01160438309429E-10	5.78628818969068E-09	5.17080168188642E-08	3.25971202840749E-07	1.03407519256013E-05
55.5916667	1.0028106414197E-10	4.81872384879215E-09	5.0011514482455E-08	3.22794611869842E-07	1.12190713691063E-05
55.7583333	2.49296469864578E-10	4.73377133503414E-09	4.87993197300344E-08	3.26133070800761E-07	1.15510984466332E-05
55.925	2.03051109242566E-10	5.50561646902937E-09	4.83328357613928E-08	3.29426406666131E-07	1.03885251122141E-05
56.0916667	2.02938896752666E-10	4.34844638925686E-09	4.66142447491959E-08	3.25874836133727E-07	1.14159158761179E-05
56.2583333	3.58312068710156E-10	5.35828521826911E-09	4.54583885738245E-08	3.3067442959524E-07	1.08304625485077E-05
56.425	5.67271349323074E-10	4.49203063432586E-09	4.38488408781813E-08	3.34423268091677E-07	1.09806330242626E-05
56.5916667	2.13461069007352E-10	4.0913971440681E-09	4.27100169225982E-08	3.36513308138965E-07	1.13011163798951E-05
56.7583333	4.10028798492433E-10	4.85915572023345E-09	4.14611738559768E-08	3.35266273578604E-07	9.69851202499033E-06
56.925	3.36561924085584E-10	4.93730403710014E-09	4.0753996899665E-08	3.39723853949497E-07	1.08137323096492E-05
57.0916667	1.52996825838383E-10	5.12823548027582E-09	3.92784945760722E-08	3.41497540786081E-07	1.05705499411108E-05
57.2583333	3.60971374070207E-10	3.63629498145348E-09	3.81188921579017E-08	3.41216499877182E-07	1.08879970209978E-05
57.425	4.68269530616415E-10	5.23360090213403E-09	3.71914942302585E-08	3.43694733731504E-07	1.16278673620841E-05
57.5916667	5.39586187298599E-11	5.15454203387991E-09	3.54067617466782E-08	3.48189559974354E-07	1.07863799880452E-05
57.7583333	1.36996171859113E-10	4.38216955210287E-09	3.45867725071683E-08	3.48534877336778E-07	1.03403795313346E-05
57.925	1.32931996020521E-10	3.54058456722589E-09	3.37540156103561E-08	3.51818465882153E-07	1.09202453372967E-05
58.0916667	1.20302996716591E-10	3.60996803024338E-09	3.25394795293044E-08	3.54006068829475E-07	1.0902327433873E-05
58.2583333	3.07579236333615E-10	3.86342941194781E-09	3.18200338743226E-08	3.56898959434944E-07	1.0250641951525E-05
58.425	2.16477972279671E-10	3.73160822414542E-09	3.09541561947475E-08	3.5889425936688E-07	1.13599816327466E-05
58.5916667	1.92055077490157E-10	4.01660401855706E-09	3.00517501801586E-08	3.62451451408188E-07	1.01604022291868E-05
58.7583333	4.6120480971331E-11	3.45770332097431E-09	2.99527953088709E-08	3.61386454795046E-07	9.27012236823826E-06
58.925	1.36685735186385E-10	4.08920215340442E-09	2.84004712098094E-08	3.64802973764748E-07	9.41716279328216E-06
59.0916667	8.38514451082643E-11	4.03610343465019E-09	2.81287572742163E-08	3.69398391585567E-07	1.07933456019364E-05
59.2583333	3.00613758613472E-10	5.13010636455072E-09	2.65296863927566E-08	3.70540851960544E-07	1.04993890916689E-05
59.425	1.16356944962136E-10	5.08575177516558E-09	2.74789714886829E-08	3.73017570293115E-07	1.08555758333734E-05
59.5916667	2.03179187576867E-10	5.36583345587446E-09	2.62841799687704E-08	3.73256903040045E-07	1.09591959446687E-05
59.7583333	2.76771878049742E-10	3.97059506670229E-09	2.56393347333291E-08	3.78440223117235E-07	1.01109925243162E-05
59.925	4.03746230687126E-10	4.1169406211127E-09	2.53761693036761E-08	3.82508122217427E-07	9.60365637530368E-06
60.0916667	3.43841694910994E-10	3.85044869371861E-09	2.4688923683054E-08	3.85504200874873E-07	1.00226069591637E-05
60.2583333	2.74211416834159E-10	3.14705077669129E-09	2.36779964249634E-08	3.88152701369628E-07	1.0237045256423E-05
60.425	4.97595794939154E-10	5.9352244594473E-09	2.33688930151199E-08	3.89819958832404E-07	1.03813215950441E-05
60.5916667	1.18948105329568E-10	2.53171212429496E-09	2.31420454768398E-08	3.90627101882227E-07	1.02758292028003E-05
60.7583333	2.66921675106595E-10	5.10286735720835E-09	2.2073993653811E-08	3.93944547817907E-07	1.11203935767764E-05
60.925	1.1088478383367E-10	2.00234718072836E-09	2.25921977275756E-08	3.96266986762528E-07	1.0925928243478E-05
61.0916667	1.66233407157519E-10	5.20507417866748E-09	2.12048439986187E-08	3.99720528591597E-07	9.2128689845414E-06
61.2583333	1.77518714667407E-10	3.84272751789156E-09	2.11203966981393E-08	4.01936834740511E-07	1.03161048740554E-05
61.425	3.59247173588718E-10	3.37965446262937E-09	2.08942511288218E-08	4.06792901683006E-07	1.03278987561077E-05
61.5916667	2.49603128205655E-10	5.88036419085032E-09	2.02949876674544E-08	4.06175124588117E-07	1.02693186090601E-05
61.7583333	6.50020986561024E-10	3.97887039473211E-09	2.02911607775077E-08	4.09466819169737E-07	1.04309984152444E-05
61.925	1.94207203615013E-10	3.62072653048267E-09	1.96235550365618E-08	4.13523608568492E-07	1.05728869897764E-05
62.0916667	2.53056704630582E-10	4.17743778632147E-09	1.92965775879599E-08	4.14357327449133E-07	9.65174825611909E-06
62.2583333	7.69598906732665E-11	4.21690562080744E-09	1.87185258640263E-08	4.16117412320022E-07	9.47437440596804E-06
62.425	2.28695254189519E-10	4.8218229652504E-09	1.81302828308946E-08	4.23464792013404E-07	1.09320037921417E-05
62.5916667	1.33840260409691E-10	4.43613401096572E-09	1.79697178335312E-08	4.26079836329148E-07	9.03956666317156E-06
62.7583333	1.84679578244056E-10	3.71577723019176E-09	1.74576290357887E-08	4.24831305400843E-07	9.78830843257356E-06
62.925	2.79893096092634E-10	4.40574809102115E-09	1.79006087702538E-08	4.29651939251004E-07	1.03683508639381E-05
63.0916667	3.08113247096408E-10	3.66116237467375E-09	1.77430083565668E-08	4.34692482856352E-07	9.7566334086043E-06
63.2583333	1.69988721098533E-10	3.61007996613399E-09	1.68814680250436E-08	4.35797796517092E-07	9.40536145763308E-06
63.425	8.36804523804028E-11	4.25927699313505E-09	1.71000673998929E-08	4.39374323405042E-07	9.08764319740148E-06
63.5916667	4.71091930705313E-10	5.19990028026879E-09	1.63765711579751E-08	4.40843091042899E-07	1.07951901313991E-05
63.7583333	2.50909335431304E-10	3.41146394939076E-09	1.62822190316381E-08	4.40868959833508E-07	1.10417822754892E-05
63.925	2.73683483487221E-10	3.60052110826692E-09	1.58737993700187E-08	4.45953042219779E-07	9.59461502530393E-06
64.0916666999999	1.13235936469036E-10	6.07187118012418E-09	1.55808877244513E-08	4.4783527113283E-07	8.95311643314366E-06
64.2583333	2.32222453967375E-10	3.71424998879153E-09	1.54229899550087E-08	4.52205227409501E-07	9.62267280798175E-06
64.425	4.15844356837809E-10	4.26358302224022E-09	1.49324237239938E-08	4.56921615304919E-07	1.06202029015679E-05
64.5916666999999	3.25567350657213E-10	3.59076536331861E-09	1.51117586400012E-08	4.56569690416497E-07	9.87812714013263E-06
64.7583333	2.48657752103596E-10	2.81832597015135E-09	1.50086859490944E-08	4.62474717407759E-07	9.75229537984058E-06
64.925	1.18475827709029E-10	4.71359181089391E-09	1.43609815348452E-08	4.62794268547311E-07	9.72903863436202E-06
65.0916666999999	2.09487945684149E-10	5.95084258247324E-09	1.46662768643632E-08	4.66134196424752E-07	9.50381890702978E-06
65.2583333	3.42904448113048E-10	3.66159608577107E-09	1.42208609507103E-08	4.67061031955351E-07	1.02282561891287E-05
65.425	2.67895545284048E-10	6.21140643486537E-09	1.44723157293682E-08	4.74949717935089E-07	9.3315604075219E-06
65.5916666999999	1.19262694130519E-10	7.32167447942142E-09	1.40167928720443E-08	4.76087833935938E-07	1.04511955453222E-05
65.7583333	1.66884428962174E-10	5.41522551527736E-09	1.3892040194105E-08	4.7868095334604E-07	1.05601626712447E-05
65.925	8.2156780305405E-11	5.29684756514537E-09	1.36809092890106E-08	4.82794970972323E-07	9.83559207869073E-06
66.0916666999999	1.90521634842612E-10	2.82396638722279E-09	1.30959231287548E-08	4.83376417585244E-07	8.74197894458297E-06
66.2583333	2.1707600297144E-10	4.05512370456434E-09	1.28758028585026E-08	4.85970330217358E-07	9.72522539938098E-06
66.425	2.01006636673908E-10	4.00213050803904E-09	1.30500632682238E-08	4.92033048857647E-07	1.00288136645734E-05
66.5916666999999	8.01825286427006E-11	5.58999267488102E-09	1.32036459134476E-08	4.90351155476528E-07	8.57542861860508E-06
66.7583333	3.81781185686855E-10	6.95047675770742E-09	1.2858198747216E-08	4.9493305834447E-07	8.67698684795759E-06
66.925	4.15310443221813E-11	2.64110453865282E-09	1.2653053483738E-08	4.96470614161238E-07	9.4410943955884E-06
67.0916666999999	1.92003754551172E-10	4.30010791291238E-09	1.29936819324595E-08	5.00945035567665E-07	1.08990330703769E-05
67.2583333	2.6679912871725E-10	3.2534896719005E-09	1.26992975100644E-08	5.02606528116489E-07	8.76702905761676E-06
67.425	2.53703959788867E-10	3.21416751802336E-09	1.18067749118896E-08	5.04818287491449E-07	8.99677133869455E-06
67.5916666999999	1.87755188170168E-10	3.23166265218616E-09	1.2144884604523E-08	5.08485972949547E-07	9.75369432501008E-06
67.7583333	1.85994779035075E-10	5.65119325794786E-09	1.23444144117634E-08	5.11057411543505E-07	8.95532390260077E-06
67.925	4.25253054673798E-10	3.33366016445543E-09	1.15703233673779E-08	5.13673797502789E-07	1.00428529140974E-05
68.0916666999999	1.07673521742693E-10	3.11100648774934E-09	1.13251326547683E-08	5.16023108863438E-07	1.12086582791845E-05
68.2583333	2.88733398959434E-10	5.54848661687199E-09	1.15726743429757E-08	5.17208409000552E-07	9.7921849179743E-06
68.425	1.3285933169323E-10	5.68072419635792E-09	1.17518295745407E-08	5.22249812485081E-07	7.88448076955493E-06
68.5916666999999	2.97047629615978E-10	4.42695314376832E-09	1.12986727675683E-08	5.26741872374233E-07	8.71106263528484E-06
68.7583333	1.42794498433726E-10	3.30555406347087E-09	1.15644551093028E-08	5.30310165922138E-07	9.64736487833204E-06
68.925	1.42333116021451E-10	6.04764437384016E-09	1.08944013811223E-08	5.31412403818419E-07	9.74967214096145E-06
69.0916666999999	1.84735757435812E-10	4.31614996235386E-09	1.03961468777848E-08	5.3502930583173E-07	9.15145160436653E-06
69.2583333	1.76794755696138E-10	3.88603088755957E-09	1.07901268225382E-08	5.39616733848897E-07	8.51200889255889E-06
69.425	1.67174165757558E-10	2.47195637101327E-09	1.05975121863209E-08	5.40193700031717E-07	9.01435290077258E-06
69.5916666999999	1.90599098984874E-10	3.89543216244708E-09	1.0302802981734E-08	5.44928174597894E-07	8.96775291329366E-06
69.7583333	9.30793265087758E-12	2.88146514521682E-09	1.07757787455363E-08	5.48042451348098E-07	9.66028051323124E-06
69.925	4.84955145743912E-11	2.78806288849367E-09	1.00143289445726E-08	5.4915990767701E-07	9.25691933309493E-06
70.0916666999999	1.32789870258662E-10	3.73858222047076E-09	9.84911448774292E-09	5.51830217163601E-07	8.91248835581635E-06
70.2583333	1.74523855467125E-10	3.18235248307796E-09	9.59867877506769E-09	5.5364925063932E-07	8.85416357947917E-06
70.425	5.32903761149708E-10	2.07719258588371E-09	9.97285145179753E-09	5.59927707536773E-07	9.86705761493957E-06
70.5916666999999	2.58124545322784E-10	4.09195690647151E-09	9.51825753732535E-09	5.6230205274282E-07	9.24725354845319E-06
70.7583333	1.99199711481542E-10	1.95472447223146E-09	9.74362323861596E-09	5.63178786097618E-07	9.19906520238447E-06
70.925	6.87087200556321E-11	5.15052801492984E-09	9.89570028732129E-09	5.65535752097848E-07	8.80783265554509E-06
71.0916666999999	3.88952831859155E-11	4.50015785102836E-09	9.70899952516117E-09	5.70875350873156E-07	9.6307464621987E-06
71.2583333	1.79177237930916E-10	2.92710521334612E-09	9.44790851465369E-09	5.71721308572346E-07	9.26333611014016E-06
71.425	1.25222471271526E-10	3.89300447642793E-09	9.09049701321641E-09	5.77212414754914E-07	9.17180080599748E-06
71.5916666999999	1.05272244883243E-11	3.28392197651497E-09	8.67720126745866E-09	5.75149601712504E-07	9.44455931620108E-06
71.7583333	3.96591524287796E-11	2.89610183403421E-09	9.58898659288483E-09	5.781210075904E-07	9.51874335343693E-06
71.925	3.95249585534396E-10	2.48527637763228E-09	8.23531876188154E-09	5.83033039614023E-07	7.54453022722385E-06
72.0916666999999	1.76398390727256E-10	2.86982695980348E-09	9.09265238966855E-09	5.82994706938939E-07	7.92607128618636E-06
72.2583333	1.71519875585038E-10	3.58841638276049E-09	8.31310808574707E-09	5.90779661078598E-07	9.08619830414677E-06
72.425	1.21828385996165E-10	2.98214262330886E-09	8.83661945744562E-09	5.9039956330385E-07	1.01467001455311E-05
72.5916666999999	9.61518901923827E-11	3.6252978195742E-09	8.57658184009741E-09	5.94144992076659E-07	9.121033086562E-06
72.7583333	3.05813059971222E-10	2.14273945344973E-09	8.69583497774029E-09	5.96364357159236E-07	9.2275669568863E-06
72.925	2.77267038512355E-10	2.23423277025609E-09	8.10814306589047E-09	5.98742937301568E-07	8.55063449559012E-06
73.0916666999999	1.9938517749554E-10	5.28581750641436E-09	8.24485590078139E-09	6.04424949158528E-07	9.03727315965589E-06
73.2583333	3.38508997178934E-10	4.19176464806404E-09	7.96027061626247E-09	6.06694028600279E-07	8.86419834649261E-06
73.425	2.34617018050401E-10	4.18810866992336E-09	8.03597504439061E-09	6.09760935896534E-07	1.00358129449682E-05
73.5916666999999	2.0753224529474E-10	4.47997367745411E-09	7.89659531111197E-09	6.12213795779661E-07	8.41753567429471E-06
73.7583333	4.09657460848312E-11	3.44823676401882E-09	7.61251970138608E-09	6.11697898793453E-07	9.04941585039255E-06
73.925	2.97408134547036E-10	3.80449438112134E-09	7.13617905624253E-09	6.15943827918897E-07	9.57190972910682E-06
74.0916666999999	9.54985410204962E-11	3.24037094830279E-09	7.50224645049121E-09	6.23646629886394E-07	8.73636198462502E-06
74.2583333	2.91980776178764E-10	3.61328371207087E-09	7.54595709108933E-09	6.26671481131309E-07	8.66659218208077E-06
74.425	1.50122442818691E-10	5.15488805547227E-09	7.28425070723025E-09	6.3126462838788E-07	8.60527192093794E-06
74.5916666999999	1.87216773188606E-10	1.8921805650991E-09	6.76903208325233E-09	6.34845893438177E-07	8.97327387841125E-06
74.7583333	2.40426510119827E-10	2.66140934748072E-09	6.88490680140601E-09	6.37560115742489E-07	9.29993742902378E-06
74.925	1.00552874203857E-10	1.79172483066215E-09	6.84691815201464E-09	6.38990091872396E-07	9.56353489183628E-06
75.0916666999999	4.14033122293136E-10	3.6058125985913E-09	6.75411687162311E-09	6.4615065467231E-07	9.11126552432671E-06
75.2583333	1.29588846358272E-10	4.32888538523497E-09	6.80196503662083E-09	6.46899699734694E-07	8.36634809239334E-06
75.425	5.93628153660118E-10	3.77213322977219E-09	6.40679228008798E-09	6.48186960921018E-07	8.87737722934371E-06
75.5916666999999	2.13837342992112E-10	2.32861910777335E-09	6.64487752464953E-09	6.55476968264815E-07	8.34507218958826E-06
75.7583333	2.56574598454907E-10	4.47883102080613E-09	6.24075695250553E-09	6.55950921611243E-07	8.00555798603302E-06
75.925	1.94631039035721E-10	3.82314056809085E-09	6.01590378277714E-09	6.59132028981021E-07	8.78839499285714E-06
76.0916666999999	6.26149020954267E-11	4.08920193679476E-09	6.13167077115193E-09	6.63321579732856E-07	9.23384875911453E-06
76.2583333	4.68146539611226E-10	3.78275477115324E-09	5.8158202414041E-09	6.69613911966843E-07	9.26358197217417E-06
76.425	1.50780135041533E-10	3.09276359897061E-09	5.92674661133841E-09	6.67046927228117E-07	8.56776411002278E-06
76.5916666999999	1.89075528818412E-10	4.63247813973626E-09	6.10500769981804E-09	6.72787758671037E-07	8.54709418533792E-06
76.7583333	3.8316743756438E-10	2.83999459035532E-09	5.66123323575949E-09	6.76827953216939E-07	8.84169030433865E-06
76.925	2.74331910359512E-10	3.58369037904007E-09	5.93139761139718E-09	6.78176155821671E-07	8.94521372652915E-06
77.0916666999999	1.66127878331267E-10	3.47294488596474E-09	5.82817908883503E-09	6.81102652250284E-07	8.30853590737444E-06
77.2583333	2.59373154210799E-10	3.9115967132009E-09	5.56349034314107E-09	6.8428521028909E-07	8.9256579118317E-06
77.425	3.86602154400108E-10	4.64164153010133E-09	5.68354765333548E-09	6.8546538157469E-07	8.70313987607334E-06
77.5916666999999	5.12721664606421E-10	2.53751212635441E-09	5.70500662529232E-09	6.90685030325693E-07	7.9683430581266E-06
77.7583333	2.41608594617482E-10	5.69763686265667E-09	5.31326724619056E-09	6.91185755084225E-07	8.16222176097765E-06
77.925	2.28283634649594E-10	5.19117874088837E-09	5.62076160047957E-09	6.96032134534341E-07	8.56886528770712E-06
78.0916666999999	2.27584634280198E-10	2.32508851159915E-09	5.40468225950271E-09	6.99793796264471E-07	8.48576081511849E-06
78.2583333	8.87806924349488E-11	2.93954273780579E-09	5.13372984389896E-09	7.02820642461404E-07	8.46507181935156E-06
78.425	2.17946065779685E-10	2.59862880292637E-09	5.31306172948409E-09	7.06539231187069E-07	8.91795452085933E-06
78.5916666999999	2.78754612750313E-10	5.62073820194552E-09	5.29156940054743E-09	7.05783598593261E-07	8.480388492456E-06
78.7583333	3.24851728197821E-10	7.50922934894565E-09	5.30070922592831E-09	7.09174266524044E-07	8.52507748403554E-06
78.925	1.41663278835912E-10	2.9923899176438E-09	4.4223417644465E-09	7.13742355702831E-07	8.25439136273484E-06
79.0916666999999	3.03697449173663E-10	4.28339961782418E-09	4.65661267481147E-09	7.15871173610989E-07	8.33310034004288E-06
79.2583333	3.11688920280069E-10	4.02860571962814E-09	5.45111002719401E-09	7.17474970287792E-07	8.615009445383E-06
79.425	7.33543880865284E-11	1.93183179982348E-09	5.0853885905522E-09	7.27020931667324E-07	7.84989320546732E-06
79.5916666999999	1.73716755091791E-10	3.12269429399368E-09	4.74661732730295E-09	7.29688525046074E-07	9.10915398682338E-06
79.7583333	1.29644219508749E-10	4.17019922546885E-09	4.7807341213217E-09	7.30398193448385E-07	8.59092460887323E-06
79.925	1.57359463413277E-10	3.04589885279818E-09	4.37223393850096E-09	7.34700666815489E-07	8.20304264666037E-06
80.0916666999999	2.56967551932457E-10	4.64398196700278E-09	4.62547172533381E-09	7.3394458561291E-07	8.19228729567384E-06
80.2583333	7.58115016497073E-11	2.77345158615286E-09	4.57189511323123E-09	7.39452378613593E-07	7.89167752148012E-06
80.425	2.27208358666267E-10	3.53042793627337E-09	4.3213338430442E-09	7.38997193064329E-07	7.811753588941E-06
80.5916666999999	5.81373269238057E-11	4.6275197838724E-09	4.1837392647849E-09	7.45384803087445E-07	8.8668272461911E-06
80.7583333	2.37947005419715E-10	3.15230791754299E-09	4.32280950928986E-09	7.4767399167992E-07	8.13359509862247E-06
80.925	7.53623527713908E-11	4.20095657812943E-09	4.1753493909311E-09	7.49892065633361E-07	8.09978566779501E-06
81.0916666999999	3.22141104705466E-10	2.63843893613515E-09	4.15411852807194E-09	7.54021680559487E-07	8.25879197692841E-06
81.2583333	5.57029775045489E-11	4.99559981071071E-09	4.15692992292204E-09	7.55843297654734E-07	8.41918402822171E-06
81.425	1.79463394161096E-10	2.81154177990411E-09	4.38432437186649E-09	7.58988941472523E-07	8.64959678222238E-06
81.5916666999999	2.30215629859993E-10	2.99142342396795E-09	4.0540048107729E-09	7.61139835811544E-07	7.96061272129035E-06
81.7583333	1.25359717601971E-10	2.36197277404348E-09	3.75802221783847E-09	7.64643501084777E-07	8.07869690701452E-06
81.925	2.1919883926549E-10	4.01553726529163E-09	3.78093694507488E-09	7.64762035726362E-07	8.49981495535251E-06
82.0916666999999	1.70879564633508E-10	4.37313042739299E-09	4.01761543870469E-09	7.69174558025705E-07	7.9299038098983E-06
82.2583333	8.71372197340483E-11	4.32405938325253E-09	3.28159095918153E-09	7.7180839072535E-07	7.78654081627155E-06
82.425	2.27761427361755E-10	3.3956536042556E-09	3.70952235083495E-09	7.73882949606034E-07	7.98915931949744E-06
82.5916666999999	2.90487905802859E-10	4.39926340914597E-09	3.74308301235845E-09	7.75884737299105E-07	8.90801571983867E-06
82.7583333	2.01229467085522E-10	3.62155451320583E-09	3.26665037936031E-09	7.87136208320255E-07	7.43347688784021E-06
82.925	2.90006445687561E-10	2.54304041708832E-09	3.29896928683561E-09	7.84185717834055E-07	7.48649068946967E-06
83.0916666999999	2.68030645690704E-10	3.69508579479516E-09	3.40889426217834E-09	7.92874164078487E-07	8.6746390123848E-06
83.2583333	2.3831808662477E-10	2.76934139797173E-09	3.07136956049956E-09	7.94426461704972E-07	8.62694963709144E-06
83.425	1.44652171028092E-10	3.25233874035077E-09	4.05981185171787E-09	7.94556913769307E-07	7.35247062313613E-06
83.5916666999999	5.76549683730313E-11	3.43022554027922E-09	3.32858141756733E-09	7.98538316643291E-07	8.07095981718775E-06
83.7583333	1.08072488454027E-10	2.59113820397493E-09	3.27639391673204E-09	7.99032490218916E-07	8.4357085253416E-06
83.925	4.29543702224605E-11	1.27995442210574E-09	3.03670571373141E-09	8.05255582668332E-07	7.96788748274572E-06
84.0916666999999	1.02922272017988E-10	4.15630911851472E-09	3.01272585140131E-09	8.07873423332248E-07	7.09360633396165E-06
84.2583333	6.15924335312503E-11	1.65316591850058E-09	3.52351803764799E-09	8.11268495855338E-07	7.98728408980321E-06
84.425	1.4112094490467E-10	3.76560665300391E-09	3.1434558990055E-09	8.13985320190782E-07	7.96024327798559E-06
84.5916666999999	1.22459527729956E-10	3.46556465683548E-09	3.26632179250374E-09	8.13325785274474E-07	7.3603024753986E-06
84.7583333	1.91475620397502E-10	5.82518225777609E-09	2.96671736689657E-09	8.25372790247238E-07	8.63962511855322E-06
84.925	9.69322534245036E-11	4.92946553716683E-09	2.75876746462068E-09	8.25610531208769E-07	8.06714704717086E-06
85.0916666999999	1.0405427987862E-10	3.86049058275539E-09	2.87927392954815E-09	8.28110667373219E-07	7.92594347959989E-06
85.2583333	1.68403505241175E-10	3.45398637276898E-09	2.69980907928615E-09	8.2967821523196E-07	7.93737820785886E-06
85.425	8.97712413438263E-11	1.71656001331195E-09	2.96821851620645E-09	8.36587450208216E-07	7.87030168126554E-06
85.5916666999999	1.39110205762329E-10	5.91320744436176E-09	2.59633176766439E-09	8.3933298862488E-07	7.40654174784461E-06
85.7583333	2.45347708165472E-10	2.07746208490919E-09	2.61378826347366E-09	8.39664968893165E-07	7.99876663262561E-06
85.925	1.08004677266898E-10	1.91424758836262E-09	2.72539991543805E-09	8.46737944468629E-07	7.56077444229717E-06
86.0916666999999	3.77155098917342E-10	4.45656578170628E-09	2.59984252200018E-09	8.47149464321317E-07	8.4355788866379E-06
86.2583333	2.17724152973316E-10	3.48816661286083E-09	2.48087811020625E-09	8.49392893523334E-07	7.95957741780708E-06
86.425	1.9130047007834E-10	4.83200728596637E-09	2.24139641588239E-09	8.51613884393607E-07	7.62994279677597E-06
86.5916666999999	3.16066275113816E-10	2.92018903662219E-09	2.60767439296537E-09	8.55948161237033E-07	7.53180144138665E-06
86.7583333	5.16333443034754E-10	3.40193010281623E-09	2.12070767579355E-09	8.6111323349805E-07	7.42638092068299E-06
86.925	2.13751675386541E-10	3.41012304252445E-09	2.02947155307535E-09	8.63836424822166E-07	7.87977762398775E-06
87.0916666999999	2.9383758384537E-10	3.16549730166397E-09	2.40615296509091E-09	8.66111431835434E-07	7.36560417300261E-06
87.2583333	1.01828449606136E-10	2.50608597306982E-09	2.35996148611678E-09	8.68582930567844E-07	7.78031203226558E-06
87.425	5.17068259035837E-11	2.4926186994901E-09	2.3240969347456E-09	8.71284199142749E-07	8.53643932272763E-06
87.5916666999999	1.89660859541759E-10	3.13168510856391E-09	2.70938843289312E-09	8.75882347457973E-07	8.16701127914777E-06
87.7583333	8.34003238590728E-11	3.9558286200313E-09	2.36217217412701E-09	8.77204385856449E-07	6.33822673134523E-06
87.925	1.41879049399692E-10	3.1489693213107E-09	2.05701718366969E-09	8.80102300148937E-07	6.57579937577394E-06
88.0916666999999	2.97928441273829E-11	1.86692765383395E-09	2.63891366284236E-09	8.82941807460397E-07	8.07846344548332E-06
88.2583333	3.24065397967621E-10	2.7685735504805E-09	1.69447926060731E-09	8.89274149566802E-07	7.61162270435516E-06
88.425	6.55979049806765E-11	5.30511891644892E-09	2.01627371409102E-09	8.87383465272558E-07	7.31534724482795E-06
88.5916666999999	1.91457535487846E-10	3.47262019837773E-09	2.03099626029902E-09	8.90842197531505E-07	7.58050662379279E-06
88.7583333	2.00184594378574E-10	3.1856963381537E-09	2.08605136063602E-09	8.94727909184562E-07	8.233373071938E-06
88.925	1.75919979082322E-10	3.09247177807121E-09	2.10348334327208E-09	8.96619409412076E-07	7.51849025344758E-06
89.0916666999999	2.96671666729192E-10	3.39108394064328E-09	2.45022672297998E-09	9.05091141554609E-07	7.52886906908602E-06
89.2583333	7.22664070972621E-11	2.3136246552857E-09	2.02188921343504E-09	9.10031043354297E-07	8.35131548635817E-06
89.425	1.25983878711366E-10	1.6735439374974E-09	1.56351607792461E-09	9.11260807270045E-07	7.15484042476725E-06
89.5916666999999	1.18979901547136E-10	3.01987289533843E-09	2.02493890998564E-09	9.14489423730926E-07	6.80394110333212E-06
89.7583333	1.12114051503689E-10	2.99194107219678E-09	2.03878597644509E-09	9.14258147894309E-07	7.72107600639428E-06
89.925	1.45422478501757E-10	2.94817589291588E-09	1.68823512597125E-09	9.21945202988197E-07	7.71090917757991E-06
90.0916666999999	2.29108141684349E-10	3.13091814275897E-09	1.8255160100331E-09	9.26013473415097E-07	7.04264693592899E-06
90.2583333	3.92222868798101E-11	4.07520661595062E-09	1.75778597310026E-09	9.28736186893625E-07	6.83670204179005E-06
90.425	5.67303075957007E-11	4.30633819197301E-09	1.6660230349709E-09	9.30882504190977E-07	5.91012210446354E-06
90.5916666999999	1.00138969008433E-10	3.37242868373364E-09	1.75959726525013E-09	9.31321994273288E-07	6.69499574745962E-06
90.7583333	9.86854970115156E-11	2.50360454701697E-09	1.78542849759128E-09	9.35175585586333E-07	8.46135179319651E-06
90.925	6.3657716371428E-11	3.46071317384767E-09	1.72873384221435E-09	9.37492162647744E-07	7.07171982228641E-06
91.0916666999999	1.97635532551901E-10	4.08886823531664E-09	1.84253693646258E-09	9.41171178622425E-07	6.91465944652732E-06
91.2583333	2.44007837098572E-10	2.09860417623795E-09	1.49442134981427E-09	9.4199919806965E-07	6.08839297178759E-06
91.425	2.27224039962351E-10	1.22838215905729E-09	1.68735594669484E-09	9.47623676777571E-07	8.2402458947017E-06
91.5916666999999	8.04333927839464E-11	2.60249066195402E-09	1.65120297865244E-09	9.4817864706721E-07	7.19754384525484E-06
91.7583333	1.81658571366514E-10	3.51449216154956E-09	1.33627736237572E-09	9.49364682229424E-07	7.18122752464008E-06
91.925	1.63750952087208E-10	2.03413201297329E-09	1.50894811179802E-09	9.52446274020456E-07	7.30381649888749E-06
92.0916666999999	2.70815614850951E-10	2.39695768957687E-09	1.43073920862608E-09	9.55329454296478E-07	7.7098747907357E-06
92.2583333	1.706733615647E-10	3.09163147971613E-09	1.27903546546674E-09	9.5999954423058E-07	8.11790022738998E-06
92.425	1.59039196388431E-10	1.16047872451142E-09	1.61822246588353E-09	9.5902968467659E-07	7.71059246803187E-06
92.5916666999999	1.94681588788073E-10	2.90389812789575E-09	1.38830023684128E-09	9.61337241772746E-07	6.91505612036429E-06
92.7583333	8.40336743064917E-11	2.85663970109624E-09	1.18808520876042E-09	9.62936204894712E-07	7.66842230747466E-06
92.925	1.86030372590856E-10	2.06253714007602E-09	9.28020364106519E-10	9.6378424805531E-07	6.95177251811415E-06
93.0916666999999	2.69740644696818E-10	1.11701287319646E-09	1.0928010224561E-09	9.65892635059024E-07	7.35884087424263E-06
93.2583333	9.2199974825496E-11	2.53165297769835E-09	9.77105902944577E-10	9.67380153628318E-07	8.31878604436443E-06
93.425	5.52255277398532E-11	2.09519611398225E-09	1.20942367434743E-09	9.68412679529005E-07	7.46046623632031E-06
93.5916666999999	7.44002624741265E-11	3.73580688784959E-09	9.60143047499976E-10	9.70778085686812E-07	6.55305696281017E-06
93.7583333	9.13779539341699E-11	2.09693815974791E-09	1.17538761498069E-09	9.74182481552083E-07	7.79472439002541E-06
93.925	2.91241991462867E-10	3.04395229225363E-09	1.17705082449445E-09	9.72509826594864E-07	6.99080773628036E-06
94.0916666999999	1.00435294522893E-10	3.3875674332574E-09	9.06547768010426E-10	9.75236347174236E-07	6.76023424073797E-06
94.2583333	3.36041921036849E-10	4.65863516047083E-09	7.31204066656258E-10	9.77334983381061E-07	7.66909818946374E-06
94.425	2.04346400925844E-10	4.81400788229266E-09	1.14403581034136E-09	9.80680189216988E-07	6.61241024427083E-06
94.5916666999999	1.4887725166044E-10	4.42882896910433E-09	9.22699677947437E-10	9.7914226206072E-07	7.00299555317414E-06
94.7583333	2.33762152020076E-10	3.90616701370912E-09	1.31923385098285E-09	9.82074338517016E-07	7.70222054636676E-06
94.925	1.41381194469246E-10	3.64796639503125E-09	1.02020110237633E-09	9.83318682837571E-07	7.35293879654599E-06
95.0916666999999	2.25936614514664E-10	3.90617414981846E-09	1.29155530124306E-09	9.84676949633576E-07	7.01115203464405E-06
95.2583333	1.65285980154074E-10	2.87132237222281E-09	1.17586597098537E-09	9.84161338694403E-07	7.09924785647875E-06
95.425	1.75131947536423E-10	4.80064096603162E-09	1.10571598414538E-09	9.86457996797119E-07	7.19693054835521E-06
95.5916666999999	3.21402343771983E-11	2.62359041111252E-09	1.20300535206687E-09	9.85646425764387E-07	7.39875676428576E-06
95.7583333	1.78957070063826E-10	3.46158730527114E-09	1.08396927056912E-09	9.8731290989391E-07	7.61464126586596E-06
95.925	1.63733379844003E-10	4.33569248898659E-09	1.01123242367512E-09	9.88900295182329E-07	6.9137288213775E-06
96.0916666999999	1.42607483522866E-10	3.78646751284892E-09	9.99969187937888E-10	9.90715403485279E-07	7.69868946961367E-06
96.2583333	1.41438028657879E-10	3.87688409651045E-09	7.60931579257874E-10	9.92094727491633E-07	7.59723502300278E-06
96.425	1.11641647521882E-10	2.91440943780088E-09	8.37348072203977E-10	9.96393489501132E-07	7.48295941360148E-06
96.5916666999999	2.01214956121071E-10	3.95333400216753E-09	6.87085900089269E-10	9.96030795088764E-07	7.33396044984889E-06
96.7583333	1.86516142055317E-11	4.10191322371206E-09	7.74547418618756E-10	9.96715219238999E-07	6.80850979493901E-06
96.925	1.39489054171111E-10	2.67725193296543E-09	1.01931095560895E-09	9.94343379419754E-07	7.59657184632859E-06
97.0916666999999	3.75911781030287E-10	2.97727704952302E-09	5.63316440801739E-10	9.96905419664941E-07	7.63286017180685E-06
97.2583333	1.31211299746788E-10	3.93122179062946E-09	7.77352604284491E-10	9.97964969244853E-07	8.03088975876338E-06
97.425	3.59954620324132E-10	4.54403933163627E-09	8.8108120135335E-10	9.9642811733752E-07	6.57270224667548E-06
97.5916666999999	8.31895445028939E-11	2.80920399379607E-09	8.64501226363341E-10	9.97477371916614E-07	6.7152111879468E-06
97.7583333	1.77541112584593E-10	4.44375098859186E-09	4.52579994762368E-10	1.00014654259542E-06	6.28891066109737E-06
97.925	1.29547895614423E-10	3.14750298281078E-09	1.14320401641479E-09	1.00314353470609E-06	8.04385533387013E-06
98.0916666999999	9.77360852473004E-11	2.69588122869027E-09	5.59874539562693E-10	1.00238595382755E-06	7.28687448341853E-06
98.2583333	4.83536102810626E-11	4.78736407835032E-09	5.66160158880722E-10	1.00431194437332E-06	7.06259327146804E-06
98.425	1.98167934797665E-10	2.53928997351145E-09	8.50377869728628E-10	1.0054245006393E-06	7.37256814321995E-06
98.5916666999999	1.03754938263962E-10	5.10282600721986E-09	1.2483124863416E-09	1.00531435082144E-06	7.91028342027375E-06
98.7583333	3.68454027715553E-10	5.34517096649851E-09	7.11038321382364E-10	1.00510811318698E-06	7.66012173124898E-06
98.925	4.04648985188495E-10	3.76854871175497E-09	1.02174265388804E-09	1.00394826011801E-06	6.7970720543926E-06
99.0916666999999	1.24915247196011E-10	3.2661075212662E-09	4.0480073055494E-10	1.00474948994611E-06	6.60692905921446E-06
99.2583333	1.04695587294495E-10	3.82292245475751E-09	6.76247912503988E-10	1.0074430547291E-06	6.79419359625112E-06
99.425	6.73399651259933E-11	1.92186914241887E-09	7.96755894654252E-10	1.00578426029664E-06	6.86565320092102E-06
99.5916666999999	1.86632469464167E-10	3.08864124763412E-09	1.04552697044693E-09	1.00821793948624E-06	7.7548571007279E-06
99.7583333	2.08486632274334E-10	3.23264862098999E-09	3.30054966093678E-10	1.0083853217815E-06	7.89161919027993E-06
99.925	1.58036852010616E-10	3.43238109670718E-09	6.99691924264071E-10	1.01499935718181E-06	7.86614019354235E-06
100.091667	1.60998726447195E-10	3.8467942134613E-09	7.59424003205669E-10	1.0146926251703E-06	7.10009685484977E-06
100.258333	1.48161798635869E-10	3.30858526001182E-09	8.56663031132476E-10	1.01183803661053E-06	6.68691179184092E-06
100.425	1.97517568736492E-10	3.99993012080557E-09	4.66872028929516E-10	1.01137159141539E-06	6.10575298437833E-06
100.591667	1.30361874829995E-10	3.10729422413343E-09	4.02987512602759E-10	1.01009433832029E-06	7.45634419735729E-06
100.758333	1.14663287116038E-10	4.59532246808802E-09	7.06037317478164E-10	1.01265919575356E-06	7.90191861948743E-06
100.925	4.18938785650648E-11	2.79970661970998E-09	7.22490243092279E-10	1.01530790507757E-06	6.97076558729799E-06
101.091667	3.79311213909333E-11	3.58034682959109E-09	5.68921475829462E-10	1.01414014585081E-06	7.89231514999626E-06
101.258333	2.01369546073785E-10	4.18429221181739E-09	8.88026808050078E-10	1.01687469453586E-06	7.77884216894931E-06
101.425	1.02666345010972E-10	3.53698039175114E-09	7.01235920200109E-10	1.01579123727252E-06	7.52844398207565E-06
101.591667	1.37952086601634E-10	1.54894757507322E-09	7.2628947155241E-10	1.01794564105117E-06	7.62923986705995E-06
101.758333	1.75431216631718E-10	3.3532756247264E-09	8.67020423209152E-10	1.01965803680757E-06	6.77432887810093E-06
101.925	5.85937720923987E-11	5.11019316791953E-09	5.60585229550142E-10	1.01816102615843E-06	6.44763425138223E-06
102.091667	1.85843761672569E-10	2.92724657871175E-09	8.03917577564401E-10	1.01909029754764E-06	7.52774312125427E-06
102.258333	2.36073588807067E-10	3.9659442829614E-09	3.24279448967916E-10	1.01766886204504E-06	7.0630122764291E-06
102.425	2.41420867458041E-10	4.27309294726261E-09	5.71262265681059E-10	1.02266720280592E-06	7.49122501122465E-06
102.591667	1.72835028088288E-10	2.69595296019414E-09	6.61250630685635E-10	1.02040307746603E-06	7.13485615025627E-06
