time	N2O	NO	NH3	CO	H2
0.091666667	1.456974286744E-06	3.07245832292021E-05	2.47523599901462E-08	0.000162223703721	5.1438936095649E-05
0.258333333	1.45219003634941E-06	3.07579225050883E-05	2.47096977479397E-08	0.000162368162906	5.18724755857157E-05
0.425	1.44874481026246E-06	3.08127538470939E-05	2.47253533201635E-08	0.000162420472691	5.17712579893534E-05
0.591666666999999	1.44402932772654E-06	3.08305041520657E-05	2.37840521509996E-08	0.000162448452833	5.07192278384605E-05
0.758333332999999	1.43576777716849E-06	3.0875674021012E-05	2.39704251319453E-08	0.000162305957307	5.14258297538919E-05
0.925	1.4339076448019E-06	3.08497854967417E-05	2.35219948957251E-08	0.000162398417629	5.22214091887372E-05
1.09166667	1.42768146254598E-06	3.08999405309041E-05	2.32512681184029E-08	0.000162420407587	5.22879849623477E-05
1.25833333	1.42154250572248E-06	3.09129579919339E-05	2.31947577326684E-08	0.000162587458636	5.1378637961059E-05
1.42499999999999	1.41664243468916E-06	3.09263266253251E-05	2.317134028622E-08	0.000162435538475	5.17702982743986E-05
1.59166667	1.41322894772843E-06	3.09584309046109E-05	2.19535636009512E-08	0.000162698301905	5.16119196922634E-05
1.75833333	1.40922289350396E-06	3.09905672151837E-05	2.22639177841648E-08	0.000162746702878	5.11066676881418E-05
1.925	1.40583573242108E-06	3.09651504214874E-05	2.29630689304459E-08	0.000162527994418	5.22865660885135E-05
2.09166666999999	1.40157845479025E-06	3.10576908637998E-05	2.2415826613498E-08	0.000162647156634	5.1850511188467E-05
2.25833333	1.39940284155151E-06	3.10196018670519E-05	2.17850352991304E-08	0.000162803175728	5.13425743705809E-05
2.425	1.39597402030349E-06	3.10392188566583E-05	2.17715817794434E-08	0.000162838931992	5.24623434893739E-05
2.59166666999999	1.3902779718739E-06	3.10592400030896E-05	2.25157913338374E-08	0.000162675173272	5.20647179957948E-05
2.75833333	1.38856905978033E-06	3.10831282835835E-05	2.160338919874E-08	0.00016277139773	5.15859682214423E-05
2.925	1.38680617459971E-06	3.10801460590519E-05	2.11737106707945E-08	0.000162811449306	5.09090026630318E-05
3.09166666999999	1.38479259212103E-06	3.11060080100936E-05	2.16932149756762E-08	0.000162734898653	5.17929310532464E-05
3.25833333	1.38225464265665E-06	3.10998160957049E-05	2.1344525328131E-08	0.000162506635404	5.16472050350359E-05
3.425	1.37743315720601E-06	3.11273183337837E-05	2.13063198733878E-08	0.000163078403051	5.19401150987513E-05
3.59166667	1.37820104174107E-06	3.11422012203567E-05	2.15320747101993E-08	0.000162913425738	5.22619897126344E-05
3.75833333	1.37423930771477E-06	3.11374613235324E-05	2.17447491274128E-08	0.000162897839616	5.17405877558291E-05
3.925	1.37305770770614E-06	3.11387169364443E-05	2.04830153566654E-08	0.000162883264522	5.23814704243776E-05
4.09166667	1.37053197003706E-06	3.11610010273383E-05	2.09303222384713E-08	0.000162968451583	5.24681587390072E-05
4.25833333	1.36756503628406E-06	3.11838570359159E-05	2.11062852956454E-08	0.000162936245197	5.189761341935E-05
4.425	1.36422222746369E-06	3.11837706511813E-05	2.06668208806524E-08	0.000162888943995	5.19081270158838E-05
4.59166667	1.36501281662897E-06	3.11871641892778E-05	2.09664350599803E-08	0.000162823577751	5.26566770920883E-05
4.75833333	1.35938167742687E-06	3.1190970817619E-05	2.01870967390469E-08	0.000163122247148	5.14330562913726E-05
4.925	1.35878476281852E-06	3.11991606777123E-05	2.0794881880561E-08	0.000162760730984	5.06498029201133E-05
5.09166667	1.35633646879435E-06	3.12188054371947E-05	2.05946268109516E-08	0.000163122513856	5.15364616163474E-05
5.25833333	1.35584909409177E-06	3.12106052628825E-05	2.01319129131322E-08	0.000162983294016	5.2164602160148E-05
5.425	1.35089239450999E-06	3.12401304033156E-05	1.95378724049082E-08	0.000162822698151	5.32529437843192E-05
5.59166667	1.35068400029119E-06	3.12693881831883E-05	1.98757729441161E-08	0.000162992533204	5.19214823638248E-05
5.75833333	1.34833497517907E-06	3.12510006868983E-05	2.00188487045382E-08	0.000162939396195	5.09328558527934E-05
5.925	1.34656341175199E-06	3.12581170016602E-05	1.97262749067509E-08	0.000162965840871	5.19878710311856E-05
6.09166667	1.3471019592013E-06	3.12883757683532E-05	1.94453588068596E-08	0.00016304524667	5.13819055396668E-05
6.25833333	1.34320246564596E-06	3.1285173804101E-05	1.94292141617083E-08	0.00016300371346	5.38743895949861E-05
6.425	1.34268673973353E-06	3.12864899251487E-05	1.83964973789398E-08	0.000162915891113	5.20038271694628E-05
6.59166667	1.34153915514584E-06	3.12888338029761E-05	1.94752517406719E-08	0.000162908314667	5.09238058297912E-05
6.75833332999999	1.33951829985909E-06	3.1307764641477E-05	1.94796493861018E-08	0.000163020355736	5.2025446284784E-05
6.925	1.33918851180575E-06	3.130546403332E-05	1.92534355854958E-08	0.000163044303159	5.25013762948986E-05
7.09166667	1.33870874819648E-06	3.12691981040279E-05	1.84571406366603E-08	0.000162957837649	5.18355164227879E-05
7.25833332999999	1.33741522810501E-06	3.13181970293687E-05	1.97518631946999E-08	0.000163059798384	5.18412750456085E-05
7.425	1.3361469205713E-06	3.13413268849376E-05	1.96390719121754E-08	0.000162996318852	5.20475860313944E-05
7.59166667	1.33303744046305E-06	3.1320595599939E-05	1.94712163443888E-08	0.000162928002417	5.19693903174973E-05
7.75833332999999	1.33140521006183E-06	3.12964239706966E-05	1.9446467098518E-08	0.000163400787499	5.09155817080567E-05
7.925	1.33112831119681E-06	3.13401472413618E-05	1.85733789912573E-08	0.000163175913563	5.27976330533878E-05
8.09166667	1.33393796095258E-06	3.13325142035819E-05	1.93081352789387E-08	0.000163081367973	5.26008083047778E-05
8.25833333	1.32941432817195E-06	3.13522003730304E-05	1.87019280909952E-08	0.000163127449954	5.19288466658556E-05
8.425	1.32955505753391E-06	3.13574829078492E-05	1.89445933404092E-08	0.000163148359753	5.17535922458404E-05
8.59166667	1.32730846882592E-06	3.13621499873235E-05	1.91512460605737E-08	0.00016313650194	5.27909530758388E-05
8.75833333	1.32697585812124E-06	3.13440613732587E-05	1.90310132005183E-08	0.000163034800913	5.18328746020071E-05
8.925	1.32727117596412E-06	3.13647661704712E-05	1.83296607887855E-08	0.000163242088226	5.23117830879169E-05
9.09166667	1.32262315496973E-06	3.13379052245838E-05	1.88914888312619E-08	0.000163124777781	5.20441998198512E-05
9.25833333	1.3215474265084E-06	3.13788924118557E-05	1.91820039447317E-08	0.000163052943847	5.21180656474532E-05
9.425	1.32201290262628E-06	3.13736273720882E-05	1.90821261630675E-08	0.000163255558982	5.28256935331599E-05
9.59166667	1.32110148859724E-06	3.13585143140545E-05	1.84969482076352E-08	0.000163080202104	5.37164067692283E-05
9.75833333	1.32233084139643E-06	3.13842560821674E-05	1.82727818964339E-08	0.000163071930796	5.27185394802454E-05
9.925	1.32108865035153E-06	3.13938501130326E-05	1.88163464669205E-08	0.000163185531982	5.06713951260888E-05
10.0916667	1.31874435921081E-06	3.13809696834451E-05	1.86771035203885E-08	0.00016318687161	5.19209806049679E-05
10.2583333	1.31957291747847E-06	3.13496724815803E-05	1.81708330313347E-08	0.000162999107147	5.28053827595198E-05
10.425	1.31761211191003E-06	3.13924104386262E-05	1.8856995714968E-08	0.000162989024489	5.25963232650203E-05
10.5916667	1.31746208399416E-06	3.13476412622774E-05	1.89006041362767E-08	0.000163046193071	5.19353084174843E-05
10.7583333	1.31841756692848E-06	3.13728219690023E-05	1.93416457915953E-08	0.000163139412911	5.14992436597502E-05
10.925	1.31736034483869E-06	3.13856980738542E-05	1.8095024139685E-08	0.000163125322244	5.29533579532813E-05
11.0916667	1.31804334378333E-06	3.14057804554327E-05	1.82846742912735E-08	0.000163224794043	5.19753722349264E-05
11.2583333	1.31818816172197E-06	3.13878354758903E-05	1.77041339474364E-08	0.00016311144063	5.38973970512099E-05
11.425	1.32302961548864E-06	3.13791485774403E-05	1.78682298246567E-08	0.000163038442896	5.16382484523356E-05
11.5916667	1.32684163416206E-06	3.13244733085814E-05	1.87274993534228E-08	0.000163042420596	5.17184012677579E-05
11.7583333	1.33205244965309E-06	3.13127505631126E-05	1.87039266866962E-08	0.000163049921122	5.31970662403863E-05
11.925	1.3385620649692E-06	3.12796752896752E-05	1.81158593587305E-08	0.000162840273396	5.22187985336863E-05
12.0916667	1.34711091695773E-06	3.12614064390539E-05	1.90419038560427E-08	0.000162902937278	5.22433536364668E-05
12.2583333	1.35866960538054E-06	3.11898782203296E-05	1.84252917742328E-08	0.000162741589512	5.15791867059829E-05
12.425	1.36969048879808E-06	3.11506476588675E-05	1.89682477540172E-08	0.000162579487579	5.18941238143791E-05
12.5916667	1.38299254526812E-06	3.11007507077725E-05	1.93842731178711E-08	0.000162631474025	5.14964662886443E-05
12.7583333	1.39821058771171E-06	3.10013655138056E-05	1.82574534595965E-08	0.000162532912476	5.21256180596749E-05
12.925	1.41827166307882E-06	3.09427362648112E-05	1.96443909704743E-08	0.00016239070919	5.22301709562576E-05
13.0916667	1.43131503021519E-06	3.08909737275461E-05	1.91898249798103E-08	0.000162140951827	5.16607740766419E-05
13.2583333	1.4509050520135E-06	3.07830632254632E-05	2.02884576046524E-08	0.000161993709543	5.14932318256376E-05
13.425	1.47091985771315E-06	3.06198206276772E-05	1.9909160585454E-08	0.000161637457554	5.20676558407541E-05
13.5916667	1.49398054837699E-06	3.05814902599395E-05	1.98702448963916E-08	0.000161848288319	5.23038982784945E-05
13.7583333	1.5122207814545E-06	3.04367119934065E-05	2.14178843940813E-08	0.000161270576768	5.24619964167423E-05
13.925	1.53049328702839E-06	3.03398749859812E-05	2.10418271971453E-08	0.000161437667069	5.05899154039723E-05
14.0916667	1.55034639940463E-06	3.02441499269083E-05	2.18098962231115E-08	0.000161112945628	5.13641927788018E-05
14.2583333	1.57282577504106E-06	3.01773994482669E-05	2.26606419278153E-08	0.000161120518684	5.11790980698304E-05
14.425	1.5933413395974E-06	3.00407042205957E-05	2.34719677966526E-08	0.000160720347882	5.09598621576885E-05
14.5916667	1.61241597720368E-06	2.99527147765846E-05	2.41024006607082E-08	0.00016049014132	5.11253051167263E-05
14.7583333	1.63288614895545E-06	2.98591423791548E-05	2.45805151724538E-08	0.000160392103315	5.07418901538684E-05
14.925	1.65696066799148E-06	2.97647785601862E-05	2.55356969129186E-08	0.000160181007894	5.04140154669548E-05
15.0916667	1.68051525623471E-06	2.96416117192822E-05	2.56139386300609E-08	0.000160138226484	5.17472110205973E-05
15.2583333	1.70418808322895E-06	2.95128987083655E-05	2.67629815680461E-08	0.0001598146283	5.03968730980576E-05
15.425	1.73042082746232E-06	2.94209523710348E-05	2.79566081081325E-08	0.000159436516895	5.04178131922726E-05
15.5916667	1.76356985526605E-06	2.92788476409674E-05	2.91178915441002E-08	0.000159177370722	5.1219114568465E-05
15.7583333	1.79561677776601E-06	2.91436481034168E-05	3.0462311026802E-08	0.000159095528251	5.00719425844862E-05
15.925	1.82962567649247E-06	2.89853563960108E-05	3.15144713958528E-08	0.000158982662735	4.95818213300595E-05
16.0916666999999	1.86289466041508E-06	2.88501722593531E-05	3.21206689208924E-08	0.000158618817126	5.0935727969131E-05
16.2583333	1.89899309589163E-06	2.87271153598057E-05	3.38177088894057E-08	0.00015836512761	4.97800774975683E-05
16.425	1.92677086632741E-06	2.85752997666334E-05	3.53941953240448E-08	0.000158195339846	4.89465593826892E-05
16.5916666999999	1.95862886598936E-06	2.84341559269809E-05	3.67643796048595E-08	0.000157842728116	5.02347253221895E-05
16.7583333	1.99063014126415E-06	2.82453500816828E-05	3.92413721415687E-08	0.000157839713093	4.92437602526913E-05
16.925	2.02339576879223E-06	2.80881215059456E-05	4.04729562775032E-08	0.000157328576216	4.86489289699792E-05
17.0916666999999	2.05516871176076E-06	2.7918081093369E-05	4.30799427054898E-08	0.000156983178553	4.92756988027966E-05
17.2583333	2.08836385213532E-06	2.77814539414138E-05	4.43697776477796E-08	0.000156960723887	4.81812973749465E-05
17.425	2.12248760557592E-06	2.76211813181899E-05	4.61355967970105E-08	0.000156364666502	4.88615238375757E-05
17.5916666999999	2.15274013704208E-06	2.74233154338479E-05	4.92153331931184E-08	0.000156134660877	4.84215430625081E-05
17.7583333	2.18429681030515E-06	2.72613426457596E-05	5.19540187372489E-08	0.00015588627869	4.87315208386085E-05
17.925	2.22697851413054E-06	2.70772137976519E-05	5.49263795869282E-08	0.00015572246669	4.73092991788966E-05
18.0916666999999	2.26426662830135E-06	2.68793514072767E-05	5.72479423540513E-08	0.000155364717178	4.72604367360144E-05
18.2583333	2.29860007428517E-06	2.66986668680118E-05	6.07197075343819E-08	0.000155060060736	4.75587470030902E-05
18.425	2.33321808448169E-06	2.65128425029134E-05	6.366359009792E-08	0.000154734392984	4.73800119715288E-05
18.5916666999999	2.36943996686938E-06	2.63331047858106E-05	6.65187338290454E-08	0.000154391095677	4.75067276663181E-05
18.7583333	2.40645819087049E-06	2.61561873838585E-05	7.02384010964345E-08	0.000154182178937	4.82250579889337E-05
18.925	2.44805558068124E-06	2.59382929194358E-05	7.50630960819415E-08	0.000153605209719	4.75104976070538E-05
19.0916666999999	2.48529430657931E-06	2.57310698712646E-05	7.90346264696004E-08	0.000153396511712	4.65805683836632E-05
19.2583333	2.5274625330996E-06	2.55227667525394E-05	8.32702257433528E-08	0.000152988764349	4.65775935392928E-05
19.425	2.569262216737E-06	2.53286681524103E-05	8.78349698608293E-08	0.000152581136255	4.62807187701132E-05
19.5916666999999	2.60816292353854E-06	2.51338986457707E-05	9.14783459746105E-08	0.000152454521679	4.58197318847111E-05
19.7583333	2.64663307684096E-06	2.49026745873258E-05	9.75345388556976E-08	0.000152199551676	4.61793709234529E-05
19.925	2.70407047061749E-06	2.46530062804924E-05	1.02892295352955E-07	0.000151551777832	4.52209263942899E-05
20.0916666999999	2.742582830621E-06	2.4441268799492E-05	1.0889418766542E-07	0.000151282228735	4.54914805589374E-05
20.2583333	2.79156440326516E-06	2.42346278763898E-05	1.15622502010619E-07	0.000151150377441	4.53452141047521E-05
20.425	2.82940622065171E-06	2.39632260936385E-05	1.21548787942531E-07	0.000150671866143	4.42122007605895E-05
20.5916666999999	2.87131490173605E-06	2.37686271247949E-05	1.28961431006088E-07	0.000150459784262	4.38688878536284E-05
20.7583333	2.90883579433972E-06	2.35176086072782E-05	1.36365028604019E-07	0.000149959483991	4.42169771195041E-05
20.925	2.95170314312025E-06	2.32932090376467E-05	1.44651786971322E-07	0.000149682033091	4.39182534220345E-05
21.0916666999999	2.98992563785769E-06	2.30430588461552E-05	1.53833949784321E-07	0.00014927584956	4.29809619358131E-05
21.2583333	3.02324174994189E-06	2.27664820108407E-05	1.61798831174696E-07	0.000148668312204	4.38434176504445E-05
21.4249999999999	3.06450895641929E-06	2.25499183158328E-05	1.7039919399019E-07	0.000148721809427	4.27474587186117E-05
21.5916666999999	3.10980426852159E-06	2.23023350698672E-05	1.81401176945394E-07	0.000148313773824	4.23044057326921E-05
21.7583333	3.16047191287603E-06	2.20420363834737E-05	1.91536791275023E-07	0.000147819780978	4.33462193572485E-05
21.9249999999999	3.21001688892009E-06	2.17761708008635E-05	2.02252619844026E-07	0.000147425679487	4.15064578726042E-05
22.0916666999999	3.26130037567122E-06	2.15218785199159E-05	2.14622919560452E-07	0.000147214414101	4.20989215772791E-05
22.2583333	3.31358673960528E-06	2.12553491838137E-05	2.26769292338322E-07	0.000146818076556	4.13856939599263E-05
22.4249999999999	3.34932446315795E-06	2.09692237668757E-05	2.39410384750228E-07	0.000146521309824	3.98882100360747E-05
22.5916666999999	3.39378041413797E-06	2.06917087004558E-05	2.53405413436582E-07	0.000145943800884	4.07193651139993E-05
22.7583333	3.43815124653817E-06	2.04319334046933E-05	2.66580424826245E-07	0.00014577883264	4.13043992150387E-05
22.9249999999999	3.47128026142375E-06	2.01368534441156E-05	2.83026160549525E-07	0.00014512448681	4.03839634924736E-05
23.0916666999999	3.50456382821164E-06	1.98687616800607E-05	2.99724080679523E-07	0.000144712908815	3.89100654060554E-05
23.2583333	3.54234239300162E-06	1.95857214911395E-05	3.15697751095232E-07	0.000144426246669	3.95476028734553E-05
23.4249999999999	3.58244596151346E-06	1.93098427681411E-05	3.32989197845755E-07	0.000144042794523	3.84453201039049E-05
23.5916666999999	3.61960027734826E-06	1.90134947316678E-05	3.51409787113684E-07	0.000143547817176	3.92112351473818E-05
23.7583333	3.65870069442006E-06	1.87116002687983E-05	3.71627918205223E-07	0.000143255758817	3.74817108118687E-05
23.9249999999999	3.70461202682476E-06	1.84195549299514E-05	3.91009089406196E-07	0.000142745151243	3.73250369371512E-05
24.0916666999999	3.74667512712537E-06	1.8120382810828E-05	4.14860328838582E-07	0.000142472277913	3.75025719863878E-05
24.2583333	3.78647120678021E-06	1.7848571876438E-05	4.38364553283224E-07	0.000141984860239	3.71333115256037E-05
24.4249999999999	3.8338833655945E-06	1.75422019127299E-05	4.62643991709433E-07	0.000141643442792	3.71794822675146E-05
24.5916666999999	3.8660139823701E-06	1.72428306646977E-05	4.88733692016628E-07	0.000141245715526	3.5788493758073E-05
24.7583333	3.908348372477E-06	1.69476260689916E-05	5.15221635957425E-07	0.000140786421322	3.53274565085982E-05
24.9249999999999	3.94524157719668E-06	1.66528477690301E-05	5.44367378919269E-07	0.000140576994992	3.39130386907363E-05
25.0916666999999	3.99054901111292E-06	1.63397484111661E-05	5.75153876556068E-07	0.000139981635014	3.44195972722208E-05
25.2583333	4.02197657497178E-06	1.60424130160925E-05	6.0654264144162E-07	0.000139480637371	3.32399224896734E-05
25.4249999999999	4.07015303147979E-06	1.57558169213312E-05	6.38506532426833E-07	0.000139144383453	3.451837607053E-05
25.5916666999999	4.10821882104018E-06	1.54537773954501E-05	6.73697699022477E-07	0.000138817931825	3.2882050302502E-05
25.7583332999999	4.12975161707299E-06	1.51403534417768E-05	7.10198698694203E-07	0.000138271187112	3.23616782387364E-05
25.925	4.16297916945452E-06	1.4832174843858E-05	7.46054955789804E-07	0.000137881078101	3.14053427474377E-05
26.0916667	4.19127263743538E-06	1.455652833486E-05	7.85658922125306E-07	0.000137516778407	3.13988291163349E-05
26.2583332999999	4.21448381234056E-06	1.42555379989618E-05	8.28575567487614E-07	0.000137043060646	3.16077571295643E-05
26.425	4.25164405693352E-06	1.39659064619244E-05	8.72245028543417E-07	0.000136565899409	3.04097991543322E-05
26.5916667	4.28238192165637E-06	1.36810080142293E-05	9.19159629613487E-07	0.000136049697148	2.8749664864809E-05
26.7583332999999	4.30231175554095E-06	1.3391588871025E-05	9.68003960301691E-07	0.000135438612249	2.93926690497949E-05
26.925	4.3206120111301E-06	1.311234590598E-05	1.01696859383678E-06	0.000135218985545	2.8911141672943E-05
27.0916667	4.34314759788925E-06	1.28191548516405E-05	1.06983340014296E-06	0.000134525788697	2.80938025345843E-05
27.2583332999999	4.35864613426567E-06	1.25566025127855E-05	1.12592973731883E-06	0.000134029234769	2.74165651215632E-05
27.425	4.36689171224831E-06	1.22757105350961E-05	1.18205734323661E-06	0.000133645743217	2.6963894913009E-05
27.5916667	4.38006947592647E-06	1.20135366979163E-05	1.241162822979E-06	0.000133116542417	2.62854574038742E-05
27.7583332999999	4.40397735470973E-06	1.17407300607393E-05	1.30604671236693E-06	0.000132525048276	2.52999793635639E-05
27.925	4.41328188084925E-06	1.14888668493592E-05	1.36749865481049E-06	0.000132194395929	2.48648102963972E-05
28.0916667	4.41193980066566E-06	1.12416987033557E-05	1.43479304063861E-06	0.000131723648399	2.41836472290749E-05
28.2583332999999	4.41949176524085E-06	1.10019637969963E-05	1.501212338749E-06	0.000131017580611	2.32649151218794E-05
28.425	4.41257986613569E-06	1.07719526003808E-05	1.57057428525545E-06	0.000130514472778	2.28587030246121E-05
28.5916667	4.41992972425174E-06	1.05494595494675E-05	1.64571180864349E-06	0.000130015185748	2.21934348756463E-05
28.7583332999999	4.41026692732536E-06	1.03309802318415E-05	1.72334122110235E-06	0.000129252696064	2.10956087771663E-05
28.925	4.38456516771967E-06	1.01287123505262E-05	1.80048427543625E-06	0.000128725351925	2.11649465264473E-05
29.0916667	4.37207899445242E-06	9.93139722923044E-06	1.87707470027614E-06	0.000128244926759	2.06043875750733E-05
29.2583332999999	4.34992735575594E-06	9.74613501558211E-06	1.95805030410131E-06	0.000127640986893	2.00058979104557E-05
29.425	4.33095870285175E-06	9.59229059411609E-06	2.04398879823281E-06	0.000127119010489	1.88222760378141E-05
29.5916667	4.29036431481774E-06	9.42932018183818E-06	2.13040093944246E-06	0.000126207755395	1.84348372100169E-05
29.7583332999999	4.25748410864244E-06	9.29537749124058E-06	2.21495193813701E-06	0.000125847503713	1.74502992615499E-05
29.925	4.22419267948829E-06	9.17237412606357E-06	2.30649975698409E-06	0.000125185674388	1.67469314352569E-05
30.0916667	4.18135073377986E-06	9.06115322865575E-06	2.39833456494704E-06	0.000124396727207	1.57710162951405E-05
30.2583332999999	4.13351700055166E-06	8.96868269938747E-06	2.48439591531691E-06	0.000123910163487	1.67729509158497E-05
30.425	4.08162224367488E-06	8.89403176849834E-06	2.57929260584387E-06	0.000122940982361	1.5994401353175E-05
30.5916667	4.0305980671235E-06	8.8163423478397E-06	2.681137317154E-06	0.000122311999808	1.54438860590213E-05
30.7583332999999	3.97376611394257E-06	8.76572643935794E-06	2.76597403878729E-06	0.000121521268562	1.48475408620482E-05
30.925	3.91305565053267E-06	8.73151653047769E-06	2.86178405298182E-06	0.000120860251093	1.35269963351047E-05
31.0916667	3.85680639378613E-06	8.70586454353326E-06	2.94931819247754E-06	0.000119960370917	1.32399458659034E-05
31.2583332999999	3.79160810358925E-06	8.67752850818062E-06	3.04722882964338E-06	0.000119280145446	1.24235150251831E-05
31.425	3.73332783899981E-06	8.66505860966583E-06	3.14264303298046E-06	0.000118670814183	1.33113556957139E-05
31.5916667	3.66492836217952E-06	8.66304379335751E-06	3.23177563453331E-06	0.000117539066359	1.27557561748E-05
31.7583332999999	3.59905282325614E-06	8.65704205609906E-06	3.33195586034059E-06	0.000116695423866	1.20484276773331E-05
31.925	3.53119102323248E-06	8.66308977345671E-06	3.42718377332047E-06	0.000115877737821	9.89971840235994E-06
32.0916667	3.46349317160972E-06	8.67209685152763E-06	3.52072302065028E-06	0.000114754547317	1.03035301429455E-05
32.2583333	3.40395989984707E-06	8.67558713006602E-06	3.61839146233757E-06	0.000113705106208	1.08573395986936E-05
32.425	3.34329050630421E-06	8.69012654645767E-06	3.71581641383357E-06	0.000112791234085	1.13827324770467E-05
32.5916667	3.27495463847293E-06	8.70139538830985E-06	3.8123320113655E-06	0.000111664853902	1.0436076038878E-05
32.7583333	3.20644643788315E-06	8.71708318170522E-06	3.91603471710422E-06	0.000110527998435	9.24120737945453E-06
32.925	3.13800021787973E-06	8.72930150337908E-06	4.01994062497732E-06	0.000109097273457	8.19971593384464E-06
33.0916667	3.07927776069065E-06	8.76255248158168E-06	4.12647958476372E-06	0.000107965294395	8.68702236871525E-06
33.2583333	3.02004485011384E-06	8.78316737727448E-06	4.23422735517395E-06	0.000106677399707	8.97412800120791E-06
33.425	2.94764052450344E-06	8.81406379670838E-06	4.3390537760135E-06	0.000105353946214	8.41343348028338E-06
33.5916667	2.88446974570914E-06	8.85455969702979E-06	4.44540854610282E-06	0.000103806192552	7.49278358286766E-06
33.7583333	2.83055689233786E-06	8.89327974843597E-06	4.54260199692864E-06	0.000102391634779	7.45142715197042E-06
33.925	2.77116726518816E-06	8.94043003992685E-06	4.66164091324576E-06	0.000100573672646	7.75159239281871E-06
34.0916667	2.70771883733541E-06	8.98687588455242E-06	4.7704449501865E-06	9.87626284696665E-05	5.80806038116535E-06
34.2583333	2.63792655599551E-06	9.04290184083041E-06	4.86339468606495E-06	9.66725226965323E-05	6.9162873469671E-06
34.425	2.57807731235727E-06	9.09986182021062E-06	4.97307304407827E-06	9.46068381478628E-05	7.04063933902075E-06
34.5916667	2.51305834572129E-06	9.16521244030005E-06	5.08192631811417E-06	9.22116011577796E-05	6.32734512656702E-06
34.7583333	2.46186913282396E-06	9.23246717547521E-06	5.18825367265088E-06	8.98452358058042E-05	6.35669117911007E-06
34.925	2.40852003633802E-06	9.28598587220627E-06	5.29255316884778E-06	8.70800007009085E-05	6.47966603695664E-06
35.0916667	2.35845741688875E-06	9.32564181211917E-06	5.39170694853331E-06	8.4126989615488E-05	5.422523605638E-06
35.2583333	2.30402694950917E-06	9.3518000013371E-06	5.50462588692001E-06	8.07434071188687E-05	6.38031674409195E-06
35.425	2.24497719931588E-06	9.35685075691447E-06	5.61536215120956E-06	7.71875855309705E-05	6.50272634608527E-06
35.5916667	2.1882822647939E-06	9.33213929373081E-06	5.73090878386278E-06	7.33235647755935E-05	6.13931569004881E-06
35.7583333	2.16025717450899E-06	9.26712371412713E-06	5.85743844140602E-06	6.90994809199262E-05	6.71020693536762E-06
35.925	2.13025693681808E-06	9.15922819557911E-06	5.9035682333437E-06	6.44986241804988E-05	6.41062243406695E-06
36.0916667	2.11567753696859E-06	8.95082768260669E-06	6.00948635549486E-06	5.9827277392037E-05	5.82372576082539E-06
36.2583333	2.11628998496867E-06	8.65848262680695E-06	5.98385751434901E-06	5.48185197952839E-05	5.5106590282226E-06
36.425	2.1264107639356E-06	8.25950612422351E-06	6.04378528836778E-06	4.99475949291084E-05	6.71721707856352E-06
36.5916667	2.16417237354013E-06	7.77981069934667E-06	6.10678259241053E-06	4.54278910428773E-05	7.27194242169848E-06
36.7583333	2.22695124655575E-06	7.22281525325024E-06	6.11713685207838E-06	4.12847039242979E-05	6.10660526944586E-06
36.925	2.26951770704698E-06	6.69262903188342E-06	6.09287805276419E-06	3.77308018048738E-05	5.39025902568147E-06
37.0916667	2.32052897936675E-06	6.19059968171774E-06	6.10969277494836E-06	3.45030997341658E-05	6.48625329235645E-06
37.2583333	2.35784987428978E-06	5.81107830217831E-06	6.12869147559023E-06	3.14913486024051E-05	8.0211855721039E-06
37.425	2.35458558963035E-06	5.52596657460609E-06	6.03056657880748E-06	2.83861771441596E-05	5.97913688583512E-06
37.5916667	2.30477128351297E-06	5.34963738532271E-06	5.90571450772636E-06	2.51803290586203E-05	5.7224607285687E-06
37.7583333	2.23080430356465E-06	5.23806120402627E-06	5.82513046863372E-06	2.18421995623735E-05	5.47451628581613E-06
37.925	2.15104367761021E-06	5.1415999344797E-06	5.76940999949738E-06	1.84424376841329E-05	6.70364304867366E-06
38.0916667	2.05597454607676E-06	5.0154350826773E-06	5.70986242315381E-06	1.53277711426422E-05	7.61645453803448E-06
38.2583333	1.96730628243207E-06	4.83953347714819E-06	5.69819989974468E-06	1.26188043496377E-05	5.7973287483381E-06
38.425	1.89620126879297E-06	4.55484446619825E-06	5.68048216218913E-06	1.0302415035368E-05	7.31525759853377E-06
38.5916667	1.85072923801319E-06	4.15653242611969E-06	5.69594352818228E-06	8.3410313968375E-06	6.1589564885163E-06
38.7583333	1.83686191690638E-06	3.62450106048965E-06	5.7037203266608E-06	6.668795220547E-06	7.38319440994397E-06
38.925	1.8354373001773E-06	3.01179577373438E-06	5.76370353273328E-06	5.54176337981984E-06	7.21871233824377E-06
39.0916667	1.86038518568311E-06	2.36170407608193E-06	5.77313807053067E-06	4.38194801049785E-06	7.12641443303941E-06
39.2583333	1.86257306966105E-06	1.75582081669712E-06	5.81073977565239E-06	3.35814233756653E-06	6.72510628294082E-06
39.425	1.87069691799577E-06	1.23233964641382E-06	5.80832979300032E-06	2.51209651812701E-06	6.07208270617097E-06
39.5916667	1.86651039180522E-06	8.15657042559695E-07	5.83100894568174E-06	1.85797391110235E-06	7.08593584885864E-06
39.7583333	1.84313656854493E-06	5.18729233948858E-07	5.74031021631495E-06	1.29449990039802E-06	5.6119045686803E-06
39.925	1.75790873585106E-06	3.12654164317625E-07	5.66012408079341E-06	8.89013325092384E-07	5.59614419370311E-06
40.0916667	1.6336607419178E-06	1.76372676594999E-07	5.62913750092056E-06	6.02562568607049E-07	7.16616154859654E-06
40.2583333	1.49944498757669E-06	9.34487879686902E-08	5.57156238540149E-06	3.95827470786571E-07	7.83726512954305E-06
40.425	1.34774126371234E-06	5.31249498968212E-08	5.56922978925994E-06	2.51313511784599E-07	6.81065132009784E-06
40.5916667	1.1999822381572E-06	2.83560304966794E-08	5.59649837194031E-06	1.5903693245576E-07	5.21705044208397E-06
40.7583333	1.04329784844747E-06	2.06138301851627E-08	5.5527817688044E-06	1.00538854227787E-07	5.45127672526591E-06
40.925	9.03697740682639E-07	1.66379302269816E-08	5.49003607464562E-06	6.2816184381914E-08	7.21314764706717E-06
41.0916667	7.76064730756933E-07	1.56655978580163E-08	5.41350297972477E-06	4.09434619296564E-08	7.45448658410773E-06
41.2583333	6.48951683531096E-07	1.45085920029237E-08	5.28133196634076E-06	2.79925412872806E-08	6.44875630552253E-06
41.425	5.40506286142094E-07	1.54987138178516E-08	5.21177476965405E-06	2.09055393546473E-08	5.2312468441383E-06
41.5916667	4.44085427281483E-07	1.29429436718218E-08	5.1105587610676E-06	1.61068191281234E-08	5.17938903047934E-06
41.7583333	3.65056441544221E-07	1.34706522446308E-08	5.04874669795697E-06	1.49410087295451E-08	7.36924192537394E-06
41.925	2.96048798778544E-07	1.25280428810721E-08	4.9798046811569E-06	1.15472293792279E-08	6.73261614366916E-06
42.0916667	2.36410204423497E-07	1.1638028006409E-08	4.92284316733894E-06	1.21417169181694E-08	5.93885655802074E-06
42.2583333	1.86843588300737E-07	1.06670832107596E-08	4.88135034329106E-06	1.02228195799219E-08	6.23843307757016E-06
42.425	1.44129986392538E-07	1.00338987529197E-08	4.81999450083917E-06	8.64288379893491E-09	6.41431249140151E-06
42.5916667	1.13906286545481E-07	1.1566612264925E-08	4.78076164726519E-06	9.09965009617961E-09	6.50058087539074E-06
42.7583333	8.85108533072994E-08	1.12594944878436E-08	4.75179372969514E-06	9.15171857137436E-09	6.57586237493807E-06
42.925	6.90533572391481E-08	8.98431649830815E-09	4.72863032411102E-06	8.86597329513666E-09	6.84876087839902E-06
43.0916667	5.26892256920713E-08	8.52425670347674E-09	4.69215550690216E-06	8.21439743600085E-09	6.52586934497749E-06
43.2583333	4.04935027297656E-08	1.17234955398761E-08	4.66669551826174E-06	7.31590923767418E-09	5.60143241506181E-06
43.425	3.12862987172496E-08	8.91917946451825E-09	4.67543517120874E-06	8.56281441174629E-09	5.81634641196046E-06
43.5916667	2.40131887330167E-08	9.55155264825524E-09	4.63561427524375E-06	7.64907731305226E-09	6.37998655317595E-06
43.7583333	1.74499440914789E-08	9.60265056561011E-09	4.61025426290763E-06	6.36562855252163E-09	6.5849206179766E-06
43.925	1.34899214035978E-08	1.01883909235158E-08	4.62344442432262E-06	7.92131796019442E-09	5.48139352527489E-06
44.0916667	1.01239639822839E-08	8.87140269899572E-09	4.59630055570506E-06	6.53659241721042E-09	5.95298428925312E-06
44.2583333	7.77980188712323E-09	1.15825380175336E-08	4.60141117887427E-06	6.63945846191315E-09	6.38041924134305E-06
44.425	6.41302712451526E-09	9.95585169120266E-09	4.57070260832396E-06	7.44220384050001E-09	5.49290358379358E-06
44.5916667	5.06965745104662E-09	9.3217894897829E-09	4.57569780701337E-06	8.06188301195417E-09	5.83418258822875E-06
44.7583333	3.9114356374774E-09	9.63614357045739E-09	4.5652543774662E-06	8.03332366005673E-09	6.12272255114113E-06
44.925	2.84934819039641E-09	8.41861456262989E-09	4.57558587096845E-06	5.67414720518171E-09	5.37701672004695E-06
45.0916667	2.44525733139845E-09	1.0836472043204E-08	4.5515917862982E-06	7.46216419360466E-09	5.86976100814216E-06
45.2583333	1.8322719824301E-09	1.07250793154177E-08	4.53659463405717E-06	7.44762691190828E-09	6.92902775500898E-06
45.425	1.62734042838049E-09	9.15649081718803E-09	4.50535543648818E-06	7.34806035898647E-09	5.73758519555992E-06
45.5916667	1.19827391247498E-09	1.0296241163516E-08	4.55331997460618E-06	7.27039623908324E-09	6.43207395797587E-06
45.7583333	1.51994039098346E-09	8.76121338263976E-09	4.54652385238347E-06	6.21131725341443E-09	6.52266144989742E-06
45.925	1.4225470783251E-09	8.78081611790513E-09	4.53149938997111E-06	7.21507129337165E-09	4.85200065824096E-06
46.0916667	1.51842693068196E-09	9.22760403725142E-09	4.52030584547137E-06	7.75753649481493E-09	4.49886019467894E-06
46.2583333	9.80680468104692E-10	6.40183479540016E-09	4.52619637919872E-06	9.3390640563518E-09	5.57268836321151E-06
46.425	8.65332148700258E-10	9.62166784356222E-09	4.5227325605739E-06	7.46147503289094E-09	5.61615104208574E-06
46.5916667	1.11355763942725E-09	8.25125113926345E-09	4.51382011124155E-06	8.0262570030496E-09	6.34565579773058E-06
46.7583333	6.58839101560209E-10	7.54288635345644E-09	4.52372451734811E-06	6.96682494447634E-09	5.92124232271766E-06
46.925	1.00345725929874E-09	1.01464085252975E-08	4.48994923591648E-06	8.2419833631643E-09	5.31705202767683E-06
47.0916667	7.47210610256667E-10	8.75227265376614E-09	4.51164595739325E-06	8.14529338894866E-09	6.43297836159583E-06
47.2583333	1.13819062526783E-09	1.18671134170663E-08	4.49262137266707E-06	8.53794939000383E-09	5.5446020096455E-06
47.425	8.76135268904496E-10	9.43828822563486E-09	4.47453967398701E-06	7.67834640493932E-09	5.49803996026903E-06
47.5916667	9.59970526335352E-10	1.0648919868486E-08	4.47578924122923E-06	9.01276211725742E-09	6.0650853991487E-06
47.7583333	1.04876571802921E-09	9.06321943570205E-09	4.47683388654271E-06	6.9442686067904E-09	5.86763365403755E-06
47.925	8.78700485771153E-10	7.85136258209539E-09	4.45555433002896E-06	8.3168222042761E-09	5.48534125161321E-06
48.0916667	7.78392074568307E-10	7.85221392268766E-09	4.46507497028659E-06	9.58662702292727E-09	5.10404286805545E-06
48.2583333	8.88040626583609E-10	6.29242675627142E-09	4.44061457836764E-06	9.61878685866113E-09	5.65528113634969E-06
48.425	7.43702415199328E-10	7.53586400339111E-09	4.41667404328864E-06	8.61871217594516E-09	5.50015457483874E-06
48.5916667	7.21004804533679E-10	9.39395802597115E-09	4.42743019212385E-06	8.17123141179431E-09	4.82302958291138E-06
48.7583333	7.00571631479337E-10	8.75571377581344E-09	4.40244452342872E-06	8.83330251736384E-09	5.35656670605721E-06
48.925	7.12028660112274E-10	8.51857275630757E-09	4.3868733819452E-06	9.34767933557672E-09	5.69257651445672E-06
49.0916667	7.44525850827793E-10	9.68966431899892E-09	4.38129798664796E-06	8.74399596443113E-09	5.45519258630504E-06
49.2583333	6.46158227850189E-10	7.03631861156502E-09	4.36329772174295E-06	9.54740517492172E-09	5.51058134194527E-06
49.425	7.11558142570623E-10	7.35055367376487E-09	4.35137775047919E-06	8.59704846504932E-09	6.00612916564377E-06
49.5916667	8.46451818986822E-10	8.36390911022644E-09	4.33236837368482E-06	8.87731330430428E-09	5.78187111964053E-06
49.7583333	7.61154224146981E-10	8.91847883492404E-09	4.34390688787468E-06	7.74180270171758E-09	5.04823939021461E-06
49.925	5.80866434921516E-10	8.21130514377272E-09	4.34684516374298E-06	7.11218191267377E-09	5.93655767792982E-06
50.0916667	6.65405674446448E-10	9.2480972826007E-09	4.29462642979476E-06	9.02075970170538E-09	5.99706855860941E-06
50.2583333	6.81339428628684E-10	9.20654760802199E-09	4.29921304779288E-06	9.4695349868314E-09	5.86620518388152E-06
50.425	6.92226088058078E-10	8.15969831633707E-09	4.28257947726573E-06	7.67865739974254E-09	5.5514294600867E-06
50.5916667	1.01199116203533E-09	7.1869360136872E-09	4.26976259548497E-06	8.08212843743629E-09	4.77101173615676E-06
50.7583333	8.38951446476515E-10	7.64692192946182E-09	4.25847024442331E-06	7.1549456273666E-09	4.20106373453246E-06
50.925	6.55847794279246E-10	7.6263513913645E-09	4.2662371585989E-06	6.64799917205911E-09	5.76469820882539E-06
51.0916667	1.09385905352451E-09	1.01273558622972E-08	4.23229837759439E-06	6.72297100752796E-09	5.71792526765275E-06
51.2583333	5.62282748716659E-10	8.16519629747993E-09	4.23621343736023E-06	6.24583798984107E-09	5.67627735528492E-06
51.425	8.51560372017251E-10	6.80976819455785E-09	4.23459513579684E-06	9.32463879911069E-09	4.8038197686066E-06
51.5916667	6.844014176107E-10	8.34512032890521E-09	4.19189431703595E-06	9.38175208694156E-09	4.51843173501589E-06
51.7583333	8.29236014422176E-10	6.28616749847677E-09	4.20205683161252E-06	8.36475608823488E-09	5.1114426503561E-06
51.925	8.69522414619526E-10	9.09471621203172E-09	4.18588572346799E-06	9.39663774348628E-09	4.9061244170704E-06
52.0916667	8.58700275462717E-10	7.39348688658156E-09	4.17251357831764E-06	7.1478283487336E-09	5.1908034298483E-06
52.2583333	5.57546107764461E-10	9.09339968775747E-09	4.16947320241125E-06	6.91396895956263E-09	4.70853338452681E-06
52.425	3.78785703517477E-10	9.09822599470626E-09	4.16187925128446E-06	9.05666741532214E-09	5.69209012596614E-06
52.5916667	7.57963552066144E-10	7.23945562129018E-09	4.12260567131599E-06	7.42294434162939E-09	5.60374064745813E-06
52.7583333	5.14229277673854E-10	8.60028541406129E-09	4.12412226143074E-06	8.24848664253421E-09	5.47413583463398E-06
52.925	6.04517624874454E-10	8.2121220285303E-09	4.11360030240992E-06	8.98220941947465E-09	5.72861505743958E-06
53.0916667	3.75901892627071E-10	7.91853153333695E-09	4.10784567619766E-06	8.70254108068354E-09	5.09654169408658E-06
53.2583333	1.18654171066362E-09	7.07470775577965E-09	4.09958836331888E-06	8.55017493473649E-09	6.31416164190429E-06
53.425	7.33670354852224E-10	9.74154781650497E-09	4.0757878977462E-06	8.96439184982875E-09	4.15996972642216E-06
53.5916667	7.17265907246132E-10	7.4979242126331E-09	4.08880394576965E-06	1.01674638925783E-08	4.39605422133373E-06
53.7583333	8.27337641977157E-10	8.53011560261048E-09	4.05713237263915E-06	7.68529044954562E-09	5.00037991002398E-06
53.925	6.68241365995517E-10	6.81765017344392E-09	4.04586564653943E-06	8.25284743909173E-09	4.8480425044982E-06
54.0916667	4.67795962441697E-10	8.7378551951684E-09	4.05343551622185E-06	9.94414809310805E-09	5.88473639507841E-06
54.2583333	4.93715430789012E-10	1.00793269625397E-08	4.02015186781288E-06	7.85034677295975E-09	4.70566838452227E-06
54.425	9.92335087243369E-10	9.11512261415501E-09	4.03119789916268E-06	9.1694281872835E-09	4.51305639528387E-06
54.5916667	6.19370303589644E-10	8.06419351290899E-09	4.00559958712197E-06	9.86912657731905E-09	6.1963781870209E-06
54.7583333	3.61793907701177E-10	8.47423632639121E-09	4.04094067580048E-06	9.9309335464945E-09	6.03326787755117E-06
54.925	8.80625729396667E-10	9.10869384227548E-09	4.00301336487069E-06	9.80227998515514E-09	5.45188042505395E-06
55.0916667	8.34530496099559E-10	8.16791650946163E-09	3.98574289098198E-06	1.0836068767242E-08	4.56038117299342E-06
55.2583333	5.10330849534308E-10	6.07346514094019E-09	3.9641735693148E-06	1.09209459900113E-08	4.49273887651795E-06
55.425	7.67833788884479E-10	6.60081709463533E-09	3.96375735049785E-06	1.02337384861547E-08	5.29023638893405E-06
55.5916667	1.01258702304133E-09	7.10466686351277E-09	3.92961885766055E-06	1.10668271438793E-08	5.61931448790441E-06
55.7583333	6.32140112780288E-10	7.60596598135136E-09	3.92267944240093E-06	1.07074985133324E-08	5.65249632391904E-06
55.925	5.3770880922663E-10	8.99811229230665E-09	3.93495776431744E-06	1.22122470066618E-08	4.87306869274206E-06
56.0916667	7.8373674583391E-10	7.84053125871152E-09	3.90352121898742E-06	1.03787881699501E-08	3.68867525106912E-06
56.2583333	8.03786904469552E-10	7.72370819495992E-09	3.91668181203471E-06	1.04320158937718E-08	5.61726599054805E-06
56.425	5.59822202291548E-10	6.65521994788725E-09	3.86479495030394E-06	1.21295230420527E-08	5.59225840913465E-06
56.5916667	5.51597794876784E-10	7.51714510454382E-09	3.91285797121935E-06	1.34256602139202E-08	5.49379930906539E-06
56.7583333	4.36200112207086E-10	9.07561876757331E-09	3.83567921208138E-06	1.14477172189375E-08	4.50307207691299E-06
56.925	8.18281317909429E-10	7.54042742770721E-09	3.89151307454716E-06	1.43006881194537E-08	4.15669704714208E-06
57.0916667	9.48234406489632E-10	9.43972472099323E-09	3.84599744420524E-06	1.15529472479235E-08	5.88226951069046E-06
57.2583333	6.71675346072704E-10	8.2842093118129E-09	3.83294139547748E-06	1.43851708731079E-08	5.69460652823803E-06
57.425	6.14329699901916E-10	8.68412194147023E-09	3.82067349856985E-06	1.46964359644324E-08	5.39343379463794E-06
57.5916667	5.68802215854684E-10	6.86830558565042E-09	3.81173710843061E-06	1.48496464261057E-08	4.79273073145331E-06
57.7583333	9.28750245652035E-10	7.24927339611363E-09	3.79631373944551E-06	1.44080803641193E-08	4.67261910780004E-06
57.925	6.98577421154073E-10	7.89977912564685E-09	3.79356231368695E-06	1.7402476850398E-08	5.32614217650654E-06
58.0916667	9.3473435900502E-10	6.3224548280979E-09	3.78646099904335E-06	1.6062140263803E-08	4.27278676206193E-06
58.2583333	7.64158711802012E-10	4.765005878327E-09	3.76469261817294E-06	1.64707112343385E-08	4.33578389360601E-06
58.425	6.20172281471733E-10	6.05517882721569E-09	3.7567418364938E-06	1.5999797704812E-08	4.47417077119772E-06
58.5916667	3.85305979459782E-10	7.42713794445406E-09	3.73684434031512E-06	1.810355576367E-08	4.97192218842836E-06
58.7583333	8.50439192909094E-10	7.64197240803706E-09	3.69375429000711E-06	1.73367869240472E-08	3.980807704316E-06
58.925	6.04052393624011E-10	7.41479915829739E-09	3.71367146341802E-06	1.96569968251291E-08	4.59448925538266E-06
59.0916667	5.74536538460368E-10	8.73393515404638E-09	3.6925525715584E-06	2.04476111837452E-08	5.48064100349706E-06
59.2583333	4.61032464209098E-10	8.89111283178859E-09	3.67032252656027E-06	2.06326915761431E-08	5.96024638882962E-06
59.425	6.34669757975098E-10	7.19026932628147E-09	3.67710241856884E-06	2.23655078113843E-08	6.09500143110952E-06
59.5916667	6.80110726974959E-10	7.99198708678519E-09	3.6533195116964E-06	2.0326414440959E-08	4.83145544477559E-06
59.7583333	4.56500409816552E-10	8.01739866422771E-09	3.66404212994802E-06	2.21216954966809E-08	3.881499526339E-06
59.925	7.46974293837118E-10	8.16010449194777E-09	3.63048385872829E-06	2.32993013603973E-08	4.91627983693516E-06
60.0916667	6.21624263461197E-10	8.05730735471464E-09	3.62133852264335E-06	2.36894697500053E-08	5.700136222649E-06
60.2583333	8.94135727902563E-10	6.77088959695954E-09	3.60973759570203E-06	2.33048678096301E-08	5.6497128813097E-06
60.425	7.29336787186953E-10	7.07882415713928E-09	3.59386108413892E-06	2.50256005710617E-08	5.27978718511348E-06
60.5916667	3.53805464111924E-10	7.72956160079343E-09	3.58340269594843E-06	2.72655429522392E-08	4.80695091967859E-06
60.7583333	5.01342245126641E-10	8.60557946231555E-09	3.56601431638599E-06	2.79102542170527E-08	3.84172251891192E-06
60.925	6.15461968396455E-10	6.78252391607118E-09	3.56309703378296E-06	2.73805647361198E-08	3.91459663963466E-06
61.0916667	6.10771888746505E-10	7.65528408257015E-09	3.54325451550447E-06	2.76966098476032E-08	5.33501546425126E-06
61.2583333	5.159125153826E-10	7.40337340289317E-09	3.5313397633742E-06	3.06222173545411E-08	6.19846422633365E-06
61.425	6.36817632068078E-10	5.40013332138129E-09	3.52160374956951E-06	3.02223234330684E-08	4.84106410297585E-06
61.5916667	4.59479098871959E-10	7.84235824495264E-09	3.49770510330035E-06	3.12289804508398E-08	4.97162652880691E-06
61.7583333	8.64442210212683E-10	8.08884362251099E-09	3.50970090819346E-06	3.39697014231998E-08	5.0798569382069E-06
61.925	8.23703629071736E-10	8.61488734065143E-09	3.45029417721213E-06	3.3526651851184E-08	5.35528697909603E-06
62.0916667	8.37015106790308E-10	6.5801074567126E-09	3.46416062978253E-06	3.48463032102551E-08	5.34449369952172E-06
62.2583333	4.33513569444934E-10	7.86269852879515E-09	3.4546435520705E-06	3.32928118947059E-08	5.37578016744169E-06
62.425	5.84376121224356E-10	6.59128802721076E-09	3.4157992806037E-06	3.61356506581972E-08	4.51309751515897E-06
62.5916667	5.4975786187472E-10	7.89889062490356E-09	3.40596304782653E-06	3.63706500333418E-08	4.85545546317397E-06
62.7583333	4.24734257712839E-10	7.28843237002869E-09	3.4097680783715E-06	3.85333731361679E-08	5.61123240990923E-06
62.925	8.06361728171993E-10	6.19154908689967E-09	3.38093488063684E-06	4.08711378693103E-08	5.46347487830836E-06
63.0916667	5.07781847694192E-10	7.4270580319677E-09	3.36646421460086E-06	3.97204005771425E-08	4.72848369639817E-06
63.2583333	5.34758131646882E-10	6.82697002731231E-09	3.35025657556536E-06	4.11005267261259E-08	5.42275497419745E-06
63.425	6.11882733773024E-10	7.45016392421949E-09	3.33953276122387E-06	4.19793755604003E-08	5.08627770143548E-06
63.5916667	5.90894236950062E-10	7.12490713239538E-09	3.30878674721937E-06	4.52648314519955E-08	4.33348969834788E-06
63.7583333	6.22276275483827E-10	9.08145484295884E-09	3.30022696933835E-06	4.58354765167982E-08	4.3436145302599E-06
63.925	5.40709459634674E-10	7.82844684693269E-09	3.27866482267759E-06	4.66381605960238E-08	4.48458828297423E-06
64.0916666999999	7.40371926435516E-10	6.99074902940213E-09	3.27810428182523E-06	4.66919412874491E-08	6.4828269210697E-06
64.2583333	4.77879629738227E-10	7.86594963928132E-09	3.25591689018171E-06	4.88000246875458E-08	5.46718038495636E-06
64.425	6.97924378168506E-10	7.11381275110787E-09	3.25839316626978E-06	5.05603566080573E-08	4.93063511482815E-06
64.5916666999999	8.87791699528213E-10	6.81153884263796E-09	3.21697863330297E-06	5.16536059414557E-08	5.23544880772353E-06
64.7583333	5.0128421855699E-10	6.1094154424507E-09	3.21511593226351E-06	5.25414724477575E-08	5.34227005015742E-06
64.925	3.80200510652612E-10	7.94505125292146E-09	3.20643654433499E-06	5.57986305182389E-08	4.64001858163684E-06
65.0916666999999	6.04980239367035E-10	7.3519456866944E-09	3.17964466305508E-06	5.52809319626511E-08	5.54955115811355E-06
65.2583333	5.44726199841672E-10	4.62853024166465E-09	3.17029904102245E-06	5.66793038730658E-08	5.33045564693984E-06
65.425	7.48027687160671E-10	6.25342699997659E-09	3.15172599985646E-06	5.85415860337568E-08	4.29882503848809E-06
65.5916666999999	7.1178050944567E-10	7.95868737499302E-09	3.13945547461262E-06	5.90993667444973E-08	5.49580265423358E-06
65.7583333	6.00797686282689E-10	6.29364076811869E-09	3.12851147119957E-06	5.94570836117328E-08	5.33191492348444E-06
65.925	4.4001194157063E-10	5.68053650667082E-09	3.04611157403654E-06	6.10850360269679E-08	4.95603712442376E-06
66.0916666999999	6.12005531582174E-10	6.65358506441501E-09	3.09104338864953E-06	6.60481070950605E-08	4.84588708196341E-06
66.2583333	9.39135077002157E-10	6.67022863750084E-09	3.07582576246699E-06	6.45994913352318E-08	4.29431648370605E-06
66.425	5.75553553376684E-10	7.65280818728374E-09	3.05307850039082E-06	6.55895297515727E-08	4.49950932305094E-06
66.5916666999999	6.73524280741513E-10	6.95520285036522E-09	3.06520801214698E-06	6.78865112800928E-08	5.57655088197845E-06
66.7583333	6.20737904003738E-10	7.42730169247695E-09	3.01933973975093E-06	7.04857594287276E-08	5.21814747745741E-06
66.925	8.92886813211408E-10	5.82888747100667E-09	3.01479852415929E-06	7.11361375914937E-08	5.35043053714283E-06
67.0916666999999	4.68267685988007E-10	7.166968075833E-09	3.00632335910777E-06	7.16541826650344E-08	5.16755352841783E-06
67.2583333	5.8804266044522E-10	5.90396184906358E-09	2.97841931370796E-06	7.50772763603296E-08	5.06670660435738E-06
67.425	6.51458314357078E-10	7.44607369214705E-09	2.96582548572669E-06	7.66649098774252E-08	5.5308831458369E-06
67.5916666999999	7.19925723011873E-10	6.63359207736532E-09	2.94362108869831E-06	7.82845052744442E-08	4.89276125705007E-06
67.7583333	6.38689053848632E-10	6.25100360672926E-09	2.93008316569511E-06	7.93947814597224E-08	5.8554147500743E-06
67.925	6.87585671570857E-10	6.25653238617823E-09	2.92448001147409E-06	8.2252660443106E-08	5.50730392244361E-06
68.0916666999999	7.40811138935759E-10	6.70852084195547E-09	2.90477359240432E-06	8.22199318404062E-08	5.40266138355143E-06
68.2583333	4.86734226518907E-10	8.11047376242829E-09	2.88707989685617E-06	8.61858145159971E-08	4.42658661680341E-06
68.425	5.02708349195488E-10	7.35259277098063E-09	2.86472748959879E-06	8.6988304229906E-08	4.88464689309849E-06
68.5916666999999	4.50628124880606E-10	7.03483211646597E-09	2.86975229452776E-06	8.86481377984838E-08	5.90047621524158E-06
68.7583333	3.82691235905851E-10	7.37940597301805E-09	2.83263111604935E-06	8.87678131041313E-08	5.85349406719569E-06
68.925	4.38117743307808E-10	7.79614041486142E-09	2.83249343351125E-06	9.27067603254682E-08	5.42533000255026E-06
69.0916666999999	5.59889747894474E-10	6.04569991723834E-09	2.8174501394825E-06	9.37867430873747E-08	5.38101901180525E-06
69.2583333	4.76820335280704E-10	6.24041631432345E-09	2.79927148955567E-06	9.49430719705164E-08	4.57035548756657E-06
69.425	8.70196281749246E-10	6.54067960819165E-09	2.78566109854947E-06	9.59870303831324E-08	4.63295757956606E-06
69.5916666999999	3.82721742026662E-10	5.99799159263684E-09	2.76058766054E-06	9.90990943750939E-08	6.12308770620497E-06
69.7583333	6.89879387086897E-10	6.05574913678444E-09	2.7482862132858E-06	1.00947590661583E-07	6.47611072364532E-06
69.925	5.10499260879858E-10	5.97648042014056E-09	2.75099326546859E-06	1.02759240214399E-07	5.64396468811374E-06
70.0916666999999	4.95865641288513E-10	6.02644733826334E-09	2.72098721796561E-06	1.03985628824152E-07	5.17979009923737E-06
70.2583333	6.2088969568186E-10	7.52656139427611E-09	2.68547208812422E-06	1.05927424141983E-07	4.31134529499594E-06
70.425	3.7354975906045E-10	6.24331651212229E-09	2.69356865808173E-06	1.11318314889505E-07	5.32122060038498E-06
70.5916666999999	4.13088541915722E-10	4.40478213436053E-09	2.67381616639482E-06	1.11849691110612E-07	6.54548465993E-06
70.7583333	6.72261569351611E-10	6.83905683607121E-09	2.66496599676562E-06	1.12187153002338E-07	4.85412703855189E-06
70.925	8.44371800245365E-10	6.08885538949381E-09	2.6387039582072E-06	1.15373664218235E-07	5.14479276485534E-06
71.0916666999999	3.59108670040902E-10	6.23792824557405E-09	2.62165439040201E-06	1.16548077400921E-07	5.42266308546784E-06
71.2583333	8.09211090826227E-10	6.07425113566078E-09	2.59366315860648E-06	1.19774632962379E-07	5.30204792631429E-06
71.425	6.059304655658E-10	6.06630735205618E-09	2.60388160005363E-06	1.2091350652495E-07	5.24178537160502E-06
71.5916666999999	6.55486375889909E-10	5.56892921477259E-09	2.57939071343093E-06	1.24003598699626E-07	4.7441881357843E-06
71.7583333	4.24001458521177E-10	4.55975505764259E-09	2.55983945249986E-06	1.25373848206874E-07	6.92432657955546E-06
71.925	5.77486676078919E-10	6.46354807116185E-09	2.5502003341235E-06	1.26168860000717E-07	5.79723095433719E-06
72.0916666999999	4.99963464636944E-10	5.69639956434657E-09	2.53484505347743E-06	1.29638977613102E-07	4.83359181169918E-06
72.2583333	6.05261179627675E-10	6.58810153249304E-09	2.51493173229129E-06	1.30536978177462E-07	5.61121038551403E-06
72.425	4.26089534969985E-10	5.84050001536716E-09	2.50290498360376E-06	1.33956080835722E-07	5.25587783010731E-06
72.5916666999999	4.98371920986622E-10	5.81581707926379E-09	2.50262852970777E-06	1.36985762329877E-07	5.15314890054467E-06
72.7583333	3.58258221790367E-10	6.63540908834198E-09	2.48187030182655E-06	1.39361071697589E-07	5.67275940897166E-06
72.925	6.4039123712227E-10	5.81761498615053E-09	2.46055139143011E-06	1.40462652623922E-07	5.77788638195415E-06
73.0916666999999	4.46419376404104E-10	5.85710037511147E-09	2.4417908007771E-06	1.42275537785864E-07	4.89724598513868E-06
73.2583333	4.70577980053884E-10	5.513235295294E-09	2.44767430749099E-06	1.44827374593364E-07	4.18468194017786E-06
73.425	6.44803846401429E-10	5.98299473316513E-09	2.41798503365086E-06	1.46880964463883E-07	4.84855870904215E-06
73.5916666999999	3.2946457833009E-10	4.26816761370193E-09	2.39841615087952E-06	1.50016917701552E-07	6.54573461199132E-06
73.7583333	4.40240921828386E-10	5.05194275430748E-09	2.39732270610221E-06	1.50691585849422E-07	6.7962941028138E-06
73.925	3.74861933733476E-10	5.57890348797667E-09	2.37370887302363E-06	1.54578154093574E-07	5.24656595503045E-06
74.0916666999999	5.58753841990203E-10	6.86204859040875E-09	2.35725872889641E-06	1.57176629777374E-07	5.01798187667893E-06
74.2583333	6.25867080276843E-10	6.66136064404248E-09	2.34016257751762E-06	1.57203957759605E-07	4.95320998029335E-06
74.425	5.19505500775537E-10	5.16995966691371E-09	2.34324636544333E-06	1.61651421101642E-07	5.42754176304369E-06
74.5916666999999	3.99769052640354E-10	5.68453911218792E-09	2.32373533126757E-06	1.62849411282877E-07	5.71413470694729E-06
74.7583333	6.87697343995454E-10	4.19722088704472E-09	2.30704223839322E-06	1.65022390684666E-07	4.59037676850742E-06
74.925	5.31425812740212E-10	5.2657716464456E-09	2.28481586210582E-06	1.68032767329584E-07	5.20182885702381E-06
75.0916666999999	5.96134785262431E-10	6.73527516885425E-09	2.28595857331649E-06	1.6831354843086E-07	6.41319470956494E-06
75.2583333	5.3902471550083E-10	6.57859808462822E-09	2.25403279743789E-06	1.71336621268713E-07	5.04454466458842E-06
75.425	4.49043244575756E-10	6.7735627215098E-09	2.24792308034411E-06	1.73395781787821E-07	4.80565730832567E-06
75.5916666999999	4.18141090758015E-10	7.01993570249904E-09	2.24323484549534E-06	1.76772217883118E-07	6.18900088176072E-06
75.7583333	5.01040726947168E-10	6.65177046810347E-09	2.22465928809611E-06	1.77706572116274E-07	6.4227729057995E-06
75.925	1.73110869637355E-10	6.32197046884224E-09	2.21638523270135E-06	1.81813682500579E-07	5.4661982536043E-06
76.0916666999999	6.84197448772257E-10	5.3914837804805E-09	2.20420307437411E-06	1.8550691390024E-07	5.78522085478528E-06
76.2583333	5.33411513430896E-10	6.77369403362639E-09	2.1830330103578E-06	1.86678260830852E-07	5.5310921087844E-06
76.425	3.78064280373371E-10	5.72187652848552E-09	2.16882730073783E-06	1.89069435702349E-07	5.42016362185341E-06
76.5916666999999	4.64130107355687E-10	8.29637430569253E-09	2.15532415124954E-06	1.91378958546594E-07	6.11235412029633E-06
76.7583333	3.92459917204435E-10	6.30144260139532E-09	2.15554952982725E-06	1.93102477273828E-07	5.10480390147843E-06
76.925	4.19493561827056E-10	6.05795378339516E-09	2.13722515415916E-06	1.97339188878745E-07	4.432378918574E-06
77.0916666999999	2.38548687864498E-10	6.19110596184853E-09	2.12773415064566E-06	1.97165373898976E-07	5.71313845709321E-06
77.2583333	5.51706786675083E-10	6.35345530025166E-09	2.11324592358284E-06	2.01670265907459E-07	6.18614140500819E-06
77.425	3.17597569185719E-10	5.59960835833177E-09	2.09544087238292E-06	2.0353327640594E-07	6.45792924201306E-06
77.5916666999999	4.16654489212952E-10	6.86721031116857E-09	2.08754999187222E-06	2.05218664838687E-07	5.08876489154786E-06
77.7583333	4.98323952670768E-10	6.08337150406337E-09	2.0720266849269E-06	2.08993720246795E-07	5.22833445450676E-06
77.925	6.99072116353688E-10	4.90304107612393E-09	2.04876839024696E-06	2.09521367768897E-07	6.09268313389199E-06
78.0916666999999	5.93024244036848E-10	6.25183186628562E-09	2.06641884381099E-06	2.13059944814503E-07	4.75880014738044E-06
78.2583333	5.02343126081759E-10	7.51957815119304E-09	2.03893665239092E-06	2.13522410419383E-07	5.39771874910946E-06
78.425	4.20109997477879E-10	6.78519186320078E-09	2.03556924449594E-06	2.17957073015618E-07	5.51862698796146E-06
78.5916666999999	2.98760267339864E-10	5.21091147839434E-09	2.00603779267574E-06	2.18379700584289E-07	5.09052362841349E-06
78.7583333	4.35274935450339E-10	4.81489275715102E-09	2.02771401263019E-06	2.22450242765359E-07	6.12767644985926E-06
78.925	4.19216081364332E-10	6.19845532938883E-09	1.98690042465756E-06	2.24205679925003E-07	5.82023468793644E-06
79.0916666999999	5.95670568982935E-10	6.93228727954083E-09	1.98696224654466E-06	2.26048209292333E-07	5.40206482244516E-06
79.2583333	4.03240256812151E-10	6.71065497591138E-09	1.96851764997215E-06	2.27126125743967E-07	6.0281826353065E-06
79.425	4.34190640814758E-10	6.17594764142503E-09	1.96916400997008E-06	2.30043155343036E-07	5.65249987727205E-06
79.5916666999999	3.52902376329015E-10	5.86856795822825E-09	1.94326037810156E-06	2.31217713938174E-07	5.58954014530187E-06
79.7583333	3.933310458077E-10	5.39047501114233E-09	1.94034215462237E-06	2.34971445388936E-07	5.00373939381258E-06
79.925	2.8671856411707E-10	5.58217296472702E-09	1.94403532567839E-06	2.36791099264364E-07	4.97720977346166E-06
80.0916666999999	3.8968718568846E-10	5.90547080658491E-09	1.92487083438511E-06	2.40874553145593E-07	6.21893388272557E-06
80.2583333	5.80362151788864E-10	5.80024984965571E-09	1.91408755552757E-06	2.41359751402553E-07	6.0715768773224E-06
80.425	6.25681989739693E-10	6.33023896760192E-09	1.90376876738873E-06	2.43995587830952E-07	5.78907110856991E-06
80.5916666999999	2.82028791604393E-10	5.8837317431348E-09	1.89568085139146E-06	2.45892585636994E-07	5.86055926488529E-06
80.7583333	3.84713185755983E-10	4.2004866425431E-09	1.87360857559986E-06	2.47548653031715E-07	5.43004741731973E-06
80.925	5.85455355742107E-10	5.4624845610359E-09	1.88705971439487E-06	2.51167078923326E-07	6.5594073889449E-06
81.0916666999999	4.2678367634181E-10	4.95468550441646E-09	1.8753355404753E-06	2.5425635826149E-07	5.45700474231591E-06
81.2583333	2.88253806740365E-10	4.3987844402498E-09	1.84997900378951E-06	2.552542825757E-07	5.36364169062842E-06
81.425	2.6830436820464E-10	7.2694961684191E-09	1.84186703481999E-06	2.57731920598066E-07	5.02438518809826E-06
81.5916666999999	4.0374191342164E-10	5.86128977948568E-09	1.86413115339777E-06	2.60233684854545E-07	5.08834913651004E-06
81.7583333	3.33207093478655E-10	6.48528355387951E-09	1.82666869005684E-06	2.61092588189128E-07	6.05210802339651E-06
81.925	2.06568378677065E-10	4.65237201700621E-09	1.83473893550035E-06	2.63775127552333E-07	6.56623150367179E-06
82.0916666999999	4.82398353841042E-10	6.61742400026804E-09	1.82275242409152E-06	2.67832115914837E-07	5.56163642614349E-06
82.2583333	3.57869078393502E-10	5.67356436797595E-09	1.80287795080572E-06	2.68176065041432E-07	5.74650857179439E-06
82.425	4.1874834941758E-10	5.97339102196815E-09	1.81087351913002E-06	2.70827266673095E-07	5.38371398231227E-06
82.5916666999999	3.43171473139847E-10	6.53911412100991E-09	1.79294308891356E-06	2.72276890920575E-07	5.78584965477326E-06
82.7583333	3.41091781177888E-10	5.33178686376621E-09	1.77951323379197E-06	2.73665757359936E-07	5.5310274086183E-06
82.925	5.49645730093305E-10	5.6930651924825E-09	1.78546068989215E-06	2.76570444800872E-07	5.24845785964368E-06
83.0916666999999	3.18944682226811E-10	5.56990299219626E-09	1.78023783930971E-06	2.79450860321507E-07	5.57028707149441E-06
83.2583333	3.95635390073656E-10	5.89463317275235E-09	1.75987193729229E-06	2.81296641522456E-07	5.15719140758748E-06
83.425	4.50583889237325E-10	6.30295804671797E-09	1.76355779746604E-06	2.82375673643449E-07	6.31771308730106E-06
83.5916666999999	3.82201487941124E-10	7.48070979567116E-09	1.75186813806652E-06	2.84747569364933E-07	5.22655686746626E-06
83.7583333	7.07044107918916E-10	7.13989599750025E-09	1.76048688939673E-06	2.87321464228363E-07	5.05518708725471E-06
83.925	4.55593405476303E-10	4.48968819026084E-09	1.75184717626036E-06	2.88363274632079E-07	5.92376273086609E-06
84.0916666999999	2.75803297705045E-10	6.10096913531251E-09	1.73774435094055E-06	2.91418359776666E-07	4.79697190202537E-06
84.2583333	3.29165555003281E-10	3.43691049499851E-09	1.72318267713305E-06	2.92817772631907E-07	4.94521141666075E-06
84.425	3.67793012589348E-10	5.72089737388705E-09	1.72199814730611E-06	2.95717475322689E-07	6.20628995293011E-06
84.5916666999999	4.07646036408468E-10	5.47586611630238E-09	1.71434908820349E-06	2.98098165041461E-07	5.66825417609354E-06
84.7583333	3.92794740063334E-10	4.85365772165068E-09	1.71197633567058E-06	2.99962859474118E-07	5.73044142238267E-06
84.925	5.17928815048632E-10	5.5061247227202E-09	1.69945465219729E-06	3.00175373761885E-07	5.87087173808709E-06
85.0916666999999	2.94707849399702E-10	5.39671239223125E-09	1.71001750241154E-06	3.02962460872534E-07	5.83559880697276E-06
85.2583333	2.08522283074199E-10	6.03695740784693E-09	1.69486597691725E-06	3.06111686762401E-07	5.43722626812325E-06
85.425	3.32527138931944E-10	6.21346339003594E-09	1.67803183476793E-06	3.07005558818159E-07	4.49304395498624E-06
85.5916666999999	2.88116486835061E-10	4.75474137792329E-09	1.68046172246559E-06	3.08457268582108E-07	5.94144075866254E-06
85.7583333	3.74621016331111E-10	5.55007509649437E-09	1.67694820184666E-06	3.1004299846155E-07	6.33171876837966E-06
85.925	4.03703421225517E-10	6.42771675546425E-09	1.66663763526151E-06	3.10993781719632E-07	5.24054960362666E-06
86.0916666999999	5.40629542900404E-10	5.92255776606341E-09	1.66105968729125E-06	3.14640089897223E-07	4.96633029311069E-06
86.2583333	5.60681968505854E-10	6.04927189926896E-09	1.65470763953796E-06	3.15913560898833E-07	5.63877028068156E-06
86.425	3.12930089596393E-10	5.38523810565783E-09	1.66098180439671E-06	3.1847421394361E-07	5.17454234449798E-06
86.5916666999999	5.42234037913759E-10	5.34052313159657E-09	1.64520437401324E-06	3.20910378840225E-07	4.84125004305688E-06
86.7583333	3.97345494947922E-10	5.22455651619305E-09	1.63366456501876E-06	3.22920067298251E-07	6.51957026700226E-06
86.925	3.5872435095472E-10	6.65708899807004E-09	1.63983353614114E-06	3.25123381291442E-07	5.47880385710221E-06
87.0916666999999	3.44859004821882E-10	4.95003965931334E-09	1.63373515055165E-06	3.2633576842434E-07	4.89936137181582E-06
87.2583333	2.36201237962984E-10	4.95204338632167E-09	1.62170058044126E-06	3.27772132335718E-07	5.21677138874111E-06
87.425	2.21721056343373E-10	5.64788295040313E-09	1.61866239564318E-06	3.29312975636626E-07	5.41772788463349E-06
87.5916666999999	2.12347335058612E-10	4.94298840605594E-09	1.61655643051953E-06	3.32883104808694E-07	5.19618130967489E-06
87.7583333	4.77898014525891E-10	5.48671780685644E-09	1.6026604864613E-06	3.35060717904614E-07	5.84376687151929E-06
87.925	4.37701653331226E-10	7.73218400617059E-09	1.60098745854092E-06	3.3621439070176E-07	5.77433962789466E-06
88.0916666999999	4.34154269592696E-10	4.78036455043847E-09	1.59434196527208E-06	3.39037518427208E-07	5.65956324065097E-06
88.2583333	3.74739789932188E-10	5.30627372919229E-09	1.60223081082645E-06	3.40095570346168E-07	5.66527837312005E-06
88.425	6.3418996189869E-10	4.68728887596694E-09	1.57253529399333E-06	3.41940395268068E-07	4.72553911206557E-06
88.5916666999999	5.19228637941743E-10	6.06033982552593E-09	1.58173493045517E-06	3.43291289318898E-07	5.35499748559513E-06
88.7583333	2.29896493784269E-10	4.84069061146441E-09	1.58009690175296E-06	3.46444486024961E-07	5.47388998308015E-06
88.925	3.02436436569576E-10	4.63203153841733E-09	1.57484711734228E-06	3.48288665307776E-07	5.12707021180389E-06
89.0916666999999	4.01086382330275E-10	5.23615838997261E-09	1.57367397124396E-06	3.51007296872025E-07	5.85188061082239E-06
89.2583333	4.39936270937791E-10	4.66017581224883E-09	1.56704555926457E-06	3.53777706922641E-07	5.29887623712776E-06
89.425	3.6119979748977E-10	4.49948916347395E-09	1.55473112140885E-06	3.54183887390391E-07	4.9800137740938E-06
89.5916666999999	3.74224448623309E-10	4.53949092336461E-09	1.55249928585201E-06	3.54390580031395E-07	5.91231528424685E-06
89.7583333	3.57043743008927E-10	6.18559409170579E-09	1.56112588402715E-06	3.58469354159493E-07	5.60816560335482E-06
89.925	6.00076392482008E-10	5.98368151993214E-09	1.53884413427933E-06	3.61189449584165E-07	4.28223928199137E-06
90.0916666999999	2.31351358923347E-10	5.53587906464675E-09	1.54489242354473E-06	3.64323903057167E-07	4.95763636053473E-06
90.2583333	3.04415080950633E-10	4.88100634072193E-09	1.55032910446256E-06	3.65494110299674E-07	5.19950657172089E-06
90.425	4.91990425584022E-10	4.85799343710597E-09	1.54853564006651E-06	3.66669236664412E-07	5.09822495802916E-06
90.5916666999999	6.54770169607967E-10	5.60140269833232E-09	1.53840966657504E-06	3.6745213450273E-07	6.64414284163841E-06
90.7583333	2.89791982610981E-10	6.82080793430223E-09	1.54840601232298E-06	3.68514928862167E-07	5.94286718266785E-06
90.925	4.71044347235817E-10	4.27452748457372E-09	1.53920772483629E-06	3.71532567015934E-07	5.52661195731078E-06
91.0916666999999	3.46452260874474E-10	5.59641284858571E-09	1.54021554871289E-06	3.70492538187912E-07	5.38495130038657E-06
91.2583333	3.48696779823692E-10	4.98759894415475E-09	1.54939380074546E-06	3.71420460400182E-07	5.009880444136E-06
91.425	4.89789572671531E-10	5.60241706451664E-09	1.54012077009697E-06	3.71256173598659E-07	5.1081789109856E-06
91.5916666999999	3.47746184810784E-10	5.57549579772364E-09	1.56120323100175E-06	3.71793769718474E-07	5.38029782962719E-06
91.7583333	3.79468208593894E-10	5.43151474132114E-09	1.54956734574476E-06	3.71803705202253E-07	5.88751644218256E-06
91.925	2.8390287009326E-10	5.46563524957994E-09	1.55989262108556E-06	3.72971137898153E-07	4.3240618348917E-06
92.0916666999999	4.26879315775597E-10	5.05370175802726E-09	1.56990760803239E-06	3.73031776417338E-07	5.01696055115799E-06
92.2583333	2.39625555963929E-10	4.55282157490653E-09	1.54953375235312E-06	3.73914888016896E-07	6.00287421871078E-06
92.425	2.4745061877537E-10	5.44934011011336E-09	1.56824899214271E-06	3.73517896100387E-07	5.55032170520421E-06
92.5916666999999	2.81745260501068E-10	5.1214860986372E-09	1.57621663826857E-06	3.72372608301575E-07	4.94714782408333E-06
92.7583333	3.71364140088453E-10	6.21508876632045E-09	1.57490746761876E-06	3.73486560824881E-07	5.44815539771187E-06
92.925	4.0672624023676E-10	5.1651868026274E-09	1.56867058559107E-06	3.71635480761503E-07	6.17311686828757E-06
93.0916666999999	3.47392594263466E-10	5.38114954843466E-09	1.58054436863282E-06	3.70113503319966E-07	4.56358759981124E-06
93.2583333	5.83357087911803E-10	5.84306937914546E-09	1.57630282385215E-06	3.72259393293731E-07	4.79307364674719E-06
93.425	5.30675684058333E-10	5.21038933005679E-09	1.58348732890743E-06	3.70889365410722E-07	5.71488792279493E-06
93.5916666999999	2.98483869334481E-10	4.86928811800808E-09	1.58947485733484E-06	3.69955133709895E-07	5.71401286137842E-06
93.7583333	4.48721873111053E-10	5.35952579422519E-09	1.59192295601901E-06	3.70001331166623E-07	4.34815558905817E-06
93.925	6.3428287995383E-10	6.76040334478275E-09	1.59835404429166E-06	3.71014825711289E-07	4.55051586009607E-06
94.0916666999999	5.02351452631343E-10	5.26932951489442E-09	1.589870076792E-06	3.70539308849997E-07	5.76077421094149E-06
94.2583333	3.23352338658422E-10	7.47338665587876E-09	1.60395357557986E-06	3.70975457004387E-07	5.92756012138134E-06
94.425	3.19196747648143E-10	5.3006494076861E-09	1.60824625134527E-06	3.69841056303208E-07	5.11031302843424E-06
94.5916666999999	4.23654503663297E-10	3.58967480339961E-09	1.60296064450034E-06	3.6996212168543E-07	5.43885543745242E-06
94.7583333	3.34576916818438E-10	3.55765956392495E-09	1.61609909347407E-06	3.66773674940818E-07	4.72573322354959E-06
94.925	3.61453086396097E-10	4.10784593686659E-09	1.62784523416093E-06	3.69482436919031E-07	4.97992074205535E-06
95.0916666999999	3.91544582581304E-10	5.79671386523898E-09	1.63145595063745E-06	3.6923860843247E-07	6.21523094995531E-06
95.2583333	3.64295697177064E-10	5.57550673793427E-09	1.62113187013722E-06	3.68973294683086E-07	5.49771577838542E-06
95.425	4.2318812458649E-10	4.97632256214759E-09	1.63757694418891E-06	3.68840892936312E-07	5.49755445001499E-06
95.5916666999999	6.56829783537426E-10	5.36319768082467E-09	1.63608856519632E-06	3.67990736795067E-07	4.82277850321133E-06
95.7583333	6.17498012139143E-10	6.10815933240333E-09	1.64002085241681E-06	3.66818486421556E-07	5.5354401901176E-06
95.925	4.29358613181197E-10	5.39519334018682E-09	1.63727288335984E-06	3.66668567878036E-07	5.11185721235328E-06
96.0916666999999	4.08971994892152E-10	5.49941789276093E-09	1.65353677354054E-06	3.66368734074242E-07	5.14555878980343E-06
96.2583333	4.3353731795738E-10	5.33545647768351E-09	1.64731980240175E-06	3.65323341147013E-07	5.55036094888968E-06
96.425	3.75310040453932E-10	6.15374754281761E-09	1.64332818967463E-06	3.64854805744376E-07	4.87976469991444E-06
96.5916666999999	4.10374705466937E-10	4.84434428066353E-09	1.66394615675916E-06	3.64216069477717E-07	5.42910603753366E-06
96.7583333	1.2219457789081E-10	6.00723159915697E-09	1.6612816135045E-06	3.62328543858659E-07	4.43180806201056E-06
96.925	5.25480721104378E-10	6.14424708867348E-09	1.66948368415399E-06	3.64024277757279E-07	5.14087084053675E-06
97.0916666999999	4.17288368168841E-10	4.5672690265537E-09	1.66773801769247E-06	3.61549631591419E-07	5.53714989915477E-06
97.2583333	5.37272877205315E-10	3.85496090162614E-09	1.66740181913364E-06	3.61449506255175E-07	5.31761480293576E-06
97.425	4.14575472104805E-10	5.58474277651427E-09	1.67287111218034E-06	3.61106875292755E-07	4.64128464147728E-06
97.5916666999999	5.92355193234355E-10	5.38468088420233E-09	1.6706385936862E-06	3.60115165150331E-07	3.57660783007572E-06
97.7583333	3.73067358505233E-10	5.85219266840793E-09	1.68419683763659E-06	3.59217825337515E-07	4.47917770514357E-06
97.925	4.04456681790401E-10	6.18522155119667E-09	1.68231728228866E-06	3.5903594839446E-07	6.5612349830848E-06
98.0916666999999	5.17268946645465E-10	4.55891797825616E-09	1.68321865188854E-06	3.57249106015328E-07	5.65114022757864E-06
98.2583333	4.2055218747927E-10	6.21319470004779E-09	1.70148772361446E-06	3.57528708877287E-07	4.04705252207996E-06
98.425	5.21016422103859E-10	5.89632451754384E-09	1.68184111110254E-06	3.57079977634186E-07	5.5488428548127E-06
98.5916666999999	2.69558620280933E-10	6.25600442649541E-09	1.68582534514213E-06	3.537484804881E-07	4.77246833101939E-06
98.7583333	3.21199351505249E-10	4.87140830544312E-09	1.70663463450597E-06	3.55590284452806E-07	5.32877262574648E-06
98.925	3.14115237423515E-10	5.99904809003824E-09	1.69796168171843E-06	3.53731738314043E-07	5.58247009196948E-06
99.0916666999999	5.2178572362181E-10	5.20256322103007E-09	1.70291570099408E-06	3.54521679735005E-07	4.80882568223699E-06
99.2583333	6.46429702471662E-10	4.79045722851465E-09	1.70670766816118E-06	3.54248352284426E-07	4.99606955684938E-06
99.425	3.75652200036188E-10	5.82572664316114E-09	1.70666832825696E-06	3.54555524887729E-07	5.01492732089465E-06
99.5916666999999	3.75551888256723E-10	4.25667111679396E-09	1.70810297615566E-06	3.54685849469809E-07	5.35682139581459E-06
99.7583333	2.91482518205781E-10	4.55926169772681E-09	1.70555933645596E-06	3.52110706789715E-07	4.66253639324951E-06
99.925	3.78327583715407E-10	4.92756050202293E-09	1.71555785752488E-06	3.53291149749547E-07	4.59316885014032E-06
100.091666999999	5.78018207789387E-10	4.45651766078662E-09	1.72993509480673E-06	3.51518028923249E-07	5.13684503516186E-06
100.258333	6.18822338660778E-10	4.94908415849911E-09	1.72247159606483E-06	3.51368475970725E-07	5.47697904063021E-06
100.425	4.38512399447177E-10	5.46084840130943E-09	1.72200501374467E-06	3.4976096928085E-07	5.22003146971094E-06
100.591666999999	4.04587736635606E-10	5.40240755573164E-09	1.72417632915811E-06	3.49418108902699E-07	5.22755187364479E-06
100.758333	5.25684148169158E-10	5.07758412011348E-09	1.72731435411936E-06	3.50499687484009E-07	4.93739121222239E-06
100.925	3.90059883596667E-10	5.62882794612074E-09	1.74266844680199E-06	3.50860372140547E-07	4.46875782218942E-06
101.091666999999	4.08884423617264E-10	5.35364755994186E-09	1.73801892240358E-06	3.49118298794969E-07	5.42562747360442E-06
101.258333	3.88446122552727E-10	4.88968738248291E-09	1.74225344433743E-06	3.47870937806223E-07	5.61915220935677E-06
101.425	4.74713938416427E-10	5.93235004891454E-09	1.74186241976886E-06	3.48925789462247E-07	4.39173513888357E-06
101.591666999999	3.90131833751719E-10	4.74184762334409E-09	1.74890963733717E-06	3.48063791121148E-07	4.69028107880431E-06
101.758333	4.22798566884461E-10	4.0147722536922E-09	1.74157393185046E-06	3.47729468677472E-07	5.19952107868938E-06
101.925	4.64978485142619E-10	5.04082521678237E-09	1.73864698233123E-06	3.47230962653293E-07	5.54180303946766E-06
102.091666999999	4.91700677589928E-10	6.02451362301496E-09	1.75575936342211E-06	3.45717023571729E-07	4.87042869935922E-06
102.258333	4.54561146209545E-10	7.51154268725232E-09	1.74872240874469E-06	3.45535933219601E-07	5.10705003969521E-06
102.425	6.21299240037026E-10	5.56549507359627E-09	1.76110767355537E-06	3.46119783278089E-07	5.03105735303835E-06
102.591667	5.25007771232844E-10	6.45027978107616E-09	1.75973182231989E-06	3.45633426747395E-07	5.05458359388455E-06
