time	N2O	NO	NH3	CO	H2
0.091666667	9.75894107535009E-08	3.40031074567894E-05	1.70237275496211E-09	0.00016297202174	0
0.258333333	9.64138986972102E-08	3.40194214409962E-05	1.52966882626716E-09	0.00016286973454	0
0.425	9.69747439886337E-08	3.40322446374853E-05	1.24632856158237E-09	0.000163313632956	0
0.591666666999999	9.68131413137298E-08	3.40398215286776E-05	9.61496548775527E-10	0.000163048549739	0
0.758333332999999	9.73479532237861E-08	3.40538922570215E-05	1.07093506542735E-09	0.000163231738989	0
0.925	9.68092463486149E-08	3.4073951534777E-05	1.47953746356754E-09	0.000163160748286	0
1.09166667	9.89132717862902E-08	3.40467711499119E-05	1.21369822525206E-09	0.000163192860153	0
1.25833333	9.63996160349609E-08	3.40899317507036E-05	9.56890521118317E-10	0.000163146636529	0
1.42499999999999	9.58184063767243E-08	3.40561001350807E-05	5.78013821738551E-10	0.000162956891043	0
1.59166667	9.70592674006035E-08	3.40917126715212E-05	7.68993986750328E-10	0.000163507226648	0
1.75833333	9.66163052836003E-08	3.40635419939437E-05	7.43512882719964E-10	0.000163161967421	0
1.925	9.68375982470401E-08	3.40798886096349E-05	1.27617541877579E-09	0.000163045723302	0
2.09166666999999	9.62138377532694E-08	3.41040220577697E-05	1.35661263774759E-09	0.000163321369058	0
2.25833333	9.74824404459108E-08	3.4096872662401E-05	1.24472195596743E-09	0.000163527632364	0
2.425	9.7864464558022E-08	3.41112625500924E-05	1.27080454616941E-09	0.00016365574694	0
2.59166667	9.82286649693542E-08	3.41151925811256E-05	9.98618910177218E-10	0.000163578392195	0
2.75833333	9.61800083239831E-08	3.40937497237292E-05	9.34831651887381E-10	0.000163062366195	0
2.925	9.70010709723818E-08	3.41178822154751E-05	9.13697346776257E-10	0.000163569800042	0
3.09166667	9.81355813981731E-08	3.41162326919005E-05	8.67692403047746E-10	0.00016340410001	0
3.25833333	9.76661747172925E-08	3.41499445763086E-05	9.60105511651767E-10	0.000163455487178	0
3.425	9.56193746108776E-08	3.41541720115015E-05	8.34584764648381E-10	0.000163387007427	0
3.59166667	9.80830128378688E-08	3.41850173000827E-05	9.51315248980431E-10	0.000163573839591	0
3.75833333	9.7957611667683E-08	3.41364947120607E-05	9.61004215485754E-10	0.000163682149456	0
3.925	9.72372219751189E-08	3.41483554458672E-05	1.17491504687439E-09	0.000163560546856	0
4.09166667	9.79563051945077E-08	3.41606051111863E-05	5.26547060319843E-10	0.000163660098469	0
4.25833333	9.82148419485661E-08	3.41618770258838E-05	6.49877717086451E-10	0.000163753423143	0
4.425	9.85460948178011E-08	3.41231476443042E-05	1.23115651217479E-09	0.000163197966997	0
4.59166667	9.60673657846644E-08	3.41591137643309E-05	9.10056017300153E-10	0.000163395753365	0
4.75833333	9.59434197638139E-08	3.41410441754203E-05	1.26129184583983E-09	0.000163624242602	0
4.925	9.56758157904402E-08	3.41802049206438E-05	8.40617352291102E-10	0.000163749150907	0
5.09166667	9.64783727543914E-08	3.41590289196959E-05	3.26571420560746E-10	0.000163576365367	0
5.25833333	9.82415301081955E-08	3.41656109505875E-05	8.68802142132162E-10	0.000163741393854	0
5.425	9.75506645176307E-08	3.41533963600425E-05	7.27514179710783E-10	0.0001638731616	0
5.59166666999999	9.61691777431241E-08	3.41494420567414E-05	1.74130400480494E-09	0.00016344744181	0
5.75833333	9.81845073554013E-08	3.41540612713282E-05	7.77801201953752E-10	0.000163306429533	0
5.925	9.756556112218E-08	3.41665833879714E-05	6.21418074374779E-10	0.000163930080067	0
6.09166666999999	9.85421708697137E-08	3.41875630821871E-05	4.32580159243556E-10	0.000163700013765	0
6.25833333	9.63201358451394E-08	3.42088247877098E-05	6.51284266220469E-10	0.000163684834087	0
6.425	9.69836904843928E-08	3.42155966732929E-05	9.93399179479605E-10	0.000164007049954	0
6.59166667	9.89774509249382E-08	3.41950853562946E-05	9.23386557420579E-10	0.000163646063664	0
6.75833333	9.89064273602161E-08	3.42144986128026E-05	7.4680834809972E-10	0.00016400492187	0
6.925	9.75780115765835E-08	3.41746482116274E-05	1.0607519890093E-09	0.000163622819295	0
7.09166667	9.71159555857047E-08	3.41490567505488E-05	9.01589820934466E-10	0.000163551744104	0
7.25833333	9.75323651575251E-08	3.41628207263504E-05	3.90093619216497E-10	0.000163732911842	0
7.425	9.75700286245345E-08	3.41788719327019E-05	4.2414401056223E-10	0.000163720544991	0
7.59166667	9.80207703276297E-08	3.42214928007026E-05	6.93074077115846E-10	0.000163895565196	0
7.75833333	9.73018719574665E-08	3.4204270017942E-05	5.85058974304891E-10	0.000163783489064	0
7.925	9.79090281740971E-08	3.41767469173743E-05	5.08986987772855E-10	0.000163751540608	0
8.09166667	9.93787689598239E-08	3.42081076204518E-05	1.01257271776684E-09	0.000163831728585	0
8.25833333	9.54169015204587E-08	3.4205567704767E-05	7.96970815497254E-10	0.000163892292582	0
8.425	9.77242275626562E-08	3.42136523616129E-05	1.17696150420319E-09	0.000163855621618	0
8.59166667	9.66316301707777E-08	3.42757200415055E-05	8.30518680644419E-10	0.000163974578305	0
8.75833333	9.62182768816906E-08	3.42028374985208E-05	3.75566348140056E-10	0.000164001001581	0
8.925	9.78786358108428E-08	3.41994709762311E-05	6.93729202689935E-10	0.000163745864024	0
9.09166667	9.74174468190354E-08	3.42027357928367E-05	5.69509675090062E-10	0.000163725954124	0
9.25833333	9.74351976367299E-08	3.41860204137274E-05	1.10771448083688E-09	0.000163949515029	0
9.425	9.73433547392433E-08	3.42154701997793E-05	8.10646098042554E-10	0.000163888976892	0
9.59166667	9.66084677845561E-08	3.41881194344924E-05	1.15170694964015E-09	0.000163711342692	0
9.75833333	9.80115052845809E-08	3.42227954933072E-05	9.62137339030265E-10	0.00016366129497	0
9.925	9.74311126700967E-08	3.42433888491502E-05	6.78186390432569E-10	0.000163930439503	0
10.0916667	9.74443664286986E-08	3.42006901350388E-05	2.14490007920184E-09	0.000163666353085	0
10.2583333	9.58724722388838E-08	3.42228065540818E-05	1.12101452975829E-09	0.000163627474056	0
10.425	9.63521403276652E-08	3.42035381131692E-05	8.00267628737978E-10	0.000163837359821	0
10.5916667	9.74313749563947E-08	3.42072062650894E-05	1.08288384360685E-09	0.000164010559504	0
10.7583332999999	9.80738768094302E-08	3.4219325382889E-05	1.48125071109375E-09	0.00016366752285	0
10.925	9.79815692186534E-08	3.42361249930693E-05	7.51281592665589E-10	0.000163803747288	0
11.0916667	9.7013137948772E-08	3.41786134766752E-05	8.25607013893133E-10	0.000163975310724	0
11.2583332999999	9.70228971522633E-08	3.41829771227779E-05	9.63813296969589E-10	0.000163605825957	0
11.425	9.70203863327585E-08	3.42106087645491E-05	7.15363673652234E-10	0.000163939963979	0
11.5916667	9.71166544842594E-08	3.42006139575511E-05	5.93566148428606E-10	0.000163707953326	0
11.7583332999999	9.73001254099627E-08	3.41933465233883E-05	8.39821746324828E-10	0.00016375773321	0
11.925	9.80012415360906E-08	3.41877440891299E-05	1.14035738261147E-09	0.000163779785505	0
12.0916667	9.73375515626035E-08	3.41392763010694E-05	1.38955457741069E-09	0.000163697208901	0
12.2583332999999	9.66444927843067E-08	3.41486762072873E-05	9.57195082471129E-10	0.00016346540422	0
12.425	9.61013510536665E-08	3.41422310606683E-05	8.782652049827E-10	0.000163825592629	0
12.5916667	9.76470874986203E-08	3.41035365857735E-05	1.4333730656451E-09	0.000163545672896	0
12.7583332999999	9.74487274309392E-08	3.4099209643726E-05	1.23231478676917E-09	0.000163222918772	0
12.925	9.6951618713332E-08	3.40003317965765E-05	5.7256708024222E-10	0.000163064620644	0
13.0916667	9.66983767302241E-08	3.40013767476493E-05	3.7987125170279E-10	0.000162538267388	0
13.2583332999999	9.6779419361124E-08	3.39940750054588E-05	7.48737230222224E-10	0.000162722190957	0
13.425	9.63057587051174E-08	3.39750574377115E-05	9.36876707882126E-10	0.0001626755678	0
13.5916667	9.80394954429125E-08	3.38868372675515E-05	7.76273244399796E-10	0.000162495437472	0
13.7583332999999	9.66867183752169E-08	3.38900811630584E-05	8.75696674548137E-10	0.000161933542618	0
13.925	9.54818624941254E-08	3.38744186071716E-05	4.36631425354217E-10	0.000162111275083	0
14.0916667	9.61189574473466E-08	3.38206438280821E-05	8.79902822264936E-10	0.00016173032418	0
14.2583333	9.66641317074224E-08	3.38233788359061E-05	1.34081981216897E-09	0.000161466445962	0
14.425	9.73073307753056E-08	3.37406461632982E-05	7.01365748943035E-10	0.000161341241368	0
14.5916667	9.49631798402672E-08	3.37237957681611E-05	1.08874468165955E-09	0.000161075182824	0
14.7583333	9.686735841145E-08	3.36668738151926E-05	9.12330462191999E-10	0.000161018724819	0
14.925	9.64530478732079E-08	3.36533467372539E-05	8.64797479508991E-10	0.00016091682964	0
15.0916667	9.52586667614945E-08	3.35908495456328E-05	5.21467756662024E-10	0.000160521532285	0
15.2583333	9.66748953911432E-08	3.35679592572399E-05	1.2837216800842E-10	0.000160337598913	0
15.425	9.62467789061848E-08	3.35100688519705E-05	2.82349377884099E-10	0.000160240628115	0
15.5916667	9.62571474454985E-08	3.3461518947023E-05	1.16106420148947E-09	0.000160094238722	0
15.7583333	9.72377363505378E-08	3.33765237665741E-05	1.14494198174052E-09	0.000159749284893	0
15.925	9.60516035631916E-08	3.33824858148236E-05	1.24275830065132E-09	0.000159502728114	0
16.0916666999999	9.73816466684746E-08	3.33309710688493E-05	1.0744816276601E-09	0.00015938791357	0
16.2583333	9.67631915393035E-08	3.32858383064847E-05	1.14316773285421E-09	0.00015905613867	0
16.425	9.47176153158951E-08	3.32316477137613E-05	7.85116395297668E-10	0.000158801473589	0
16.5916666999999	9.60018152957922E-08	3.31938745003379E-05	1.07714367669517E-09	0.000158750025628	0
16.7583333	9.67469750061285E-08	3.30884934934512E-05	9.29013570072128E-10	0.000158262711556	0
16.925	9.58642120946208E-08	3.30656614018777E-05	6.91195148973452E-10	0.000158269408906	0
17.0916666999999	9.58078046226975E-08	3.30218046488694E-05	1.52587390286664E-09	0.00015772534395	0
17.2583333	9.39106451617942E-08	3.29694360191887E-05	7.39041274429697E-10	0.000157513785311	0
17.425	9.46398095018374E-08	3.29087886347545E-05	1.02754730365758E-09	0.000157523815135	0
17.5916666999999	9.38570682257041E-08	3.28927344283457E-05	8.09147265767295E-10	0.000157106452319	0
17.7583333	9.49994865789886E-08	3.28247056148454E-05	5.70035674635528E-10	0.000156392077123	0
17.925	9.42741635586971E-08	3.27422605200703E-05	8.2438794370179E-10	0.000156323128868	0
18.0916666999999	9.6063761175655E-08	3.27143901952863E-05	5.66992614689984E-10	0.000156037693293	0
18.2583333	9.53560993531476E-08	3.26532801278311E-05	1.58932318370019E-09	0.000155693756462	0
18.425	9.62787158858791E-08	3.25939464025721E-05	1.21732087369133E-09	0.000155799215379	0
18.5916666999999	9.66003120115529E-08	3.24956017907875E-05	1.54793008425775E-09	0.00015520713235	0
18.7583333	9.5115359069886E-08	3.24437410530222E-05	9.40239750134587E-10	0.000154729346887	0
18.925	9.68832932258732E-08	3.24336737809062E-05	1.02458225896283E-09	0.000154749678055	0
19.0916666999999	9.64686618447203E-08	3.23373953630485E-05	1.14770632150041E-09	0.000154025442552	0
19.2583333	9.45989709441445E-08	3.22767918595107E-05	8.9576179430071E-10	0.000153902043207	0
19.425	9.65420741192996E-08	3.22276357528499E-05	1.08026827931175E-09	0.000154097263371	0
19.5916666999999	9.5624011935015E-08	3.21458954710023E-05	2.4587263544824E-10	0.000153497783044	0
19.7583333	9.75952901376926E-08	3.21175010406066E-05	7.93121774921191E-10	0.000153188502542	0
19.925	9.52016129538029E-08	3.19976750093533E-05	7.28469101284234E-10	0.000153050225813	0
20.0916666999999	9.58785461721547E-08	3.19573474078018E-05	1.26099116510286E-09	0.000152457607339	0
20.2583333	9.60292667643987E-08	3.19012456312445E-05	1.78724029749181E-09	0.000152011743339	0
20.425	9.59404429751203E-08	3.18472744750147E-05	1.48108816147532E-09	0.000151677920386	0
20.5916666999999	9.65576459452988E-08	3.1785132683413E-05	1.30596407536252E-09	0.000151651889641	0
20.7583333	9.73039541266436E-08	3.17340768034712E-05	1.5544541472689E-09	0.000151041028396	0
20.925	9.75129887106246E-08	3.16739254098479E-05	9.97232820657152E-10	0.000151080272765	0
21.0916666999999	9.6566918612269E-08	3.15925015608153E-05	1.16330221520317E-09	0.000150634913497	0
21.2583333	9.7210324253229E-08	3.15201561993068E-05	1.6490851956572E-09	0.000150399127408	0
21.4249999999999	9.84761987894701E-08	3.14718702822628E-05	9.72522456077582E-10	0.000149840139808	0
21.5916666999999	9.83292695844146E-08	3.14142313571354E-05	1.14851201129757E-09	0.000149693451745	0
21.7583333	9.88812129526731E-08	3.1319439344974E-05	6.92907900333598E-10	0.00014927169493	0
21.9249999999999	9.87684194033083E-08	3.12741095476513E-05	1.32471987515552E-09	0.000148916065168	0
22.0916666999999	1.01218524623915E-07	3.11807574772987E-05	1.45427515636832E-09	0.000148832538807	0
22.2583333	1.01546204320424E-07	3.11419462199742E-05	1.95102349527259E-09	0.00014833867441	0
22.4249999999999	9.95895623474261E-08	3.10505457970424E-05	1.72438354492111E-09	0.000148125254032	0
22.5916666999999	1.01393961959594E-07	3.10066865165584E-05	1.69880489160623E-09	0.000147722799161	0
22.7583333	1.02815525844997E-07	3.09272437385914E-05	1.78220440521645E-09	0.000147367328873	0
22.9249999999999	1.02512516731497E-07	3.08326635351479E-05	1.33213111321762E-09	0.000147010728172	0
23.0916666999999	1.02756400418081E-07	3.07883957445228E-05	1.6145101651124E-09	0.000146932832756	0
23.2583333	1.03074154474423E-07	3.070935592119E-05	2.28571007506757E-09	0.000146252329175	0
23.4249999999999	1.03386243959048E-07	3.06684189246755E-05	1.1739183000357E-09	0.000146057375382	0
23.5916666999999	1.03043097135294E-07	3.05766019549891E-05	1.9378039925971E-09	0.000145698736164	0
23.7583333	1.03604814289078E-07	3.05170357213298E-05	1.67476585669618E-09	0.000145140243609	0
23.9249999999999	1.06684502833022E-07	3.04544180190967E-05	1.83431215465472E-09	0.000145120446713	0
24.0916666999999	1.06168661187604E-07	3.03941355630108E-05	2.12036482334475E-09	0.000144612646951	0
24.2583333	1.07073381567367E-07	3.02661892471389E-05	2.35739442020185E-09	0.000144097931359	0
24.4249999999999	1.0829404354126E-07	3.02426832552027E-05	3.73018804912141E-09	0.000144204298506	0
24.5916666999999	1.08404646818162E-07	3.01809213525108E-05	2.92509284411103E-09	0.00014368165473	0
24.7583333	1.09874876377097E-07	3.00887831316815E-05	3.49125456459765E-09	0.000143455055778	0
24.9249999999999	1.09922569679476E-07	3.00103748984693E-05	3.43467007050971E-09	0.000142688714888	0
25.0916666999999	1.10609382083268E-07	2.99583925793857E-05	3.41387203869058E-09	0.000142673081082	0
25.2583333	1.11806835429848E-07	2.98693399496836E-05	3.27717680388623E-09	0.000142401431679	0
25.4249999999999	1.1171130888563E-07	2.98311363328035E-05	2.7067991714768E-09	0.000142122505035	0
25.5916666999999	1.12578749110964E-07	2.97945539654689E-05	3.1482256519165E-09	0.00014171334495	0
25.7583332999999	1.12260803477615E-07	2.96806070386618E-05	3.39970866221983E-09	0.000141316049621	0
25.925	1.14008949484035E-07	2.96485080474773E-05	4.22904076420315E-09	0.000140960149092	0
26.0916667	1.15485689941902E-07	2.95630672712745E-05	4.69687016377184E-09	0.000140490697447	0
26.2583332999999	1.14796789423784E-07	2.94910563040554E-05	4.69467829729819E-09	0.000140527919575	0
26.425	1.17096466206017E-07	2.94253982544013E-05	5.1056684644727E-09	0.000140075440057	0
26.5916667	1.16901301234655E-07	2.93435662707375E-05	5.26688567648286E-09	0.000139849906772	0
26.7583332999999	1.18740522929778E-07	2.9287192400922E-05	5.88809591734024E-09	0.000139543930378	0
26.925	1.18703733488419E-07	2.9193625215098E-05	6.49245887209774E-09	0.00013902376985	0
27.0916667	1.19967567984339E-07	2.91542644517362E-05	7.33012874552459E-09	0.000138861441307	0
27.2583332999999	1.21735052549132E-07	2.90751943941268E-05	6.28693509495487E-09	0.000138635823588	0
27.425	1.23142791964639E-07	2.89888220881978E-05	7.06418533154546E-09	0.000138074700776	0
27.5916667	1.22309887509187E-07	2.88882678424615E-05	7.26661106642461E-09	0.00013798854411	0
27.7583332999999	1.23888035025928E-07	2.88335568196183E-05	8.96364398818195E-09	0.000137538519696	0
27.925	1.24992524783848E-07	2.87760597969696E-05	8.36451115819294E-09	0.000136834794838	0
28.0916667	1.2617110998168E-07	2.87489431351131E-05	9.68522981222752E-09	0.000136752058315	0
28.2583332999999	1.27731638850904E-07	2.86420776821027E-05	1.05676947522952E-08	0.000136397489528	0
28.425	1.28890075965159E-07	2.85614646279849E-05	1.05681132286473E-08	0.000136160437139	0
28.5916667	1.29676992337649E-07	2.85080916024701E-05	1.11577305986072E-08	0.000135810532489	0
28.7583332999999	1.29337887662844E-07	2.84251825687989E-05	1.23777821610487E-08	0.00013572030361	0
28.925	1.31521587198447E-07	2.83429930418823E-05	1.22780718501055E-08	0.000135217902662	0
29.0916667	1.31081224717235E-07	2.82901233109665E-05	1.37306897126619E-08	0.000134785661822	0
29.2583332999999	1.3223551428146E-07	2.82239829085699E-05	1.3564305283834E-08	0.000134462047307	0
29.425	1.32659393021427E-07	2.81533208444561E-05	1.44694613673801E-08	0.00013376527241	0
29.5916667	1.34054822524822E-07	2.80725134567614E-05	1.62195147882274E-08	0.000133671410595	0
29.7583332999999	1.34602105451881E-07	2.80083619650162E-05	1.73723224642792E-08	0.000133547959438	0
29.925	1.35357540227316E-07	2.7950515683265E-05	1.8103223423713E-08	0.000132981803288	0
30.0916667	1.37259388427962E-07	2.78804656675012E-05	1.83701965932614E-08	0.000132614976293	0
30.2583332999999	1.37799297593331E-07	2.78170666406093E-05	2.02315624606612E-08	0.000132620668999	0
30.425	1.3764848653193E-07	2.77420797989681E-05	2.13373685231356E-08	0.000132199294385	0
30.5916667	1.38852611857562E-07	2.76870624874177E-05	2.15988725939594E-08	0.000131539013238	0
30.7583332999999	1.39368428749112E-07	2.76121694778943E-05	2.37273456961953E-08	0.000131401596333	0
30.925	1.40457377827626E-07	2.75371352055254E-05	2.37316766786423E-08	0.000130817605201	0
31.0916667	1.42454082981399E-07	2.74629467800102E-05	2.6184346053636E-08	0.000130574815622	0
31.2583332999999	1.43122163021143E-07	2.73939171672735E-05	2.75173625224497E-08	0.000129980129749	0
31.425	1.42539937180492E-07	2.73626744501038E-05	2.93379988310162E-08	0.000129676944428	0
31.5916667	1.44298368903073E-07	2.72387136378273E-05	2.97838552198135E-08	0.000129383858928	0
31.7583332999999	1.4497652435723E-07	2.71981413445069E-05	3.16776494972696E-08	0.000129207990145	0
31.925	1.45980153004507E-07	2.71194922999001E-05	3.4057772969582E-08	0.000128522161297	0
32.0916667	1.46062484207657E-07	2.70339037513037E-05	3.55764415183422E-08	0.000128036761931	0
32.2583332999999	1.46185738063649E-07	2.69988045689839E-05	3.76234137244604E-08	0.000127704498111	0
32.425	1.49012794668018E-07	2.69176970800831E-05	3.97156004539685E-08	0.000127714772813	0
32.5916667	1.48985508278006E-07	2.68608187485548E-05	4.19143165315966E-08	0.000126976640249	0
32.7583332999999	1.50676586639254E-07	2.678887781697E-05	4.4644168489806E-08	0.000126585504017	0
32.925	1.5214424884726E-07	2.67203917651756E-05	4.75351570221771E-08	0.000126193338531	0
33.0916667	1.5072718777514E-07	2.66279028320223E-05	4.96181543876243E-08	0.000125610433325	0
33.2583332999999	1.5290067351699E-07	2.65808010563572E-05	5.24311379144137E-08	0.000124887548949	0
33.425	1.52406630112264E-07	2.64720804472565E-05	5.5375824709093E-08	0.000124867236345	0
33.5916667	1.55819324644719E-07	2.64225467703195E-05	5.83477902830786E-08	0.000124183439518	0
33.7583332999999	1.56276972258649E-07	2.63589230096986E-05	6.18321570176335E-08	0.000123702277314	0
33.925	1.56195047012603E-07	2.62645799011223E-05	6.63754038252357E-08	0.000123053053084	0
34.0916667	1.56836385883751E-07	2.6231677769979E-05	7.01065554458407E-08	0.000122741123056	0
34.2583332999999	1.59677489228607E-07	2.61331169434486E-05	7.26806327328111E-08	0.000121931856016	0
34.425	1.60480034437256E-07	2.60938428032975E-05	7.65213347079293E-08	0.000121519292111	0
34.5916667	1.61819667786463E-07	2.59769669797892E-05	8.21019734638291E-08	0.000120801829772	0
34.7583332999999	1.64299457994892E-07	2.59125214056968E-05	8.61803297984553E-08	0.000120049774444	0
34.925	1.65079596947807E-07	2.58473702734107E-05	9.07315066626347E-08	0.000119436031773	0
35.0916667	1.6748891470714E-07	2.57475713705028E-05	9.61408614615362E-08	0.000118798662388	0
35.2583332999999	1.68621808905202E-07	2.56999329754308E-05	1.01032369626352E-07	0.000117821109253	0
35.425	1.71022034908652E-07	2.56382272952465E-05	1.07883106813704E-07	0.000117185494449	0
35.5916667	1.71058442544169E-07	2.55320901273855E-05	1.14722900790131E-07	0.000116231763143	0
35.7583332999999	1.74526750294803E-07	2.54661268732325E-05	1.20339272896351E-07	0.000115541467858	0
35.925	1.77431767564243E-07	2.5364482088774E-05	1.28178246544126E-07	0.000114537488695	0
36.0916667	1.791888246801E-07	2.52857377300234E-05	1.36004841243186E-07	0.000113657400335	0
36.2583332999999	1.82900665917312E-07	2.52353394185546E-05	1.43338687616505E-07	0.000112907435918	0
36.425	1.86310771848727E-07	2.51207814001539E-05	1.53023251724044E-07	0.000111335360826	0
36.5916667	1.88953488611279E-07	2.50506561075358E-05	1.60783810280238E-07	0.000110350163623	0
36.7583333	1.93504042090287E-07	2.49763178514105E-05	1.7183575009444E-07	0.000109274179637	0
36.925	1.97767969099759E-07	2.48677989833167E-05	1.80750655858364E-07	0.000107958091469	0
37.0916667	2.02104226224328E-07	2.47947819272135E-05	1.93881172764206E-07	0.000106697170606	0
37.2583333	2.07605775977956E-07	2.46893120926934E-05	2.04838652907547E-07	0.000105170848667	0
37.425	2.12528892207421E-07	2.45906710808753E-05	2.17562193647303E-07	0.000103911565536	0
37.5916667	2.18377398084559E-07	2.44826240767033E-05	2.30751743520484E-07	0.000102059219477	0
37.7583333	2.23802902168238E-07	2.43970306521555E-05	2.45802362220526E-07	0.000100654613671	0
37.925	2.2896497660342E-07	2.42701406890793E-05	2.60844109294137E-07	9.88508528118286E-05	0
38.0916667	2.36355595592388E-07	2.41761342098245E-05	2.78712128737826E-07	9.69287222080246E-05	0
38.2583333	2.45702900560635E-07	2.40594880159636E-05	2.95841952776194E-07	9.47907427509406E-05	0
38.425	2.52705015275744E-07	2.39031490234062E-05	3.1449747694787E-07	9.26642217254739E-05	0
38.5916667	2.61653199873885E-07	2.37783868562855E-05	3.36608718118479E-07	9.05643023797896E-05	0
38.7583333	2.71514884775752E-07	2.35970052058977E-05	3.58463938265031E-07	8.8120368635811E-05	0
38.925	2.82829543741272E-07	2.34320495284111E-05	3.82435406279102E-07	8.56104126135601E-05	0
39.0916667	2.93995825970259E-07	2.32601267173715E-05	4.08019926180538E-07	8.2695017015158E-05	0
39.2583333	3.06955060003206E-07	2.30864498455661E-05	4.38011767136128E-07	7.97596530171752E-05	0
39.425	3.22245639900822E-07	2.29029646461746E-05	4.70100169970341E-07	7.64850819197664E-05	0
39.5916667	3.36851675717684E-07	2.27238804784458E-05	5.06048810735778E-07	7.30110501439446E-05	0
39.7583333	3.60106484179322E-07	2.25703896802743E-05	5.43656891332468E-07	6.95305065297637E-05	0
39.925	3.87472472409554E-07	2.23779961751468E-05	5.88983778265549E-07	6.52192570958999E-05	0
40.0916667	4.11925532347005E-07	2.20584387650788E-05	6.41003006893994E-07	6.12136221245645E-05	0
40.2583333	4.41725767077228E-07	2.17427445581968E-05	6.96268054172474E-07	5.67662370958763E-05	0
40.425	4.71349487764375E-07	2.13938659658599E-05	7.61145600374099E-07	5.24995292373646E-05	0
40.5916667	5.084230308253E-07	2.09352993435341E-05	8.38356167764106E-07	4.80550071186207E-05	0
40.7583333	5.52826194310351E-07	2.04339727143839E-05	9.31134310975915E-07	4.36870944766483E-05	0
40.925	6.09989240040836E-07	1.97735527571153E-05	1.04770541098292E-06	3.93555563195902E-05	0
41.0916667	6.76061402106532E-07	1.89517915269531E-05	1.19158821170084E-06	3.54871135583711E-05	0
41.2583333	7.56656038320196E-07	1.78924972820444E-05	1.37629526619938E-06	3.1450985926596E-05	0
41.425	8.68896887919652E-07	1.65621688333083E-05	1.59929989177881E-06	2.75791050975697E-05	0
41.5916667	9.98456582785625E-07	1.48959865485478E-05	1.85965769257225E-06	2.39477757816844E-05	0
41.7583333	1.16948801576378E-06	1.29562086863009E-05	2.15661279751171E-06	2.01691405568853E-05	0
41.925	1.36528060408537E-06	1.08374929887605E-05	2.50173139458031E-06	1.69133967006892E-05	0
42.0916667	1.57264011528344E-06	8.6128835330356E-06	2.85075151776942E-06	1.35921032085533E-05	0
42.2583333	1.8036461358514E-06	6.36906992480278E-06	3.22336479829216E-06	1.08179834827251E-05	0
42.425	2.02108247353667E-06	4.39361519610652E-06	3.6038769680777E-06	8.33861522711011E-06	0
42.5916667	2.23907943609067E-06	2.71104347266664E-06	3.98804727963136E-06	5.77043059997828E-06	0
42.7583333	2.37805850307922E-06	1.47573974308258E-06	4.36092810965365E-06	3.71238691668552E-06	0
42.925	2.41983648859091E-06	6.78613336495492E-07	4.64482826756725E-06	2.1709016529515E-06	0
43.0916667	2.36794590265699E-06	2.61184394955714E-07	4.86898808744764E-06	1.19589257831095E-06	0
43.2583333	2.22344603816392E-06	8.56958854534993E-08	5.00693868175165E-06	6.06377335974267E-07	0
43.425	2.05230920447082E-06	3.43544096254161E-08	5.06294437626433E-06	2.97475265347279E-07	0
43.5916667	1.83267738242797E-06	1.93523850751496E-08	5.02344568359116E-06	1.54715598006694E-07	0
43.7583333	1.63252680207354E-06	1.45972597569079E-08	4.98654440196552E-06	8.28127502798477E-08	0
43.925	1.37437723170761E-06	1.35119263086077E-08	4.9024848748116E-06	5.11701929511391E-08	0
44.0916667	1.13834561589248E-06	1.64654463470064E-08	4.84852594411261E-06	3.26978680770884E-08	0
44.2583333	8.84134456253464E-07	1.51539562338725E-08	4.75552245603555E-06	1.89049112854317E-08	0
44.425	6.49934802194802E-07	1.39756232745539E-08	4.60694480395278E-06	1.51963840695897E-08	0
44.5916667	4.71651302668437E-07	1.7554742636681E-08	4.45162772941281E-06	1.18995891996414E-08	0
44.7583333	3.29285049323334E-07	1.27916779901244E-08	4.32494715000449E-06	1.13476983397911E-08	0
44.925	2.33505364849295E-07	9.1714653546039E-09	4.24099740609325E-06	8.27652722929416E-09	0
45.0916667	1.57641928425867E-07	1.06567329067815E-08	4.02289260840801E-06	7.16320081663141E-09	0
45.2583333	1.12691118830877E-07	1.24112843886435E-08	3.97563112656537E-06	1.05632293024402E-08	0
45.425	7.34168229251214E-08	1.25600855566667E-08	3.85500305986172E-06	9.68868968237398E-09	0
45.5916667	4.7703355686631E-08	9.22996995232621E-09	3.75039311084089E-06	9.97685253159497E-09	0
45.7583333	2.99358971934857E-08	1.07670966902761E-08	3.6874867428525E-06	1.07725457073336E-08	0
45.925	2.08524045541546E-08	9.90692241035863E-09	3.62867348386133E-06	8.50852088052929E-09	0
46.0916667	1.42167613281699E-08	9.30744176338404E-09	3.6030342571842E-06	8.40028184176388E-09	0
46.2583333	8.88147149640492E-09	1.02436248943049E-08	3.51643259446659E-06	9.89903544966089E-09	0
46.425	6.15205582924398E-09	8.17440414641908E-09	3.49498669492705E-06	8.4666516401588E-09	0
46.5916667	3.33498552342419E-09	9.35274987120937E-09	3.51199934557279E-06	5.81146449663762E-09	0
46.7583333	3.75600039835805E-09	1.30123935341166E-08	3.49057382040241E-06	9.45224914625952E-09	0
46.925	2.19393397521818E-09	1.04289233949302E-08	3.49261694937257E-06	7.36881441928514E-09	0
47.0916667	1.85691743105659E-09	7.41177196507748E-09	3.44277036529816E-06	8.8566493761449E-09	0
47.2583333	1.59565390529506E-09	9.36812390481319E-09	3.43513119915826E-06	8.21095712410526E-09	0
47.425	8.63330853676461E-10	9.54808772075522E-09	3.4536443118446E-06	9.46406622622358E-09	0
47.5916667	1.07166414653968E-09	1.14141839210259E-08	3.4083264276428E-06	1.05574768766667E-08	0
47.7583333	1.08256891076276E-09	8.60113647488321E-09	3.38446672784563E-06	1.02097223473369E-08	0
47.925	1.03176941872789E-09	9.18092489742549E-09	3.4200367042344E-06	8.21523559681981E-09	0
48.0916667	3.62131924798217E-10	7.99778502759112E-09	3.36148002966555E-06	1.07632656680022E-08	0
48.2583333	1.14749669242967E-09	8.41103923323586E-09	3.32494878246395E-06	1.20464873776849E-08	0
48.425	7.43182533244424E-10	8.38080793658665E-09	3.33488567510996E-06	1.02971054440538E-08	0
48.5916667	5.62546641772233E-10	7.87273559583711E-09	3.34025778937976E-06	9.97598298137635E-09	0
48.7583333	3.66708369234487E-10	1.07098976266259E-08	3.30214170647829E-06	9.9787047395507E-09	0
48.925	6.57346877452877E-10	6.06345642105362E-09	3.22610210278008E-06	1.16363070277685E-08	0
49.0916667	6.56499516678027E-10	7.04914364458664E-09	3.25934444256884E-06	9.80441008579052E-09	0
49.2583333	5.42089711540415E-10	9.3956187890039E-09	3.2524114362162E-06	7.22745076836607E-09	0
49.425	5.23472459377109E-10	8.77991298092197E-09	3.24497583102876E-06	1.0465819044851E-08	0
49.5916667	6.46501542455222E-10	7.86610902118623E-09	3.25507786437078E-06	9.64429379296761E-09	0
49.7583333	7.96786096004533E-10	8.87293610523692E-09	3.16976129788526E-06	8.96728080972096E-09	0
49.925	3.75498087031805E-10	8.84060022252102E-09	3.18302749200408E-06	7.69422258939097E-09	0
50.0916667	2.93919539112155E-10	7.64856881497582E-09	3.16041610749682E-06	1.09284345345989E-08	0
50.2583333	2.91143724733251E-10	7.15457238790237E-09	3.12912286123008E-06	9.01795096792346E-09	0
50.425	6.72434801799638E-10	6.90191835646771E-09	3.15248113841853E-06	8.31189789286015E-09	0
50.5916667	8.78064351088947E-10	9.50812685068005E-09	3.15988344348811E-06	1.04752986851587E-08	0
50.7583333	6.52435366211757E-10	1.05470940897111E-08	3.13148534482673E-06	9.08256687542995E-09	0
50.925	5.52901478986975E-10	9.27513077174093E-09	3.09264356587758E-06	1.00710973917793E-08	0
51.0916667	3.57599503083787E-10	6.75770627277527E-09	3.11903211927302E-06	1.08222966408606E-08	0
51.2583333	5.44849834156204E-10	8.08026453489442E-09	3.05893244994823E-06	1.12843698737452E-08	0
51.425	3.19348152727424E-10	7.83698774825967E-09	3.09307057929186E-06	1.03604539285483E-08	0
51.5916667	5.64995405679811E-10	8.69351807929781E-09	3.08475186359198E-06	7.31104137143777E-09	0
51.7583333	2.43623194451216E-10	1.395262405572E-08	3.00656092617555E-06	1.00034064622816E-08	0
51.925	3.09594376573741E-10	8.74028364250603E-09	3.08067671601691E-06	1.16177883455723E-08	0
52.0916667	8.34369221218244E-10	1.14092049502394E-08	3.03454770275112E-06	1.10354794835418E-08	0
52.2583333	6.61718633216531E-10	6.85788792224464E-09	2.98643550494998E-06	9.14112506680767E-09	0
52.425	5.30529603209655E-10	8.08510409569714E-09	3.0221876204337E-06	8.70352212365654E-09	0
52.5916667	4.8678145919327E-10	1.17086942139855E-08	2.99838887347446E-06	8.51183899381133E-09	0
52.7583333	7.276341301364E-10	8.03377560150552E-09	2.95557206604953E-06	1.0137244265998E-08	0
52.925	4.0111157738952E-10	8.02643911349604E-09	2.99516160072295E-06	1.00226560153516E-08	0
53.0916667	4.64251140887961E-10	8.48105342232941E-09	2.97082097763142E-06	9.22353260935939E-09	0
53.2583333	4.11745229215485E-10	9.51031587756496E-09	2.95289799774339E-06	8.20348415552547E-09	0
53.425	6.14280814044166E-10	5.32393944256028E-09	2.93306647954498E-06	9.49321971567933E-09	0
53.5916667	7.20220296742143E-10	1.03477941367167E-08	2.91998269037938E-06	1.10740184847821E-08	0
53.7583333	3.13053587538705E-10	8.28855941767423E-09	2.96416903588029E-06	1.07679255734536E-08	0
53.925	8.02235118171002E-10	9.90278976335525E-09	2.91958974279363E-06	9.34889436969299E-09	0
54.0916667	5.43443610999375E-10	7.1098287263586E-09	2.91213853538536E-06	1.06923393735239E-08	0
54.2583333	5.81124797059858E-10	6.8354046408844E-09	2.90519105736338E-06	1.0429194864733E-08	0
54.425	6.04959282982789E-10	7.87163576814491E-09	2.90710001798089E-06	1.24486455801985E-08	0
54.5916667	4.82861409495327E-10	7.9490150325012E-09	2.89258304696706E-06	9.41932065497634E-09	0
54.7583333	4.96868776274009E-10	8.24920447789475E-09	2.88712783267664E-06	1.20843662265281E-08	0
54.925	3.60055375509259E-10	7.68107841165718E-09	2.82281639011734E-06	1.12713093140876E-08	0
55.0916667	5.78278937589165E-10	9.53821069043597E-09	2.87231660871434E-06	1.17635926683013E-08	0
55.2583333	7.47429416375502E-10	6.03011710996808E-09	2.8691563863236E-06	1.15552712217059E-08	0
55.425	3.8109353005348E-10	6.55571047696785E-09	2.80676138988977E-06	1.12846208876679E-08	0
55.5916667	4.76575817625317E-10	7.52756565237132E-09	2.86124740191598E-06	1.14386722808504E-08	0
55.7583333	5.63340187663807E-10	5.6175673559421E-09	2.80150204512554E-06	1.2201978451134E-08	0
55.925	2.62332671169291E-10	5.31645725273482E-09	2.83531435334811E-06	1.2909679064411E-08	0
56.0916667	5.04027839865665E-10	8.1767715934896E-09	2.79370538250757E-06	1.27153193768297E-08	0
56.2583333	3.85097274131662E-10	7.67559444252602E-09	2.83925532828049E-06	1.17651715934051E-08	0
56.425	9.24460357070847E-10	8.8821672374368E-09	2.72624322827425E-06	1.23066646376243E-08	0
56.5916667	4.80380998316006E-10	6.94053731841838E-09	2.79341327893912E-06	1.1551243619177E-08	0
56.7583333	5.18293732211727E-10	5.14411478964444E-09	2.72453833761845E-06	1.44486138583211E-08	0
56.925	4.23599168621746E-10	9.8517693053717E-09	2.73715063276837E-06	1.43042160368738E-08	0
57.0916667	2.96666898380518E-10	9.31000631635067E-09	2.789489247846E-06	1.50527323943982E-08	0
57.2583333	4.92676500523066E-10	7.08868930842026E-09	2.71592088149446E-06	1.5496448737107E-08	0
57.425	6.22989727439991E-10	1.22361803837967E-08	2.67303318772202E-06	1.60563657331292E-08	0
57.5916667	4.38945126501227E-10	8.87623704222723E-09	2.74321500892204E-06	1.61571944362447E-08	0
57.7583333	4.6566376469845E-10	6.18894573584317E-09	2.66782621291467E-06	1.65326607112864E-08	0
57.925	7.64067987967372E-10	5.70188619898065E-09	2.70786043866291E-06	1.58411903093296E-08	0
58.0916667	3.61674105160964E-10	8.51928440165146E-09	2.71967159971035E-06	1.85888303724284E-08	0
58.2583333	3.44073307560256E-10	5.93892162527375E-09	2.63305862038656E-06	1.95824623911876E-08	0
58.425	6.08363716048753E-10	8.00697726174943E-09	2.68420502729639E-06	1.85372016084238E-08	0
58.5916667	5.56137539523035E-10	8.75134860154775E-09	2.66998957133167E-06	2.14324062588052E-08	0
58.7583333	5.74306874351095E-10	6.27141049557484E-09	2.64679710798171E-06	1.94939479600181E-08	0
58.925	6.06488502840253E-10	8.200318234152E-09	2.61378180822867E-06	2.12639455813167E-08	0
59.0916667	7.17854164779391E-10	9.81391251904925E-09	2.6401907434866E-06	2.09931648997644E-08	0
59.2583333	3.64529771460555E-10	6.31322926564834E-09	2.58293349659049E-06	1.78495536777656E-08	0
59.425	2.05688054001774E-10	8.43831538074051E-09	2.61391373294602E-06	2.38836567894803E-08	0
59.5916667	4.32902374856514E-10	6.74324646647927E-09	2.59570614855698E-06	2.06687762443467E-08	0
59.7583333	5.36427044842104E-10	5.68924120471728E-09	2.56360016610056E-06	1.96766654985709E-08	0
59.925	2.3072103651491E-10	1.10038071003334E-08	2.5358625912391E-06	2.07580827623473E-08	0
60.0916667	2.91936027879007E-10	6.24471298806116E-09	2.61090166044406E-06	2.493814871407E-08	0
60.2583333	4.11077711616597E-10	6.36241179203603E-09	2.50873863281412E-06	2.55459331036132E-08	0
60.425	3.38185302080331E-10	8.76873915017569E-09	2.55531770694588E-06	2.58660113028554E-08	0
60.5916667	5.14533877936284E-10	6.46472161988037E-09	2.51795818922501E-06	2.49990077401994E-08	0
60.7583333	5.70105195328979E-10	7.93348963445596E-09	2.51707401274996E-06	2.32873646928023E-08	0
60.925	8.35762360013453E-10	7.1745945802491E-09	2.4616016469265E-06	2.80563928365575E-08	0
61.0916667	2.40898920172651E-10	1.01264261228439E-08	2.54157205424593E-06	3.03738569764999E-08	0
61.2583333	1.9706272971987E-10	8.43985981819029E-09	2.41876278715034E-06	2.75070949570848E-08	0
61.425	3.58282013276863E-10	8.77279635505007E-09	2.49786080117271E-06	2.78393413681312E-08	0
61.5916667	3.26537400045501E-10	6.52822281802875E-09	2.45900774320155E-06	2.97534803042571E-08	0
61.7583333	4.0317952558366E-10	6.33026937064761E-09	2.43453239061179E-06	3.03148949714477E-08	0
61.925	3.83248213915159E-10	9.04702606154349E-09	2.4527854359351E-06	3.56978575605026E-08	0
62.0916667	4.12303348212734E-10	7.42592354400593E-09	2.39963197560304E-06	3.20452390458557E-08	0
62.2583333	1.31731792592259E-10	9.83203215524706E-09	2.38186722482486E-06	3.4794507272894E-08	0
62.425	2.92472929357127E-10	7.33509175614311E-09	2.40099120159969E-06	3.61346883887608E-08	0
62.5916667	3.54068702858456E-10	8.88800122419377E-09	2.39075003632672E-06	3.43451645435809E-08	0
62.7583333	5.49762404428974E-10	8.97430749799851E-09	2.33964695276525E-06	3.63352629590122E-08	0
62.925	3.57315682176494E-10	7.35505325862242E-09	2.39867705813673E-06	3.75790594143245E-08	0
63.0916667	7.04116179769659E-10	7.76748026506076E-09	2.32004661452294E-06	3.96566256913656E-08	0
63.2583333	4.15845275976017E-10	6.39965931194353E-09	2.30052333948598E-06	3.97102456206061E-08	0
63.425	1.5495622721339E-10	5.28193633279201E-09	2.33698642369549E-06	3.9930314340529E-08	0
63.5916667	2.95603790628171E-10	7.94962374171236E-09	2.30751383781653E-06	4.19281420851711E-08	0
63.7583333	3.78344263208307E-10	6.18760193633498E-09	2.29961556679897E-06	4.39414225385927E-08	0
63.925	5.30686119024587E-10	9.14120137157315E-09	2.28458969069694E-06	4.15510225860163E-08	0
64.0916666999999	4.24245345301815E-10	6.56593721230571E-09	2.26158444738744E-06	4.46186876623703E-08	0
64.2583333	3.98235132437312E-10	9.14340476167707E-09	2.25868869722657E-06	4.62538533537128E-08	0
64.425	5.39658106643574E-10	5.20186456432146E-09	2.19353142986687E-06	4.87286351569895E-08	0
64.5916666999999	7.14936992744171E-10	8.28252737849531E-09	2.23492954565837E-06	4.88962056539186E-08	0
64.7583333	5.94886930304812E-10	6.2230564546546E-09	2.19444852588783E-06	4.811631545235E-08	0
64.925	5.29953334761768E-10	5.65334188164646E-09	2.2192408906044E-06	5.16931410454956E-08	0
65.0916666999999	2.12067104708133E-10	9.24884420288733E-09	2.16623172890856E-06	5.20074161872171E-08	0
65.2583333	1.19997094744687E-10	7.16442170520465E-09	2.17359107463962E-06	5.46804127011084E-08	0
65.425	6.97545879008993E-10	6.22529042086064E-09	2.13477545954903E-06	5.46009241031233E-08	0
65.5916666999999	5.73608075622457E-10	6.84379022082339E-09	2.16330665577976E-06	5.70937271201041E-08	0
65.7583333	2.81146067887236E-10	6.52549710809349E-09	2.09267143369643E-06	5.53108906566367E-08	0
65.925	5.70350458254199E-10	6.60573591199497E-09	2.14558739252364E-06	5.79561660189513E-08	0
66.0916666999999	2.49245985358915E-10	6.39916768694641E-09	2.09424076800633E-06	5.95168408145925E-08	0
66.2583333	2.66814008329262E-10	9.31630458651499E-09	2.10494381688571E-06	6.07102929791636E-08	0
66.425	4.65743784724172E-10	6.56045947180967E-09	2.04847276067648E-06	6.21687438388666E-08	0
66.5916666999999	7.32840645689107E-10	9.3226425654259E-09	2.08477504628919E-06	6.49565936216345E-08	0
66.7583333	5.33478850852419E-10	4.87061485444999E-09	2.03359237848692E-06	6.73453573527461E-08	0
66.925	2.36282164301814E-10	6.6443853019435E-09	2.02503654555E-06	6.76411532985978E-08	0
67.0916666999999	4.12629479915753E-10	6.27603723691206E-09	2.03101311874336E-06	7.12656905088377E-08	0
67.2583333	6.10464171930399E-10	7.48771364878288E-09	2.01174389002661E-06	6.99680982855582E-08	0
67.425	3.49699132488461E-10	4.7785703313242E-09	1.96205348461386E-06	7.04341457129548E-08	0
67.5916666999999	3.11458083930277E-10	7.05296785572461E-09	1.97082432557908E-06	7.38703773298365E-08	0
67.7583333	2.893185807392E-10	7.16550897932747E-09	1.97720820988046E-06	7.67330897582395E-08	0
67.925	3.69972925356654E-10	3.63204589892067E-09	1.92998110301109E-06	7.8482824640753E-08	0
68.0916666999999	2.2270252253512E-10	7.34637895351283E-09	1.94184507789176E-06	7.73237716784532E-08	0
68.2583333	4.74341051955396E-10	8.47081423785826E-09	1.90032407368677E-06	7.99963041156179E-08	0
68.425	5.1894559282557E-10	7.28284586193151E-09	1.90322399541674E-06	8.19226724881245E-08	0
68.5916666999999	3.71211305379603E-10	7.29306232333095E-09	1.89883449029983E-06	8.51751017178392E-08	0
68.7583333	5.05048785525794E-10	5.72135977052296E-09	1.88041906167486E-06	8.55557096263307E-08	0
68.925	5.09606786985876E-10	7.6327009494025E-09	1.84487599138063E-06	8.91184666625456E-08	0
69.0916666999999	4.86602275640018E-10	3.66111094696959E-09	1.86703845527147E-06	8.80639844341756E-08	0
69.2583333	5.74444767494653E-10	4.33489460480318E-09	1.81372023529063E-06	9.11369895481302E-08	0
69.425	4.22874851323395E-10	8.16943783345335E-09	1.82179635411791E-06	9.16392649172578E-08	0
69.5916666999999	1.98570320988448E-10	7.11096159122056E-09	1.81125866528668E-06	9.32529370777347E-08	0
69.7583333	3.37743051035105E-10	8.9619255798313E-09	1.78458268518733E-06	9.86790971526442E-08	0
69.925	2.77725718140025E-10	4.91364353081224E-09	1.73816678911247E-06	9.74046820652024E-08	0
70.0916666999999	2.99967073656465E-10	4.46904061756343E-09	1.75799507565308E-06	9.86356509889062E-08	0
70.2583333	3.9043514191513E-10	6.44159367378712E-09	1.75676301840472E-06	1.01125097850566E-07	0
70.425	2.39775721670209E-10	6.6646832381564E-09	1.73790112657398E-06	1.02331810723175E-07	0
70.5916666999999	3.94250785072151E-10	5.82024815058385E-09	1.69731881873118E-06	1.07363621791714E-07	0
70.7583333	2.77536923522048E-10	6.8819519507535E-09	1.69703421034364E-06	1.10585732050762E-07	0
70.925	2.88390393274143E-10	6.57724446262981E-09	1.68228606747053E-06	1.08103440826679E-07	0
71.0916666999999	3.60215823977219E-10	7.14250213010859E-09	1.67272971035298E-06	1.09563043552941E-07	0
71.2583333	3.17035005061503E-10	7.86287219255694E-09	1.65916477744174E-06	1.13291483279832E-07	0
71.425	2.08241912688627E-10	5.05995595763661E-09	1.6238820871004E-06	1.16647890302296E-07	0
71.5916666999999	4.90745866384597E-10	6.12870403252086E-09	1.63820631229551E-06	1.1873758980461E-07	0
71.7583333	1.94170281225595E-10	6.29856751456455E-09	1.60574150133214E-06	1.18376894175904E-07	0
71.925	2.77151642661493E-10	5.00430327304779E-09	1.58372017662066E-06	1.25016018404036E-07	0
72.0916666999999	2.72564488996103E-10	6.42896942436205E-09	1.60338510115289E-06	1.26349549723043E-07	0
72.2583333	3.71633195886611E-10	8.02744484473888E-09	1.56577860007362E-06	1.30076553484968E-07	0
72.425	2.81662557882624E-10	7.4211538555602E-09	1.53464094750749E-06	1.30596518735335E-07	0
72.5916666999999	4.94844428512021E-10	7.71883635664625E-09	1.54243552947295E-06	1.30479212090545E-07	0
72.7583333	7.56621399948314E-10	7.82479366005415E-09	1.52212147707496E-06	1.32649808836052E-07	0
72.925	5.63457277770602E-10	6.45182583978794E-09	1.52190884194288E-06	1.37553041918755E-07	0
73.0916666999999	2.6866674685204E-10	6.90449595174186E-09	1.48532353056618E-06	1.38471859522275E-07	0
73.2583333	2.56596528882917E-10	7.99215675089595E-09	1.49020844157692E-06	1.38961956760838E-07	0
73.425	3.1635421234341E-10	4.98415610739574E-09	1.44917118722148E-06	1.41174772639534E-07	0
73.5916666999999	1.355924418295E-10	5.92391607515691E-09	1.46380080123013E-06	1.4726367710648E-07	0
73.7583333	6.2371200219278E-10	7.07577539782256E-09	1.43939909241722E-06	1.49758652655063E-07	0
73.925	4.18600778852128E-10	5.51262741931875E-09	1.41329469232194E-06	1.50453054108882E-07	0
74.0916666999999	2.76703213052184E-10	5.43803234846099E-09	1.40255334044423E-06	1.53236903705263E-07	0
74.2583333	2.33791527259602E-10	4.79727111902155E-09	1.4066792457232E-06	1.54953411136562E-07	0
74.425	3.95520343396528E-10	7.1174947783175E-09	1.3632928742492E-06	1.58170307528957E-07	0
74.5916666999999	3.41464715439061E-10	8.80438793895873E-09	1.35658039922399E-06	1.61269800555352E-07	0
74.7583333	1.77968375617226E-10	8.11115160456854E-09	1.37856871032882E-06	1.61907071800654E-07	0
74.925	4.6112369130756E-10	6.96215066010827E-09	1.34876657912366E-06	1.66804237279823E-07	0
75.0916666999999	3.37233106645646E-10	6.70976952747728E-09	1.32989553940922E-06	1.67842181425738E-07	0
75.2583333	1.57598017759236E-10	4.64806891490204E-09	1.31072613767521E-06	1.69869582380395E-07	0
75.425	2.39831611771729E-10	5.06665433000414E-09	1.29124606155101E-06	1.71510699462412E-07	0
75.5916666999999	3.47040019941889E-11	6.88556869614909E-09	1.29058853058437E-06	1.75380308274166E-07	0
75.7583333	1.74541316659168E-10	6.21341902310138E-09	1.29246559743868E-06	1.77475985380226E-07	0
75.925	2.85506668252191E-10	4.58559975617981E-09	1.24035715061451E-06	1.79744510998813E-07	0
76.0916666999999	3.26672373567046E-10	7.08259495782915E-09	1.25419345047193E-06	1.8290614444362E-07	0
76.2583333	3.91537452879354E-10	7.36014702551337E-09	1.23644823873045E-06	1.85136930749774E-07	0
76.425	3.73303353604238E-10	4.44237285379928E-09	1.22621534066946E-06	1.85213855787501E-07	0
76.5916666999999	2.07294214628042E-10	4.92064700354055E-09	1.2256915680318E-06	1.92038553871134E-07	0
76.7583333	3.48346336901251E-10	7.14497362877574E-09	1.20248750427202E-06	1.92940339630636E-07	0
76.925	3.24970047606412E-10	5.83829262360258E-09	1.18566959367013E-06	1.95493345758411E-07	0
77.0916666999999	1.13503264007148E-10	5.60209488227434E-09	1.17089372725907E-06	1.97194577052724E-07	0
77.2583333	1.9646183979704E-10	5.57576401869748E-09	1.15850370991692E-06	2.02127535564004E-07	0
77.425	4.4604619702118E-10	7.18116801132198E-09	1.17052680620189E-06	2.05073373734623E-07	0
77.5916666999999	2.9147680223444E-10	6.35991981938272E-09	1.13374528046908E-06	2.08240506772747E-07	0
77.7583333	9.59352859868948E-11	4.8615139727628E-09	1.13420521937977E-06	2.08093856043021E-07	0
77.925	6.59357519752313E-11	5.97773279365086E-09	1.12031611877788E-06	2.12002901414842E-07	0
78.0916666999999	4.87137021131197E-10	7.86348677322361E-09	1.10411006946112E-06	2.14476984743798E-07	0
78.2583333	3.12212289647461E-10	3.91309520918144E-09	1.09750476289813E-06	2.1784878569339E-07	0
78.425	4.25781201397711E-10	5.27853040397686E-09	1.08055217904247E-06	2.19105037089549E-07	0
78.5916666999999	1.55750216872809E-10	4.06590683690962E-09	1.08286958345712E-06	2.22239170729036E-07	0
78.7583333	2.8368020968685E-10	7.07561620439883E-09	1.03860506375053E-06	2.24799361903902E-07	0
78.925	2.68441158746694E-10	4.89349662053789E-09	1.07208291979009E-06	2.28677528804355E-07	0
79.0916666999999	2.87107306137719E-10	7.28388669319579E-09	1.02820956532078E-06	2.29599966765053E-07	0
79.2583333	3.57670319527006E-10	3.51398063591211E-09	1.03729599353248E-06	2.32528245748916E-07	0
79.425	2.93900715352759E-10	4.17486061363308E-09	1.03754824497045E-06	2.36409196047509E-07	0
79.5916666999999	9.92119179145963E-11	6.43308352627508E-09	9.94055851441612E-07	2.36409746507146E-07	0
79.7583333	1.79529498807704E-10	4.90754873219665E-09	9.99576941486661E-07	2.40702881688782E-07	0
79.925	1.80190503291685E-10	4.61738399190043E-09	9.81659483701358E-07	2.41126526132312E-07	0
80.0916666999999	1.81604389905876E-10	5.00822956649973E-09	9.97315556569104E-07	2.43408171262165E-07	0
80.2583333	3.59006303014571E-10	5.549940624455E-09	9.59458912584568E-07	2.45756048302691E-07	0
80.425	5.90152927340692E-10	4.93809950617113E-09	9.7996156783154E-07	2.49950753770854E-07	0
80.5916666999999	4.23858185279435E-10	5.36079515589416E-09	9.38780303492428E-07	2.54316000329023E-07	0
80.7583333	2.98186888888563E-10	5.26334979061046E-09	9.37622707583119E-07	2.56229632067366E-07	0
80.925	4.60696749364856E-10	4.89968043315537E-09	9.3522938620414E-07	2.57954119442655E-07	0
81.0916666999999	2.68280808140686E-10	5.51929487977288E-09	9.30953464733452E-07	2.59158902426066E-07	0
81.2583333	2.28859149184555E-10	6.13101830573158E-09	9.1706904808218E-07	2.67112636357609E-07	0
81.425	2.46246622571857E-10	3.20374969837748E-09	9.10719648319026E-07	2.66512035906327E-07	0
81.5916666999999	1.84309823151647E-10	4.32562757462674E-09	9.09463213187892E-07	2.70106683443389E-07	0
81.7583333	9.0718137737593E-11	4.1023130449511E-09	8.89610425032248E-07	2.69991152690606E-07	0
81.925	1.80030735994565E-10	5.00860216667559E-09	8.72635972809929E-07	2.725872814501E-07	0
82.0916666999999	2.32747406079618E-10	6.36279686810407E-09	8.65755305200315E-07	2.73050679952967E-07	0
82.2583333	2.14697360296587E-10	4.58019629781925E-09	8.66185310967757E-07	2.7709260171109E-07	0
82.425	3.05529783917199E-10	4.70188529120648E-09	8.73848851231564E-07	2.80045028508309E-07	0
82.5916666999999	4.02750797283311E-10	4.66244401718243E-09	8.45563275970438E-07	2.80562493809196E-07	0
82.7583333	1.98686755175519E-10	4.96500874409106E-09	8.34664256439442E-07	2.83131693275645E-07	0
82.925	2.32818192879248E-10	4.01470635911412E-09	8.45000488041965E-07	2.86805690879578E-07	0
83.0916666999999	2.00192821076969E-10	6.50296005535839E-09	8.30542830022691E-07	2.91470081498581E-07	0
83.2583333	8.28954994165955E-11	4.28918555223765E-09	8.24109963292109E-07	2.93477493044638E-07	0
83.425	2.85907937035664E-11	4.54587764973932E-09	8.27355284487251E-07	2.95436834237432E-07	0
83.5916666999999	3.21445443917876E-10	2.4289095681073E-09	8.1423764699447E-07	2.94785475638138E-07	0
83.7583333	2.55383786789993E-10	5.88196624708638E-09	8.09321163379161E-07	2.97955580978757E-07	0
83.925	1.81256614471214E-10	4.11755238633658E-09	8.00303334439526E-07	2.99511547367045E-07	0
84.0916666999999	2.85724747715743E-10	4.64309869630141E-09	7.87564549793898E-07	3.06242348079059E-07	0
84.2583333	1.47659924094872E-10	4.70964423814686E-09	7.90683500514187E-07	3.08405492681655E-07	0
84.425	2.66802711163889E-10	5.69663986135203E-09	7.88441356844957E-07	3.08528308215679E-07	0
84.5916666999999	3.44964398696205E-10	5.13957929504087E-09	7.77635433415347E-07	3.11792206173709E-07	0
84.7583333	5.24289430106287E-10	7.32889383055229E-09	7.65409477590369E-07	3.13508385165958E-07	0
84.925	7.3932102113817E-11	6.06548313050658E-09	7.66598250243717E-07	3.13543060009772E-07	0
85.0916666999999	1.72106720330777E-10	4.43535830139117E-09	7.57005628009557E-07	3.15744653525781E-07	0
85.2583333	3.30891476857798E-10	3.76779439745864E-09	7.58039757815055E-07	3.17095142465768E-07	0
85.425	9.6144479657374E-11	3.9922090245715E-09	7.59393602969122E-07	3.22250673644619E-07	0
85.5916666999999	8.53718219856752E-11	4.83239315829903E-09	7.32277580210229E-07	3.24352986832742E-07	0
85.7583333	2.78905907768747E-10	4.57212322838617E-09	7.42610426220078E-07	3.23637742785608E-07	0
85.925	4.11221011065082E-10	3.35854878680328E-09	7.2351140046821E-07	3.29139377348296E-07	0
86.0916666999999	5.87760803511029E-11	5.35377573222717E-09	7.38707336002825E-07	3.29473185545855E-07	0
86.2583333	2.47986841063302E-10	5.84964842982125E-09	7.30348098715895E-07	3.31522283213281E-07	0
86.425	2.90380507401713E-10	5.35786462444592E-09	7.23016768811209E-07	3.33241290771285E-07	0
86.5916666999999	4.82401953771965E-10	5.16541316100109E-09	7.16269767132274E-07	3.34638749542795E-07	0
86.7583333	4.02314211084739E-10	6.22589734010761E-09	7.16434800656106E-07	3.37535974641658E-07	0
86.925	4.43551002585615E-11	5.74837812354731E-09	7.16611299796116E-07	3.41411571524242E-07	0
87.0916666999999	2.50094388783533E-10	4.46115267127045E-09	7.03482918931724E-07	3.4030390552441E-07	0
87.2583333	8.44044906140952E-11	4.7593147200242E-09	7.06031645201567E-07	3.43891566771068E-07	0
87.425	2.75806198888169E-10	3.84339224554978E-09	7.00904823698331E-07	3.45749873968656E-07	0
87.5916666999999	2.63548172476916E-10	5.61537496196E-09	7.13378795873759E-07	3.47607384022591E-07	0
87.7583333	3.40446499204202E-11	4.61432028093504E-09	7.00479028210355E-07	3.47215175041057E-07	0
87.925	1.97856180269476E-10	7.15868592470108E-09	6.85828768883479E-07	3.53158484844455E-07	0
88.0916666999999	2.84580449840248E-10	4.9823441169258E-09	7.00227371069128E-07	3.52897186489127E-07	0
88.2583333	1.98173468661646E-10	3.27237766641602E-09	6.83533522629436E-07	3.55640311812853E-07	0
88.425	3.55915390541218E-10	6.16549036150659E-09	6.82340246144826E-07	3.55317036009885E-07	0
88.5916666999999	7.74845030887851E-11	4.85081804114045E-09	6.81928119297694E-07	3.57077892995444E-07	0
88.7583333	1.87259786433359E-10	5.35826073503918E-09	6.83487293923355E-07	3.59123847406227E-07	0
88.925	1.22202755336898E-10	5.31486988868689E-09	6.8069067556708E-07	3.62507510208914E-07	0
89.0916666999999	1.35416490778865E-10	3.78929600384788E-09	6.82405297402404E-07	3.63207032160359E-07	0
89.2583333	1.73175459110078E-10	3.82220544087211E-09	6.7874144576932E-07	3.63217148171806E-07	0
89.425	1.06191650107799E-10	3.66149759315963E-09	6.75747757390438E-07	3.65971888076142E-07	0
89.5916666999999	3.16375772241286E-10	3.85354248958721E-09	6.75251180845618E-07	3.67275483726631E-07	0
89.7583333	4.28805426639606E-11	5.38967993093051E-09	6.82529584052748E-07	3.69919024155246E-07	0
89.925	2.94355810300131E-10	4.07714767865999E-09	6.62094099969459E-07	3.69703604975691E-07	0
90.0916666999999	2.58667548245312E-10	5.39861568798277E-09	6.74643914776519E-07	3.72534733802904E-07	0
90.2583333	2.95713911117802E-10	4.89101370459899E-09	6.80755706920151E-07	3.73152760283684E-07	0
90.425	9.8792020463343E-11	3.94096050911413E-09	6.77272615042422E-07	3.71726121588335E-07	0
90.5916666999999	3.36019973219715E-10	4.92733930353096E-09	6.82621988091794E-07	3.7432993005046E-07	0
90.7583333	4.43632774503657E-10	5.37427016670552E-09	6.80364866598802E-07	3.76683005879668E-07	0
90.925	1.89167589209355E-10	3.49296336999211E-09	6.92018233163811E-07	3.77238302256294E-07	0
91.0916666999999	5.30631563544492E-11	4.70554742869927E-09	6.86982319061866E-07	3.75738709059413E-07	0
91.2583333	3.6637088538944E-11	3.98845910141945E-09	6.8330011600694E-07	3.76633319532266E-07	0
91.425	4.23692115612481E-10	6.25801472787125E-09	6.96415489687732E-07	3.76603100649536E-07	0
91.5916666999999	1.26021400642228E-10	4.84543074063313E-09	6.92132669944352E-07	3.7681560455446E-07	0
91.7583333	2.26744285333634E-10	4.49278031604559E-09	7.1261822982873E-07	3.79254872694905E-07	0
91.925	8.88075209609984E-11	5.00126722662182E-09	7.1835613045882E-07	3.76114251749233E-07	0
92.0916666999999	1.61362371815788E-10	4.46371735434209E-09	7.19541558964059E-07	3.76313386960817E-07	0
92.2583333	3.38457938248994E-10	7.25484231990562E-09	7.11362448183611E-07	3.71408724987016E-07	0
92.425	4.46110906983977E-10	4.59658522975752E-09	7.41392690423586E-07	3.72339245725158E-07	0
92.5916666999999	2.89225318393971E-10	8.01679015949217E-09	7.30823763786648E-07	3.73756314676367E-07	0
92.7583333	2.4500235827534E-10	4.58202245208896E-09	7.36916998521984E-07	3.69085645494185E-07	0
92.925	2.20135120621399E-10	6.59448189930066E-09	7.48579094903339E-07	3.67786512427947E-07	0
93.0916666999999	1.89759919489908E-10	3.97077302684523E-09	7.51049533027835E-07	3.6937724615579E-07	0
93.2583333	2.10805467849165E-10	5.30165615112843E-09	7.61133176788868E-07	3.66131538549026E-07	0
93.425	4.91498473700556E-10	6.45549564050183E-09	7.62488946487711E-07	3.6956753964335E-07	0
93.5916666999999	2.8449615008681E-10	5.12740874699111E-09	7.67144783350243E-07	3.66848358767949E-07	0
93.7583333	1.63149143309049E-10	6.14617591519934E-09	7.65279795819963E-07	3.63098748337183E-07	0
93.925	1.99757220154445E-10	5.71366881716964E-09	7.83884824106797E-07	3.60784014056808E-07	0
94.0916666999999	1.39831308335558E-10	4.63685828520591E-09	7.92155284302556E-07	3.62382845226242E-07	0
94.2583333	3.85268214647277E-10	3.86048123698309E-09	7.86007537359022E-07	3.60256423066935E-07	0
94.425	1.23987692243402E-10	3.45190682822274E-09	7.84700740625018E-07	3.62446432809215E-07	0
94.5916666999999	3.4003229613823E-10	4.61147456275704E-09	7.98999288123232E-07	3.59084734550659E-07	0
94.7583333	1.26415151445474E-10	3.69609248281746E-09	8.09748052722783E-07	3.59960186036345E-07	0
94.925	3.07958719741692E-10	5.57650046103302E-09	8.1353013257631E-07	3.56175863834758E-07	0
95.0916666999999	6.90038949966371E-11	6.64710466125142E-09	8.30671266848918E-07	3.55553594075269E-07	0
95.2583333	1.62205319998594E-10	3.51829389657114E-09	8.21773375129701E-07	3.53128747400857E-07	0
95.425	1.16661471137902E-10	6.58441130251167E-09	8.36110099626547E-07	3.5232895411223E-07	0
95.5916666999999	2.42029609272827E-10	5.77078616536531E-09	8.26772635676174E-07	3.5221074474625E-07	0
95.7583333	2.778454011516E-10	4.04623472895231E-09	8.31844848843379E-07	3.47598537737703E-07	0
95.925	3.22474279666295E-10	4.50910508918496E-09	8.43576340608063E-07	3.49866109910115E-07	0
96.0916666999999	2.92510867784056E-10	3.97053802952516E-09	8.49374528607121E-07	3.52030144877008E-07	0
96.2583333	1.58483681710457E-10	4.27430059437312E-09	8.46645048754153E-07	3.4751820211794E-07	0
96.425	3.28024807846158E-10	6.59206415016299E-09	8.59556988477819E-07	3.46388784592272E-07	0
96.5916666999999	2.06935663106979E-10	6.69032739328593E-09	8.64370688967464E-07	3.44037281182339E-07	0
96.7583333	3.15949214596428E-10	6.83393377390873E-09	8.65378062701095E-07	3.42952707235892E-07	0
96.925	2.16534285558273E-10	4.64129781055415E-09	8.93420313704286E-07	3.41864718745955E-07	0
97.0916666999999	2.55878045304795E-10	5.22011566718433E-09	9.1666031022728E-07	3.44799277470637E-07	0
97.2583333	5.38184805778129E-10	6.32308560653966E-09	8.99570228521474E-07	3.44687997671847E-07	0
97.425	1.51981066373837E-10	5.09314390726513E-09	9.06098210491011E-07	3.45861841821429E-07	0
97.5916666999999	3.25012454345683E-10	4.69154513668454E-09	9.15725465768293E-07	3.4556400927436E-07	0
97.7583333	2.07232253800668E-10	4.66992670760639E-09	9.20638161909504E-07	3.4121384474962E-07	0
97.925	3.03185935385241E-10	5.26423359611077E-09	9.13697372146643E-07	3.39245572502125E-07	0
98.0916666999999	4.05142575370565E-10	6.22315252595173E-09	9.23748188447421E-07	3.39961941769398E-07	0
98.2583333	2.87489726193149E-10	5.12565968756924E-09	9.18592987512333E-07	3.38140883342836E-07	0
98.425	2.61988997128148E-10	4.17743400890637E-09	9.28797015919355E-07	3.36748911883878E-07	0
98.5916666999999	1.74728137297968E-10	5.41157109664881E-09	9.32166982090102E-07	3.35739865213655E-07	0
98.7583333	2.85530869451955E-10	4.28942764611317E-09	9.31185095896043E-07	3.33003882360313E-07	0
98.925	2.60351495436083E-10	4.71663862294044E-09	9.2927502913172E-07	3.29845709870396E-07	0
99.0916666999999	1.99864206690547E-10	5.54918856619131E-09	9.4917121787395E-07	3.29918129228076E-07	0
99.2583333	2.23029458568018E-10	5.09616540525176E-09	9.27640065765502E-07	3.26840096066049E-07	0
99.425	3.7994838216309E-10	3.40245730462491E-09	9.42753414299659E-07	3.27792657097499E-07	0
99.5916666999999	8.93477883099344E-11	5.19054265867642E-09	9.37991795433564E-07	3.2762348875978E-07	0
99.7583333	2.56169341834454E-10	4.45945790386151E-09	9.52923746982213E-07	3.26745967205077E-07	0
99.925	1.49977661232922E-10	3.89593723240022E-09	9.61253727492197E-07	3.23523824961036E-07	0
100.091667	1.8893453868587E-10	2.53825569963331E-09	9.58743054095162E-07	3.22043943177315E-07	0
100.258333	4.04465780650765E-10	6.08159841238517E-09	9.47691742084906E-07	3.21203617334428E-07	0
100.425	2.30547574369587E-10	3.30130421195897E-09	9.62341906590554E-07	3.19555125177929E-07	0
100.591667	3.0043260606941E-10	6.05140800288493E-09	9.6532070305101E-07	3.18103853745166E-07	0
100.758333	1.74613885824037E-10	5.55220493390367E-09	9.84237711101475E-07	3.19463026958531E-07	0
100.925	3.13446283120471E-10	2.6165854868104E-09	9.76370644674711E-07	3.19025912326387E-07	0
101.091667	1.92545326550107E-10	4.48545135771312E-09	9.80811170002852E-07	3.17802662569206E-07	0
101.258333	2.11170604698631E-10	4.95870002964847E-09	9.97148199726918E-07	3.16991253240007E-07	0
101.425	5.94455757323179E-10	4.3544744707721E-09	9.8652164618917E-07	3.15159190011897E-07	0
101.591667	2.87531322022586E-10	5.49494894120339E-09	9.87804920442024E-07	3.14614481407912E-07	0
101.758333	4.35347045743257E-10	6.67763200016415E-09	9.81800391360781E-07	3.14527483584506E-07	0
101.925	3.25043026803723E-10	5.17311271367396E-09	1.00461994889798E-06	3.13377822810337E-07	0
102.091667	1.42079142956468E-10	5.91429721635659E-09	9.9102070397826E-07	3.12423792736918E-07	0
102.258333	2.48512798803444E-10	5.5051753163532E-09	1.00915946974123E-06	3.12224595742961E-07	0
102.425	2.81855700782609E-10	2.90582993293997E-09	1.00129958900104E-06	3.12077399501607E-07	0
102.591667	1.62218513664256E-10	4.44046545779796E-09	9.99189869233382E-07	3.10749577115873E-07	0
