time	N2O	NO	NH3	CO	H2
0.091666667	0	2.11938642427987E-09	3.73363561227539E-10	0.000161667125036	0
0.258333333	0	7.60681523756455E-09	3.96263281458365E-10	0.000162038776839	0
0.425	0	1.03533013345222E-08	1.35724262839803E-09	0.000162556417776	0
0.591666666999999	0	2.43616857329201E-09	7.61600857165885E-10	0.000161688125417	0
0.758333332999999	0	1.74569920040048E-08	9.26710741635355E-10	0.000161962259225	0
0.925	0	1.5666796122247E-08	2.72449666054696E-10	0.000162149391707	0
1.09166667	0	8.92923151957454E-09	4.37813285288347E-10	0.000162101784483	0
1.25833333	0	1.26686511395333E-08	6.73803656074747E-10	0.000161784792388	0
1.42499999999999	0	1.04335735911201E-08	3.35196998066288E-11	0.000161943292323	0
1.59166667	0	1.76110159673925E-08	2.24026780826207E-10	0.000162795936564	0
1.75833333	0	4.60028810768103E-09	1.54950033559217E-10	0.000162097971583	0
1.925	0	7.81057007638783E-09	8.54023104188242E-10	0.000161982249029	0
2.09166666999999	0	6.00737261302248E-09	4.2067276878941E-11	0.000161864817735	0
2.25833333	0	8.40568481261235E-09	2.62043681535966E-10	0.00016260996102	0
2.425	0	1.53634422907902E-08	2.33737094757027E-10	0.000162499039918	0
2.59166667	0	8.00452173068595E-09	1.01976823202263E-09	0.000162004454897	0
2.75833333	0	1.52680099075853E-08	4.21460235465289E-10	0.000162632945515	0
2.925	0	1.32047711397222E-08	1.17569013874103E-10	0.000162467276001	0
3.09166667	0	8.98896400405086E-09	5.65419980617262E-10	0.000162267798668	0
3.25833333	0	7.2882627906386E-09	4.31194504412311E-10	0.000163067560465	0
3.425	0	8.05470171219145E-09	3.6312570760561E-10	0.000162298234094	0
3.59166667	0	4.56482930156041E-09	3.84840416568827E-10	0.000162520956665	0
3.75833333	0	4.81505318002669E-09	3.99266774820897E-10	0.000162712163134	0
3.925	0	6.29149614483517E-09	0	0.000162774242678	0
4.09166667	0	1.33279215372826E-08	4.23568373372417E-10	0.000162314405782	0
4.25833333	0	1.37547390498376E-08	5.87983941968563E-10	0.000162738646145	0
4.425	0	7.45242406490281E-09	1.52312923936885E-09	0.000163222357671	0
4.59166667	0	1.64748598844585E-08	8.26461973458896E-10	0.000162990953401	0
4.75833333	0	6.66549817274458E-09	8.98990644684481E-10	0.000162716223007	0
4.925	0	9.23466809664399E-09	7.25208105175504E-10	0.000162987497922	0
5.09166667	0	7.29141649230073E-09	3.26017928740591E-10	0.000162661094924	0
5.25833333	0	7.08685356673853E-09	5.33126803519122E-11	0.000163228334238	0
5.425	0	8.78454092551722E-09	0	0.000162947281133	0
5.59166667	0	7.04779216220047E-09	0	0.000162374057233	0
5.75833333	0	1.49315449996564E-08	1.97868163414048E-10	0.000162504380424	0
5.925	0	7.73755993505663E-09	7.98976169076686E-10	0.000162846855372	0
6.09166667	0	7.9668029266175E-09	6.59165177216607E-11	0.000162926736729	0
6.25833333	0	8.63580957257858E-09	3.34326431367084E-11	0.000162490005539	0
6.425	0	6.57158864680762E-09	6.68815535575055E-10	0.000162462703783	0
6.59166667	0	1.1528373949712E-08	8.03643299304501E-10	0.000162668329312	0
6.75833332999999	0	6.44306591804739E-09	1.7404434289611E-10	0.000162644909769	0
6.925	0	1.302117491099E-08	1.7293503023376E-09	0.00016273560647	0
7.09166667	0	1.1537015329885E-08	1.15396374830404E-09	0.00016263439934	0
7.25833332999999	0	1.86792085179974E-08	8.34571619192512E-10	0.000162477816541	0
7.425	0	1.258235115064E-08	1.16990272504516E-09	0.000162978712401	0
7.59166667	0	1.19701944177653E-08	3.62129791639114E-10	0.000162956630173	0
7.75833332999999	0	5.99496531315645E-09	3.36688543144087E-10	0.000162660617859	0
7.925	0	5.2821077607974E-09	4.14444373077301E-10	0.000162512244966	0
8.09166667	0	6.40910549778269E-09	4.56783195208727E-10	0.000163525432375	0
8.25833333	0	7.62652846695746E-09	8.89291031021688E-10	0.000162692580603	0
8.425	0	1.02322214844293E-08	6.78683519916374E-10	0.00016308236674	0
8.59166667	0	7.24422405173302E-09	9.73278504317094E-10	0.000163140986431	0
8.75833333	0	9.15480480615926E-09	2.37981251089862E-09	0.000162805833537	0
8.925	0	1.9404140605974E-08	6.27148023837255E-10	0.000162847699139	0
9.09166667	0	1.07591682930932E-08	3.49286457135744E-10	0.000162471128674	0
9.25833333	0	8.2913933672891E-09	8.94611747346101E-10	0.000163132866051	0
9.425	0	5.98988372872346E-09	4.03339540698844E-10	0.000162468901409	0
9.59166667	0	1.05431910793688E-08	3.41067476471297E-10	0.000163280543661	0
9.75833333	0	3.27178259561617E-09	1.20139641121294E-09	0.000162952065514	0
9.925	0	8.22156111201307E-09	1.43047200563898E-09	0.000162787698739	0
10.0916667	0	1.58649462856136E-08	4.12017712196896E-10	0.000162864930703	0
10.2583333	0	1.38665103473271E-08	3.11541824597098E-10	0.000162728297468	0
10.425	0	9.31277919419187E-09	3.07938880102322E-10	0.000162889992495	0
10.5916667	0	1.24271159877428E-08	1.5124862065447E-09	0.000163178748138	0
10.7583333	0	1.83974287730518E-08	5.07329312765921E-10	0.000162957457419	0
10.925	0	1.61762184830908E-08	1.01708788023592E-09	0.000163279142186	0
11.0916667	0	1.34304258502182E-08	6.73868929060304E-10	0.000163160998627	0
11.2583333	0	6.46394241046141E-10	4.80005219203224E-10	0.000162844274022	0
11.425	0	1.01809990987128E-08	0	0.000163189862554	0
11.5916667	0	7.31943238540711E-09	8.97592174266237E-10	0.000162752080721	0
11.7583333	0	5.27484751922577E-09	9.1881234392629E-10	0.000162999276398	0
11.925	0	7.71657966317413E-09	6.34892340866356E-11	0.000162986740434	0
12.0916667	0	1.38127444027765E-08	0	0.00016274746049	0
12.2583333	0	4.90473897690366E-09	9.79092429265009E-10	0.000162373932171	0
12.425	0	1.01917638164045E-08	1.42818553817765E-09	0.000161884174044	0
12.5916667	0	8.02108809517681E-09	1.55764494409283E-09	0.00016227474325	0
12.7583333	0	3.55471940330379E-09	9.31278658248852E-10	0.000162020610646	0
12.925	0	8.33334605012125E-09	1.9376489703124E-10	0.000162060221381	0
13.0916667	0	8.98477729436884E-09	7.83324050680393E-10	0.000161713702453	0
13.2583333	0	7.45270613427222E-09	6.13710991947995E-10	0.0001617691335	0
13.425	0	8.31147427066493E-09	2.94934752840084E-10	0.000161033868824	0
13.5916667	0	7.47295958633946E-09	1.27400145758139E-09	0.000161688520079	0
13.7583333	0	1.07819580200502E-08	3.55407529335847E-10	0.000161469599486	0
13.925	0	3.07440815840136E-09	1.66116975450853E-10	0.000160494992093	0
14.0916667	0	8.12519879719999E-09	3.72059761233214E-10	0.000160509745833	0
14.2583333	0	5.95130363425745E-09	3.44425908003659E-10	0.000160593395833	0
14.425	0	1.06369179224248E-08	4.62264747951895E-10	0.000160499793614	0
14.5916667	0	7.18258320659511E-09	3.10732006473805E-10	0.000160252504885	0
14.7583333	0	1.52647480935392E-08	2.24312308827072E-10	0.000160138900454	0
14.925	0	6.95593408472601E-09	1.40427417520071E-10	0.000160067653483	0
15.0916667	0	8.82531223862869E-09	7.34963850067808E-10	0.000159391572945	0
15.2583333	0	9.60790202312088E-09	3.86554408758795E-10	0.000159324592773	0
15.425	0	4.6856807352256E-09	2.73087325413564E-10	0.000159701035719	0
15.5916667	0	2.44848787115362E-09	4.45682040629524E-10	0.000158871307074	0
15.7583333	0	2.33201649560451E-09	1.77149706034313E-10	0.000158539253747	0
15.925	0	9.18604050491731E-09	4.90052522160561E-11	0.000158429626629	0
16.0916666999999	0	1.7305050425102E-09	5.55035770001606E-10	0.000158509528882	0
16.2583333	0	1.30178705471067E-08	6.43425113346498E-10	0.000158216132048	0
16.425	0	6.74167034091033E-09	3.93090371449638E-10	0.000157488895824	0
16.5916666999999	0	1.44111532048598E-08	1.12174949469108E-09	0.000157797111586	0
16.7583333	0	1.16359719142031E-08	5.74492890442307E-10	0.000157618192324	0
16.925	0	8.21357165335163E-09	1.75192017230964E-09	0.000157169766374	0
17.0916666999999	0	7.47083306520742E-09	8.97865989512124E-10	0.000157135038373	0
17.2583333	0	4.48793719956165E-09	8.38794739418854E-10	0.000156657199834	0
17.425	0	1.94669528498286E-08	1.24181236587733E-09	0.000155638510239	0
17.5916666999999	0	3.45686754757811E-09	1.57731361051292E-10	0.000155843843978	0
17.7583333	0	1.1006021010546E-08	1.23430319726729E-10	0.000155857118137	0
17.925	0	3.00694268436057E-09	2.84908201617172E-10	0.000155565729342	0
18.0916666999999	0	1.14259887263515E-08	9.60199498092124E-10	0.000155079660297	0
18.2583333	0	7.93985879799694E-09	7.38861420577682E-10	0.000154860846527	0
18.425	0	1.09900508202289E-08	1.86301619196576E-09	0.000154607911917	0
18.5916666999999	0	7.26471901710411E-09	2.54539866190016E-10	0.000154212196198	0
18.7583333	0	9.53512372191703E-09	8.45841542576136E-10	0.000153686767016	0
18.925	0	1.33284776883279E-08	4.28606183230247E-10	0.000153320339401	0
19.0916666999999	0	1.03072742024234E-08	4.36521480425352E-10	0.000152898978233	0
19.2583333	0	4.40594678624111E-09	8.93689457645663E-10	0.000153445580376	0
19.425	0	5.57988359949507E-09	0	0.000152813862838	0
19.5916666999999	0	9.69879206028635E-09	2.01744033265832E-10	0.000152195034324	0
19.7583333	0	6.34833569115321E-09	1.42849161968285E-09	0.000152153173302	0
19.925	0	8.85635249259003E-09	5.92321628277409E-10	0.000152246920239	0
20.0916666999999	0	1.05696855509219E-08	5.28528480456002E-10	0.000151618386581	0
20.2583333	0	1.11487529231102E-08	1.20749839955747E-09	0.00015165533191	0
20.425	0	6.42877962964642E-09	6.88855031335151E-11	0.000150674499176	0
20.5916666999999	0	9.00308473424609E-09	5.53131856261813E-10	0.000150259608417	0
20.7583333	0	1.49216070372381E-08	6.29501094340249E-10	0.000149779669625	0
20.925	0	8.61479250611439E-09	8.76486401342564E-10	0.000149608098447	0
21.0916666999999	0	7.41289429597879E-09	1.37121783810136E-09	0.000149075874102	0
21.2583333	0	1.03353127478892E-08	4.73141299122687E-10	0.000148840212773	0
21.4249999999999	0	7.18202881375411E-09	9.12559731892487E-10	0.00014924419532	0
21.5916666999999	0	3.60789554161762E-09	4.93424064651503E-10	0.000148957266859	0
21.7583333	0	5.58075641416856E-09	7.12123531726371E-10	0.000148746783362	0
21.9249999999999	0	1.35101234842848E-08	2.68653106132297E-10	0.000148289363586	0
22.0916666999999	0	1.3221716025835E-08	8.81679324689397E-10	0.000147581197657	0
22.2583333	5.62836697871532E-11	1.20267007615315E-08	6.54573726518428E-10	0.00014771147611	0
22.4249999999999	0	1.03876493965466E-08	9.75002031964585E-10	0.000147252520584	0
22.5916666999999	0	1.43673132704079E-08	6.64253299536895E-10	0.000146906019853	0
22.7583333	0	1.10236361426847E-08	1.20165019483974E-09	0.000146509557566	0
22.9249999999999	0	1.1014446315385E-08	5.68372909002448E-10	0.000145947537212	0
23.0916666999999	0	1.30285044902783E-08	4.8916491316585E-10	0.00014565271914	0
23.2583333	0	9.18486588379195E-09	6.25406564733642E-10	0.00014606598757	0
23.4249999999999	0	1.07341346983006E-08	8.57767406591236E-10	0.000144942537015	0
23.5916666999999	0	1.19072227602597E-08	4.49799147882003E-10	0.000144936440315	0
23.7583333	0	3.47740230769204E-09	1.38645713707811E-09	0.000144749599886	0
23.9249999999999	0	5.40748877566517E-09	7.86581965883254E-10	0.000144159440498	0
24.0916666999999	0	6.23231578727595E-09	5.37566124431668E-10	0.000143355088071	0
24.2583333	0	3.09623263099917E-09	5.64484813209307E-10	0.000143307478404	0
24.4249999999999	0	4.7676703765463E-09	1.01177734513701E-09	0.000143230787453	0
24.5916666999999	0	6.68224553620618E-09	7.43730511872113E-10	0.000142752785736	0
24.7583333	0	8.52919530253551E-09	1.72469000610741E-09	0.000142200728647	0
24.9249999999999	0	8.54719412283527E-09	2.09096567041426E-09	0.000141893864715	0
25.0916666999999	0	1.19748780482435E-08	1.06479390694888E-09	0.000141677426474	0
25.2583333	0	1.65142768454361E-08	6.27639536342637E-10	0.000141516691324	0
25.4249999999999	0	1.14057755447081E-08	1.67301210480818E-09	0.000141156898517	0
25.5916666999999	0	1.28485240020612E-08	1.67813135778948E-09	0.000140197901094	0
25.7583332999999	0	4.97378485008602E-09	1.14714305204347E-09	0.000140530092316	0
25.925	0	5.05411701982159E-09	1.68566509454546E-09	0.000139787354201	0
26.0916667	0	1.27467011553319E-08	2.08554331929414E-09	0.000139850116122	0
26.2583332999999	0	1.40788390594379E-08	6.62694042164941E-10	0.000139296020596	0
26.425	0	9.42467998786678E-09	1.47239193031434E-09	0.000138666868905	0
26.5916667	0	1.04622426144409E-08	1.85564284015985E-09	0.000139132921338	0
26.7583332999999	0	8.04432694106832E-09	1.77906105329927E-09	0.000138305739444	0
26.925	0	6.90798255738109E-09	1.25644922427843E-09	0.000138416002025	0
27.0916667	0	5.10100887873646E-09	2.72923639944938E-09	0.000137667998019	0
27.2583332999999	0	2.72134293079519E-09	1.91133070699592E-09	0.000137701092636	0
27.425	0	2.46139098267024E-09	3.56654415472155E-09	0.000137256743513	0
27.5916667	0	8.12186857689499E-09	3.73459475794127E-09	0.000136621106266	0
27.7583332999999	0	7.74545710030862E-09	3.20785697155695E-09	0.000135961746872	0
27.925	0	7.00366004702094E-09	2.55311414996447E-09	0.00013553537454	0
28.0916667	0	4.7834796788291E-09	3.64330356030056E-09	0.000135471856784	0
28.2583332999999	0	1.02591095008662E-08	3.04135757789973E-09	0.000135444331339	0
28.425	0	1.0213265086803E-08	4.93634393458606E-09	0.000134958281369	0
28.5916667	0	1.13245306344321E-08	3.29182667424821E-09	0.000134417174925	0
28.7583332999999	0	2.50841936358184E-09	3.14488670190129E-09	0.000134018364058	0
28.925	0	1.74499610533305E-08	2.98629092293535E-09	0.000133387695145	0
29.0916667	0	4.04764219349908E-09	3.39014476957486E-09	0.000133312119926	0
29.2583332999999	0	7.73999219275734E-09	3.38443025491575E-09	0.000133147864136	0
29.425	0	1.20322436488049E-08	3.05719404100027E-09	0.000132982647037	0
29.5916667	0	1.36929720547402E-08	5.56393239542567E-09	0.00013252464733	0
29.7583332999999	0	6.38161612783006E-09	4.07405532919914E-09	0.000131906267133	0
29.925	0	7.00723534475846E-09	5.57752694859531E-09	0.000131658273187	0
30.0916667	0	4.38208846780376E-09	5.82651092451586E-09	0.000131363909401	0
30.2583332999999	0	7.28561919188333E-09	6.84423718088996E-09	0.000130530376464	0
30.425	0	1.07412419267599E-08	4.70227391034553E-09	0.000130699802225	0
30.5916667	0	6.62561066065401E-09	5.0560455009039E-09	0.000130049081913	0
30.7583332999999	0	6.3355233214357E-09	4.16445350823331E-09	0.00012940945337	0
30.925	0	7.44078832653089E-09	5.93967843365317E-09	0.000129138103012	0
31.0916667	0	9.04035753385207E-09	6.47276467194994E-09	0.000129232352766	0
31.2583332999999	0	5.50635291901207E-09	6.68196416437813E-09	0.00012853057432	0
31.425	0	5.11799562370728E-09	6.01272066438724E-09	0.00012786347873	0
31.5916667	0	1.13550814891694E-08	6.24370272531409E-09	0.000127047553447	0
31.7583332999999	0	8.63888814152084E-09	6.40103044434622E-09	0.000126675580113	0
31.925	0	7.52279415674071E-09	6.79051176454474E-09	0.000126591504702	0
32.0916667	0	8.45090870566711E-09	5.79516166617533E-09	0.00012612895808	0
32.2583332999999	0	6.78232609704297E-09	8.17961994930186E-09	0.00012585667806	0
32.425	0	1.59105901083286E-08	7.29216707615182E-09	0.000125079423998	0
32.5916667	0	9.38889578685587E-09	8.36452608002103E-09	0.000124299519343	0
32.7583332999999	0	1.22248954821049E-08	7.73811385135235E-09	0.000124202325686	0
32.925	0	1.07079900002567E-08	8.26462847499738E-09	0.000122835451403	0
33.0916667	0	5.9066578403606E-09	8.93617144332041E-09	0.000122616150821	0
33.2583332999999	0	7.10437066937074E-09	7.21638905635525E-09	0.000121950670457	0
33.425	0	9.65983053242326E-09	7.95347625917158E-09	0.000121064178051	0
33.5916667	0	7.26976945870814E-09	9.39542975455268E-09	0.000120794340584	0
33.7583332999999	0	1.35026252859279E-08	8.93385712289471E-09	0.000119574412088	0
33.925	0	5.36950410720626E-09	9.66835151047975E-09	0.000119386763406	0
34.0916667	0	6.84252224396676E-09	9.77625565753622E-09	0.000118295432994	0
34.2583332999999	0	7.14739449722821E-09	9.46845506832725E-09	0.000117909535905	0
34.425	0	1.01505355184362E-08	1.12012054309564E-08	0.000116816686841	0
34.5916667	0	3.48600184692915E-09	1.09101071332947E-08	0.00011590081217	0
34.7583332999999	0	8.96411374672581E-09	1.28735267402355E-08	0.00011469954272	0
34.925	0	8.46103015041143E-10	1.23822094018633E-08	0.000113922732637	0
35.0916667	0	6.17266971245273E-09	1.32657005395978E-08	0.000112271260997	0
35.2583332999999	0	1.23043217431921E-08	1.24927187027768E-08	0.000111019248836	0
35.425	0	5.27399900497078E-09	1.3140471537079E-08	0.000109526530117	0
35.5916667	0	5.0128203855504E-09	1.24111545827681E-08	0.000108195356556	0
35.7583332999999	0	5.70878603018318E-09	1.42467053947122E-08	0.000107063933703	0
35.925	0	7.32790183961684E-09	1.32329793192682E-08	0.000105143998933	0
36.0916667	0	7.16588456667433E-09	1.62575044457406E-08	0.000103466711591	0
36.2583332999999	0	5.90076658657272E-09	1.58414582441311E-08	0.000101959327168	0
36.425	0	2.08324270972542E-09	1.54583356581866E-08	9.97049209928775E-05	0
36.5916667	0	4.35829398717155E-09	1.64692992488942E-08	9.72502204997133E-05	0
36.7583333	0	3.01465944482309E-09	1.75309470260005E-08	9.48420979060156E-05	0
36.925	0	6.41919402032114E-09	1.90976066032363E-08	9.20898885758006E-05	0
37.0916667	0	2.41468866801817E-09	2.00641565298475E-08	8.9753715383399E-05	0
37.2583333	0	6.79908212616133E-09	2.05907613609533E-08	8.69141282424992E-05	0
37.425	0	7.01737804851775E-09	2.13099613343506E-08	8.32425005939396E-05	0
37.5916667	0	5.6467902945884E-09	2.22303225516435E-08	7.95245957072628E-05	0
37.7583333	0	4.82123023663083E-09	2.52138775819733E-08	7.5581547237619E-05	0
37.925	0	9.91572892080775E-09	2.34579934592716E-08	7.04692245335599E-05	0
38.0916667	0	9.27681218290111E-09	2.69422839123247E-08	6.53404329231711E-05	0
38.2583333	0	8.98688059113149E-09	2.90427391010727E-08	5.89642332575006E-05	0
38.425	0	6.0090441294407E-09	3.19061440700514E-08	5.1635936458649E-05	0
38.5916667	9.81924441612864E-11	7.12547607296526E-09	3.59982473879023E-08	4.32052445800409E-05	0
38.7583333	4.27841491872491E-10	8.94324708256254E-09	4.23169874396678E-08	3.38333831175438E-05	0
38.925	6.49278438185604E-11	7.84497658426425E-09	4.71428935868078E-08	2.3825086757476E-05	0
39.0916667	0	1.0394989578851E-08	5.95282199912916E-08	1.64279326044103E-05	0
39.2583333	0	9.75859264254744E-09	7.76209048859643E-08	1.17676687094287E-05	0
39.425	0	5.69541456458439E-09	1.03192471719949E-07	1.00699839923684E-05	0
39.5916667	0	5.78449946954307E-09	1.32915631379242E-07	8.7197516154754E-06	0
39.7583333	0	1.06562901506846E-08	1.65385512366646E-07	7.92042669777244E-06	0
39.925	5.69893438730868E-11	7.22962404747522E-09	1.8697494363236E-07	7.30247377200564E-06	0
40.0916667	0	1.13766211163114E-08	1.97199231379562E-07	7.05046170580164E-06	0
40.2583333	2.79827620618964E-11	6.96101142148546E-09	1.97752200818342E-07	6.96556667335717E-06	0
40.425	3.00143299212238E-11	5.01782704556697E-09	1.95352830159551E-07	7.06996991539151E-06	0
40.5916667	2.29940075044373E-11	8.34258441514301E-09	1.95027524738267E-07	6.82878444270081E-06	1.18745269587629E-07
40.7583333	1.08072901371394E-10	1.07392392713151E-08	1.9641937917708E-07	6.88841035948918E-06	4.5414232871272E-08
40.925	3.14552570199566E-10	7.16714334708183E-09	1.96726335552836E-07	6.68639879786154E-06	2.34196050869329E-07
41.0916667	1.62648916129925E-10	1.24644922327753E-08	1.97190819468553E-07	6.79125825201262E-06	1.16059609737848E-07
41.2583333	4.15378576523853E-10	1.18842938682111E-08	1.97729980824367E-07	6.65147264193866E-06	2.42815733496693E-07
41.425	1.13669883263851E-10	5.88841872869086E-09	1.96859189050512E-07	6.5866867258569E-06	2.93362699978906E-07
41.5916667	7.76689909045351E-11	3.66141748886216E-09	1.94336414359043E-07	6.55707161528716E-06	3.09403681276915E-07
41.7583333	0	1.43556806365998E-08	1.92334563695663E-07	6.38443489157349E-06	4.67702767383229E-07
41.925	0	2.55408916923418E-09	1.89330400294442E-07	6.36676979709671E-06	4.73025951436241E-07
42.0916667	7.51271842557229E-11	4.99831756672318E-09	1.85991767478795E-07	6.22452073246635E-06	6.02327052327029E-07
42.2583333	1.77948011263338E-10	7.43796114116723E-09	1.81088154321164E-07	6.04580038730016E-06	7.67780133312663E-07
42.425	0	1.09447094080615E-08	1.77881560466964E-07	6.20734688620165E-06	5.92997131943098E-07
42.5916667	6.27842413804834E-10	7.01429335053237E-09	1.72706158732261E-07	5.93556975281214E-06	8.5230717491884E-07
42.7583333	0	4.91693710561209E-09	1.6927974073782E-07	5.87301648624422E-06	9.02987268069233E-07
42.925	1.16393748449513E-10	6.08519798170022E-09	1.64891885242343E-07	5.85736029373021E-06	9.05000178586396E-07
43.0916667	0	8.45398175677445E-09	1.59821782730943E-07	5.68494392712892E-06	1.06376863923499E-06
43.2583333	0	5.22587704646569E-09	1.56198263596784E-07	5.59912460320514E-06	1.13719175046927E-06
43.425	0	4.36675998674825E-09	1.50006720888375E-07	5.54141968727268E-06	1.18245858348792E-06
43.5916667	1.99216231285093E-11	2.7604712711309E-09	1.46238305025568E-07	5.48206545446279E-06	1.22856438896052E-06
43.7583333	0	3.11899999384178E-09	1.4319854948974E-07	5.28522730212025E-06	1.41275913692702E-06
43.925	2.55291383320496E-10	3.25997743771718E-09	1.3788663527312E-07	5.2017760384322E-06	1.48351956793898E-06
44.0916667	3.90810722849164E-11	1.05058089491966E-08	1.3619672953548E-07	5.17508322569671E-06	1.49745771418999E-06
44.2583333	3.89146182605946E-10	6.6942632666605E-09	1.30766008004678E-07	4.97668831444865E-06	1.68399843033141E-06
44.425	0	3.56232645177141E-09	1.2902725066565E-07	4.95008601462905E-06	1.69705407087785E-06
44.5916667	1.28364241599021E-10	8.71322105582341E-09	1.25061499681145E-07	4.86620205249248E-06	1.76852322914947E-06
44.7583333	1.08555561145892E-10	7.70478040012066E-09	1.2320499460912E-07	4.74590137711792E-06	1.87657063031814E-06
44.925	0	7.58101500918755E-09	1.21646034485449E-07	4.66559960889135E-06	1.94576990891615E-06
45.0916667	0	4.28327624568152E-09	1.1873968850749E-07	4.63310130000623E-06	1.96544049886988E-06
45.2583333	4.28709951630163E-11	7.10244780093956E-09	1.16361550939183E-07	4.49114034183749E-06	2.09460319285701E-06
45.425	0	5.35280068304017E-09	1.13754413545224E-07	4.27225521744319E-06	2.30125240449933E-06
45.5916667	4.66866960546857E-10	9.32669753362919E-09	1.12697107873641E-07	4.33730077330409E-06	2.22353603800086E-06
45.7583333	0	4.23017245167427E-09	1.10473286109855E-07	4.2118065565505E-06	2.33734353622421E-06
45.925	0	4.54259301687771E-09	1.105115077566E-07	4.1944873706088E-06	2.34222903722464E-06
46.0916667	3.093917905323E-10	6.22904643347703E-09	1.07719280539984E-07	4.03707071194927E-06	2.48807144738672E-06
46.2583333	0	4.79328218914458E-09	1.05388692769043E-07	3.86775381140196E-06	2.64575464602777E-06
46.425	7.60294085469023E-11	4.19070528073664E-09	1.04637416024075E-07	3.78911945978824E-06	2.71301075032913E-06
46.5916667	1.41314065712003E-10	5.96676624007169E-09	1.04343790900555E-07	3.75920859936267E-06	2.73112648133374E-06
46.7583333	2.55166081889682E-10	6.359392503396E-09	1.04968103739699E-07	3.53982441078528E-06	2.93800659545178E-06
46.925	6.07557451780673E-10	3.10409086569241E-09	1.01943830243253E-07	3.52151229662937E-06	2.94502932778974E-06
47.0916667	7.64744598624834E-10	6.90421900134266E-09	1.01154284879733E-07	3.32953142317177E-06	3.1257526925796E-06
47.2583333	4.71156102830301E-10	4.05399570478184E-09	9.95793787262857E-08	3.32400064192977E-06	3.11915973865553E-06
47.425	3.12966972466085E-10	6.49696410897647E-09	1.00399277403087E-07	3.11490175884105E-06	3.31636694037297E-06
47.5916667	1.72235842224155E-10	6.33951071722114E-09	1.00768953920368E-07	3.02698046704235E-06	3.39270354389674E-06
47.7583333	1.14700336813283E-10	3.51985670610031E-09	9.93913387841465E-08	2.98593867563899E-06	3.42261740958184E-06
47.925	1.9585884763742E-10	4.7440019417784E-09	9.86406114545504E-08	2.7497005800587E-06	3.64805796908885E-06
48.0916667	8.19468177041279E-11	4.8291211138456E-09	9.69605386367503E-08	2.7471285611476E-06	3.63900124746586E-06
48.2583333	0	2.79069901823912E-09	9.80449192936085E-08	2.53746996050222E-06	3.83768113896815E-06
48.425	9.92745081417841E-11	3.60528383040252E-09	9.78107442434829E-08	2.31814710945288E-06	4.04573939293718E-06
48.5916667	9.81967895532846E-10	6.68154432898388E-09	9.51491510454077E-08	2.30968828988952E-06	4.04225376582341E-06
48.7583333	7.58248760224965E-10	5.56807163459749E-09	9.66338153723481E-08	2.16669583657001E-06	4.1740603464959E-06
48.925	4.83911215239522E-10	5.93249948284506E-09	9.50757546568879E-08	2.0894355920634E-06	4.24050391243014E-06
49.0916667	1.93079855417525E-11	2.73198622607283E-09	9.51661667490283E-08	1.89123360623893E-06	4.42751370752322E-06
49.2583333	9.50481200414783E-11	1.62375150876956E-09	9.67158578260071E-08	1.78177132025162E-06	4.52631354412541E-06
49.425	2.16349557884415E-10	4.54894524573752E-09	9.49923614426073E-08	1.72630675162613E-06	4.57091815259583E-06
49.5916667	1.89724332399662E-10	3.76037628952912E-09	9.42331371611133E-08	1.56324403293353E-06	4.72283468150666E-06
49.7583333	2.96480148210054E-10	9.60991279946741E-09	9.50878633299571E-08	1.40495773935044E-06	4.87108265459652E-06
49.925	3.4625439099522E-10	1.14794797382112E-08	9.50430742074704E-08	1.36980920140421E-06	4.89561318063644E-06
50.0916667	4.67033652657562E-10	1.94515675543172E-09	9.34530305357937E-08	1.31010496700045E-06	4.94355370859011E-06
50.2583333	1.31392407958016E-10	5.83262979885956E-09	9.4077409383077E-08	1.13592419437486E-06	5.1063908196252E-06
50.425	4.51296121005114E-10	8.86620345964419E-09	9.21509492632775E-08	1.10572082654912E-06	5.12664671558425E-06
50.5916667	1.58278684022505E-10	6.29958951646277E-09	9.22281031710322E-08	9.65778841344003E-07	5.25619364237522E-06
50.7583333	4.76333621759519E-11	5.42145345807697E-09	9.16900398279496E-08	8.50473355792431E-07	5.36095351232266E-06
50.925	1.80274573022184E-10	5.92726318621893E-09	9.09375126477902E-08	8.63072111169166E-07	5.33768367675033E-06
51.0916667	2.42054898335696E-10	4.82401261252731E-09	9.08065569114161E-08	7.10736655255171E-07	5.47960906454684E-06
51.2583333	1.45293724404821E-10	4.19424699895222E-09	8.82476079729154E-08	6.19051238313815E-07	5.56085537449263E-06
51.425	4.57024768423841E-10	6.63552058487904E-09	8.87822330442215E-08	6.16878533564113E-07	5.55224022238205E-06
51.5916667	2.17520516208736E-10	3.99843825537184E-09	8.88297337347659E-08	6.40421947543259E-07	5.5178524697286E-06
51.7583333	0	3.3937688229808E-09	8.56256554644186E-08	4.52928325782395E-07	5.69495486308761E-06
51.925	2.75509166543202E-10	2.16434977320284E-09	8.57274164646495E-08	4.33275931747714E-07	5.70542892728299E-06
52.0916667	3.41712124518496E-10	1.49744359467505E-09	8.50491333525602E-08	3.79861638002309E-07	5.74829468126198E-06
52.2583333	0	6.51274576590721E-09	8.37798361236696E-08	3.49175944196942E-07	5.76873226190489E-06
52.425	1.22099282173132E-10	6.98060993536784E-09	8.34511690428536E-08	3.65605018759447E-07	5.742514951882E-06
52.5916667	6.01556386153002E-10	5.79195550349973E-09	8.29151195084146E-08	3.20505928410535E-07	5.77762664820689E-06
52.7583333	2.13825729633846E-10	3.76542132191534E-09	8.20181667543349E-08	3.29796477034065E-07	5.75788432261611E-06
52.925	0	8.31242144850441E-09	7.98450711172315E-08	2.77571330098728E-07	5.79961307626856E-06
53.0916667	6.85395250086157E-10	9.11285942247259E-09	7.99582687333036E-08	2.71343540868718E-07	5.79651755502042E-06
53.2583333	2.14626224007026E-11	4.76588141573351E-09	8.07698674820632E-08	2.63713723097321E-07	5.79404027089161E-06
53.425	2.17440844678776E-10	2.4770104807992E-09	7.92656054250895E-08	2.50824321191924E-07	5.79698289398621E-06
53.5916667	0	4.94397308418719E-09	7.82360589727773E-08	2.26380393712168E-07	5.81152658918708E-06
53.7583333	1.55277612226466E-10	5.79165661696533E-09	7.56914594091735E-08	2.4734601426995E-07	5.78058960445439E-06
53.925	9.4743644366058E-11	7.29404693140537E-09	7.65876703187698E-08	2.33893645679376E-07	5.78437799610461E-06
54.0916667	7.46141188664242E-11	5.84473058471759E-09	7.62906412765117E-08	2.43608382547778E-07	5.76493718569383E-06
54.2583333	0	8.68370927859132E-09	7.41913923100934E-08	2.52399232816465E-07	5.74623388312645E-06
54.425	8.55222706697552E-10	3.6539007376447E-09	7.40101562014096E-08	2.59712411870767E-07	5.72882275161605E-06
54.5916667	3.33972287850802E-10	5.44297122289948E-09	7.27662104429235E-08	2.34469095851121E-07	5.74451835172341E-06
54.7583333	3.89266678249725E-10	7.45656385601139E-09	7.16767053210857E-08	2.28031351214206E-07	5.74127886454162E-06
54.925	6.78354515869062E-10	1.40388441768452E-08	7.10866754072366E-08	2.2609093060619E-07	5.73365799932922E-06
55.0916667	1.60827349587947E-10	4.82080987011232E-09	6.82415259749666E-08	2.24566096555071E-07	5.72590501038278E-06
55.2583333	2.87011176679308E-10	9.08531760957056E-09	6.73890163581409E-08	2.30508579005467E-07	5.71011188489635E-06
55.425	1.05007585077979E-09	3.7516254641444E-09	6.51368813760791E-08	2.2650101700477E-07	5.70467883037606E-06
55.5916667	2.23684276571505E-10	4.17654514483383E-09	6.37472654030197E-08	2.2551619687302E-07	5.6958168339271E-06
55.7583333	3.72237322198647E-10	1.53805887230262E-09	6.29114967655762E-08	2.25988675108823E-07	5.68560551974322E-06
55.925	3.59823658288681E-11	6.27246411067405E-09	5.99709061250106E-08	2.31502204221537E-07	5.67047141451025E-06
56.0916667	0	7.38629433102728E-10	5.96584095104604E-08	2.27471084530033E-07	5.66490858708669E-06
56.2583333	4.51233765781136E-11	2.49054722787773E-09	5.80798096885753E-08	2.32704161099354E-07	5.65014011921619E-06
56.425	2.69005423845888E-10	6.09292106294801E-09	5.75897218924471E-08	2.27678854000209E-07	5.64610126243705E-06
56.5916667	7.34617535862798E-10	1.0742946220595E-08	5.47860256982356E-08	2.3299154305634E-07	5.63178129513108E-06
56.7583333	3.16249231315178E-10	4.03601543850699E-09	5.31522717424452E-08	2.3702066276595E-07	5.61839839151158E-06
56.925	4.70746639453337E-10	6.20347978898249E-09	4.99248544264354E-08	2.37879488806869E-07	5.60854915862897E-06
57.0916667	2.34128625300483E-10	6.3049814988987E-09	5.07848305023848E-08	2.37651493160648E-07	5.59931790785194E-06
57.2583333	6.66813316097042E-10	4.49082391532618E-09	5.02810396167186E-08	2.34308544301908E-07	5.59340941041831E-06
57.425	2.17046682576868E-10	2.44104204421824E-09	4.6211026560913E-08	2.39346766821118E-07	5.57918316607564E-06
57.5916667	1.71550905001394E-10	4.18607873869781E-09	4.51323682271106E-08	2.47517233156666E-07	5.56238449636156E-06
57.7583333	0	2.75527646789767E-09	4.46332420033038E-08	2.42742112547603E-07	5.55802717803512E-06
57.925	6.25460105293942E-11	5.39455480427766E-09	4.34093845841365E-08	2.50590218658549E-07	5.53999216586751E-06
58.0916667	5.16619479117931E-11	2.37197418821902E-09	4.2420852411273E-08	2.5029315596284E-07	5.5318977011995E-06
58.2583333	1.41203135532962E-10	5.01517059904331E-09	4.03571581337603E-08	2.50120090803031E-07	5.52285555038216E-06
58.425	2.35969650638073E-10	2.85672661633402E-09	3.98919495346527E-08	2.53637499485007E-07	5.51038930436001E-06
58.5916667	0	4.56383746539999E-09	3.90454266347578E-08	2.5438619605803E-07	5.50062792978504E-06
58.7583333	4.29669082940426E-10	8.85957195978757E-09	3.6122817408718E-08	2.56543832709451E-07	5.48976944802595E-06
58.925	5.20978157102102E-10	5.7388224989765E-09	3.61379337281742E-08	2.56614198085343E-07	5.48065158944083E-06
59.0916667	6.29926553447887E-10	6.42296857730416E-09	3.58330987203309E-08	2.58358185397829E-07	5.47022581132729E-06
59.2583333	2.00151128041136E-10	4.76920923828249E-09	3.49717475661006E-08	2.6067860972229E-07	5.45846972939009E-06
59.425	0	2.77860030970075E-09	3.35734382838051E-08	2.62027390513081E-07	5.44839137834871E-06
59.5916667	2.01149348423643E-11	3.3625773355339E-09	3.27240681343713E-08	2.64661895008859E-07	5.43738899104358E-06
59.7583333	1.43072134203522E-10	4.41460425980168E-09	3.28846856030538E-08	2.69010268278253E-07	5.42411901083049E-06
59.925	2.44979747382106E-10	6.63042892476436E-09	3.108347981372E-08	2.65189950282813E-07	5.41945437927065E-06
60.0916667	1.88441309695509E-10	8.09143357247954E-09	3.02915839022919E-08	2.68773354546121E-07	5.40705573609992E-06
60.2583333	1.90606084295288E-12	1.94398370858449E-09	3.14952582135331E-08	2.6885227722571E-07	5.39832565028538E-06
60.425	6.65131486414906E-11	4.89373329622613E-09	2.95180623478206E-08	2.77756400291324E-07	5.38036887403725E-06
60.5916667	4.62571004984657E-10	2.05645239140797E-09	2.94351797568687E-08	2.75971916064021E-07	5.37340528208763E-06
60.7583333	0	9.05315996173171E-09	2.80769539277938E-08	2.78345386471741E-07	5.36195635576177E-06
60.925	2.61651771413692E-10	3.21360983523879E-09	2.88969335353701E-08	2.73858566294674E-07	5.3587140100621E-06
61.0916667	3.94972801425028E-10	7.19066190181623E-09	2.69019374264533E-08	2.74690477118397E-07	5.34911244496917E-06
61.2583333	5.90981347382439E-11	2.9422564869535E-09	2.63171091155822E-08	2.82688100423877E-07	5.33215875208219E-06
61.425	1.53907248533009E-11	2.65337030941146E-09	2.59958575338224E-08	2.83576619147015E-07	5.32324482103547E-06
61.5916667	1.52139611447645E-11	5.02329836177261E-09	2.64203144684549E-08	2.8148764718386E-07	5.31736949637519E-06
61.7583333	4.51380495344867E-11	5.70612287971517E-09	2.55559286109561E-08	2.87939655883122E-07	5.30214243639974E-06
61.925	0	1.87635724064561E-09	2.59722093648225E-08	2.84934507146915E-07	5.29676532828663E-06
62.0916667	2.04557206305515E-10	7.72616166389802E-09	2.40997865446586E-08	2.89039013002254E-07	5.28376512539843E-06
62.2583333	0	3.745834691639E-09	2.41567936134068E-08	2.89061919029206E-07	5.27556301172782E-06
62.425	1.81441167689268E-10	8.56371007774965E-09	2.33057943018291E-08	2.95378406182278E-07	5.26149467908958E-06
62.5916667	0	5.95044587526855E-09	2.4597442981465E-08	2.95571064521522E-07	5.25280611038989E-06
62.7583333	3.02146351709705E-10	1.00935622493346E-08	2.22973141166883E-08	2.99673655908188E-07	5.24063644585405E-06
62.925	5.5452874226962E-10	5.38593495363226E-09	2.31836359704012E-08	3.03279782871103E-07	5.22876760640676E-06
63.0916667	4.27359479124519E-10	4.96068461456629E-09	2.35020833942759E-08	3.03286886893556E-07	5.21991360496674E-06
63.2583333	4.38450431023182E-11	3.36705405158854E-09	2.27507089671285E-08	3.03127134484388E-07	5.2124351477596E-06
63.425	2.06323683230567E-10	4.06131843081873E-09	2.18697156656996E-08	3.08726694178684E-07	5.19828016269206E-06
63.5916667	2.50241160790625E-10	3.63859215294352E-09	2.21188062856807E-08	3.07853770133213E-07	5.19118652734827E-06
63.7583333	0	9.50662974503798E-09	2.15221711118835E-08	3.13508261762145E-07	5.17759700558254E-06
63.925	0	4.24789356320689E-09	2.14246622252555E-08	3.14611861661043E-07	5.16818950082199E-06
64.0916666999999	9.51838078759588E-11	3.94757046043539E-09	2.02243100115941E-08	3.16705967734058E-07	5.15792781795731E-06
64.2583333	5.50439304626352E-11	3.35342682741767E-09	2.09015696145051E-08	3.16717708443886E-07	5.14977432637822E-06
64.425	1.1476608276648E-10	5.22962495063906E-09	1.94138081450298E-08	3.23206113783589E-07	5.13517409293901E-06
64.5916666999999	1.09632679571183E-10	3.77412824921443E-09	1.89142261589533E-08	3.23953939881892E-07	5.12643116408122E-06
64.7583333	1.30276596382676E-10	9.90024852548915E-09	2.02750141426624E-08	3.25518654146033E-07	5.11673200934615E-06
64.925	1.17886788233082E-10	6.81112594577086E-09	1.925695015389E-08	3.27596915376134E-07	5.10714452819958E-06
65.0916666999999	4.66528669396508E-10	4.50176552573999E-09	1.88460674124917E-08	3.3039572051266E-07	5.0958915940745E-06
65.2583333	1.02892553585643E-10	4.74466236359472E-09	1.86491479995994E-08	3.33179078771968E-07	5.08545064346464E-06
65.425	1.69540044294254E-10	5.55745732424509E-09	1.8686747366193E-08	3.35764946654078E-07	5.07514509369488E-06
65.5916666999999	1.51444026279883E-10	1.93117832015521E-09	1.78019802851159E-08	3.37810002652499E-07	5.06492362368559E-06
65.7583333	1.24015460739774E-10	5.86708058001419E-09	1.76916327777597E-08	3.39428936756472E-07	5.05544051815882E-06
65.925	0	2.25333658120729E-09	1.79671079614104E-08	3.39729660583511E-07	5.04718727711949E-06
66.0916666999999	6.93110570473586E-11	3.14266720615799E-09	1.74962038101607E-08	3.42035013484534E-07	5.03661345497238E-06
66.2583333	5.67053950439824E-10	3.29497509481062E-09	1.77449384647885E-08	3.43931071300043E-07	5.02716957222186E-06
66.425	0	5.38694602018067E-09	1.65593057428401E-08	3.47687349614929E-07	5.01584684381144E-06
66.5916666999999	1.62436641615097E-10	5.59319247633616E-09	1.56488962880046E-08	3.45724515353196E-07	5.01021245057845E-06
66.7583333	1.86381753171863E-10	6.75932405113745E-09	1.68131625830637E-08	3.51595770914385E-07	4.99636420647118E-06
66.925	5.08848880809847E-10	1.76634743360949E-09	1.65191468616319E-08	3.46628719487156E-07	4.99339290730533E-06
67.0916666999999	5.16492935944348E-10	4.90139837163263E-09	1.60351600050291E-08	3.55782694214174E-07	4.97672975651419E-06
67.2583333	8.09643266134023E-11	7.16906860620163E-09	1.57788669989353E-08	3.60441845231153E-07	4.96452373200844E-06
67.425	6.72956188273025E-10	4.82327040947673E-09	1.57097952832567E-08	3.61909748694681E-07	4.95568810205277E-06
67.5916666999999	6.61516919729162E-10	4.56462460325675E-09	1.62986190236501E-08	3.6559436147951E-07	4.94350178885539E-06
67.7583333	1.05295563494644E-10	5.73705491269833E-09	1.55805943908274E-08	3.63665774382538E-07	4.93769176738785E-06
67.925	5.09282243914858E-10	2.13525026088932E-09	1.50477674925868E-08	3.65360809941839E-07	4.92923882114756E-06
68.0916666999999	8.71606774770142E-11	3.6863556478158E-09	1.4686519525257E-08	3.70316218605071E-07	4.9164211940727E-06
68.2583333	6.47058921021791E-12	7.75978152079579E-09	1.54275247612345E-08	3.72789215009285E-07	4.90645136988431E-06
68.425	1.68988139156827E-10	6.58057068934251E-09	1.49003801787594E-08	3.74569112991382E-07	4.89790722649342E-06
68.5916666999999	1.46806419118723E-10	6.78253764077755E-09	1.4238369454686E-08	3.7217532278032E-07	4.89259692189618E-06
68.7583333	2.31044930398547E-10	5.87034788607261E-09	1.46119613030913E-08	3.86746522544404E-07	4.87024848083554E-06
68.925	7.76017377170569E-10	5.48191879809994E-09	1.40067158896552E-08	3.80996956157074E-07	4.86891426530328E-06
69.0916666999999	2.16964382285162E-10	4.2914682513086E-09	1.35194615791677E-08	3.79094111596126E-07	4.86311093056977E-06
69.2583333	5.75304167320896E-11	3.90265182646211E-09	1.46355272096445E-08	3.87743473722425E-07	4.8475296841709E-06
69.425	0	3.08316189611489E-09	1.49141952057571E-08	3.84375795036113E-07	4.84351391259537E-06
69.5916666999999	0	3.80818666828347E-09	1.39895623199148E-08	3.88679018916108E-07	4.83186728596019E-06
69.7583333	1.49260835055412E-10	9.96788628467542E-09	1.38740186017487E-08	3.90098537434996E-07	4.82285758687797E-06
69.925	0	5.88163962067135E-09	1.40453213747599E-08	3.92895300818979E-07	4.81296776473715E-06
70.0916666999999	2.47123902195073E-10	4.89976304595644E-09	1.31896885744414E-08	3.95972938011484E-07	4.80218517634126E-06
70.2583333	7.94172183003199E-11	2.91019403795377E-09	1.37338218800132E-08	4.05522563966739E-07	4.78525838770889E-06
70.425	2.78320553088536E-10	3.89873733575099E-09	1.29673959170209E-08	3.99627241029926E-07	4.78376564259357E-06
70.5916666999999	2.93075028704418E-10	3.48696543007295E-09	1.27412696667219E-08	4.0073033504441E-07	4.77593228543823E-06
70.7583333	2.26692422310996E-10	6.44463428478248E-09	1.19201919389154E-08	4.00821679364304E-07	4.76902078707726E-06
70.925	1.86839533264102E-10	4.75511680759699E-09	1.23676587394539E-08	4.06249345513235E-07	4.75701302602948E-06
71.0916666999999	4.55070457798999E-10	5.56822777008319E-09	1.30182211650524E-08	4.07686115787114E-07	4.74732299714863E-06
71.2583333	2.19928934402626E-10	8.13049891967029E-09	1.23164218163986E-08	4.09525301948478E-07	4.73778048602231E-06
71.425	2.39736854203309E-10	4.34674411115727E-09	1.21061490424798E-08	4.10655470210201E-07	4.73045538951165E-06
71.5916666999999	2.90184730810577E-10	8.06478676551927E-09	1.28544846315142E-08	4.13632275709453E-07	4.72062380440314E-06
71.7583333	3.14654195205526E-11	6.27800148994133E-09	1.30936068740342E-08	4.18846120304846E-07	4.7083201695033E-06
71.925	2.06090062109734E-10	3.90191051390232E-09	1.28278386882692E-08	4.15153872516522E-07	4.70505371441197E-06
72.0916666999999	9.41900657260241E-11	1.53970640230292E-09	1.07878628790291E-08	4.14926857482249E-07	4.69835527450849E-06
72.2583333	1.6390817972507E-10	4.63523624262794E-09	1.04923839057677E-08	4.27881822325945E-07	4.6784510766762E-06
72.425	5.67385316897065E-11	6.13003388719589E-09	1.15706764278455E-08	4.28712954596943E-07	4.67031032349064E-06
72.5916666999999	3.20407893750723E-10	4.74099491962336E-09	1.21325454511405E-08	4.28916925571407E-07	4.6634969910838E-06
72.7583333	1.22598509064641E-10	5.93326637103805E-09	1.06789460395032E-08	4.34178928351765E-07	4.65170028668654E-06
72.925	1.39248686878915E-11	1.03231442632494E-09	1.04677461944799E-08	4.31656640462421E-07	4.6473228201667E-06
73.0916666999999	1.25243694691549E-10	3.91829546075682E-09	1.07875670799247E-08	4.36159849850027E-07	4.6353932651062E-06
73.2583333	1.35606624314236E-10	5.6422796214277E-09	9.81690762825601E-09	4.3530330143977E-07	4.62962209718209E-06
73.425	1.15943438438981E-10	3.46099526829399E-09	9.9632531571121E-09	4.41863615457586E-07	4.61645636762869E-06
73.5916666999999	3.15046583327495E-10	1.84056233180407E-09	1.08620739479974E-08	4.45725279721337E-07	4.60563464450603E-06
73.7583333	8.70003461655346E-11	5.76071742803559E-09	1.02585223198598E-08	4.45774144766246E-07	4.59908897755872E-06
73.925	2.07820708470175E-10	3.63382759985561E-09	9.9154050950764E-09	4.45321968392284E-07	4.59308152767636E-06
74.0916666999999	9.13522035841656E-11	1.62445219250445E-09	1.03109430120814E-08	4.52103748053154E-07	4.58015131534195E-06
74.2583333	1.52262146611556E-10	2.01066294030237E-09	9.49191492661288E-09	4.539947611359E-07	4.57066110170132E-06
74.425	7.62176472190605E-11	2.99588321749956E-09	1.0171574588156E-08	4.55332612090644E-07	4.56217724411575E-06
74.5916666999999	2.68282868234822E-10	4.2141704354059E-09	9.81771733771451E-09	4.56652360488553E-07	4.5548894592268E-06
74.7583333	2.74121501538442E-10	6.7331920711232E-09	9.39624300948483E-09	4.55916562963829E-07	4.54925379068356E-06
74.925	1.14759798158787E-10	7.27186078547294E-09	9.49375557718855E-09	4.64793700342472E-07	4.53403593254697E-06
75.0916666999999	4.37496280241986E-10	2.12798483583099E-09	9.59727491018931E-09	4.69451868200849E-07	4.52270834147531E-06
75.2583333	1.81109600586855E-10	2.83482038737812E-09	9.87891701359322E-09	4.64945041625646E-07	4.52104941341804E-06
75.425	7.89237234253577E-10	5.38753521641055E-09	8.74683254326145E-09	4.6750368947272E-07	4.51223568945783E-06
75.5916666999999	1.91568058886105E-10	4.46468319784932E-09	8.1252798327629E-09	4.7497307373158E-07	4.49797897668389E-06
75.7583333	0	3.7578557656113E-09	9.22792575319432E-09	4.75651237362162E-07	4.49121403965404E-06
75.925	0	5.23043662045108E-09	9.6077605455964E-09	4.74088381966427E-07	4.48686903177046E-06
76.0916666999999	4.82018104262543E-10	5.02341459091093E-09	7.88539925236935E-09	4.75724728936169E-07	4.47833142447495E-06
76.2583333	2.82580201917405E-11	3.56055507614703E-09	7.88200018737816E-09	4.74715682829175E-07	4.47328294993929E-06
76.425	3.56388413748367E-10	4.58561964704982E-09	7.9163427417936E-09	4.77532353579329E-07	4.46375098566246E-06
76.5916666999999	3.69686831601184E-10	4.03464770217626E-09	8.327473141183E-09	4.84039515211477E-07	4.4508646612231E-06
76.7583333	5.1079849891689E-10	3.30211994432355E-09	7.52807589726835E-09	4.82114683732329E-07	4.44659664535974E-06
76.925	2.17937930721915E-10	2.12325964189254E-09	8.32739694485877E-09	4.89501086411126E-07	4.43327657381859E-06
77.0916666999999	2.97376917715478E-10	2.58501787934425E-09	8.04845084392749E-09	4.89300503570204E-07	4.42797110360418E-06
77.2583333	6.75791329321903E-11	2.99132200672906E-09	8.56765470941811E-09	4.9183900762829E-07	4.41919725022188E-06
77.425	3.24455547850019E-10	4.31188373459086E-09	7.56273187654465E-09	4.94345250158471E-07	4.41030280409007E-06
77.5916666999999	6.7606973486224E-10	1.52097159431366E-09	8.06678219423256E-09	4.96266191605792E-07	4.40177239116861E-06
77.7583333	1.57049154151636E-10	2.82737399902981E-09	8.47979655091509E-09	5.02306733798316E-07	4.3899362697312E-06
77.925	1.95406838600172E-11	1.3727847554875E-09	7.44892758148979E-09	4.98182410308686E-07	4.38821015283639E-06
78.0916666999999	0	3.35610843163308E-09	8.3681736099608E-09	5.03168092793272E-07	4.37701501717077E-06
78.2583333	4.75519143280311E-10	2.1361869788095E-09	6.5234121795158E-09	5.02105686110795E-07	4.3721141962188E-06
78.425	7.33327748543998E-12	4.2502825976466E-09	7.43045030887562E-09	5.05214461956421E-07	4.3630821648017E-06
78.5916666999999	3.20403841819232E-10	3.95386153556071E-09	7.3546208130761E-09	5.08897224211354E-07	4.35381095334566E-06
78.7583333	1.26174754292428E-11	4.10695668829667E-09	6.73331454881841E-09	5.17275114725395E-07	4.33871286317433E-06
78.925	3.65032400589011E-10	3.68884121112493E-09	7.13754884128825E-09	5.14479958735678E-07	4.33533183109361E-06
79.0916666999999	6.87597896530632E-11	4.94514213103786E-09	7.10063550745766E-09	5.21288704874192E-07	4.32288312330113E-06
79.2583333	1.65131819991398E-10	4.21240562477651E-09	6.65746484738043E-09	5.18842036671442E-07	4.31942949084751E-06
79.425	1.24767185158132E-10	2.3810762083052E-09	6.02783869541373E-09	5.2431749474359E-07	4.30831075044248E-06
79.5916666999999	3.01407098088941E-10	3.48429669085936E-09	6.81676025600778E-09	5.29169060744845E-07	4.29808165070975E-06
79.7583333	0	1.07277951946733E-09	6.96740899574354E-09	5.33535814090968E-07	4.28783682682646E-06
79.925	1.04929137211071E-11	2.22914463945794E-09	6.02295173780391E-09	5.34443714310167E-07	4.28102839266878E-06
80.0916666999999	3.14054227719416E-11	4.05291212717359E-09	6.36707437161872E-09	5.31889982419215E-07	4.27702530524027E-06
80.2583333	3.57908326868944E-10	4.5400713454202E-09	5.39724905094979E-09	5.39192212856579E-07	4.26432312791277E-06
80.425	1.75568488379004E-10	5.61427201756741E-09	5.53025226267205E-09	5.38976625581293E-07	4.25858832019514E-06
80.5916666999999	5.65312672016261E-11	4.3914620776936E-09	6.1480133581094E-09	5.4282633479516E-07	4.25012532711075E-06
80.7583333	0	5.82072218607577E-09	5.97738782109587E-09	5.40358724291677E-07	4.24678419894297E-06
80.925	7.5183115422777E-10	3.34633837869916E-09	5.88528528007619E-09	5.43704805813979E-07	4.23787152406022E-06
81.0916666999999	0	6.93007141572179E-09	6.23695394492692E-09	5.47282575254603E-07	4.22887425180307E-06
81.2583333	3.08825390243935E-11	3.16323027723704E-09	5.27861185548057E-09	5.57516166303708E-07	4.21247904932627E-06
81.425	1.81099249817266E-10	5.09284501615752E-09	5.10789876622126E-09	5.51786477792631E-07	4.21306372174604E-06
81.5916666999999	8.46573648316586E-11	4.3493526377599E-09	6.38530688990774E-09	5.56188778767691E-07	4.20358659690186E-06
81.7583333	1.78348549822959E-10	2.09105644125527E-09	5.47956795786041E-09	5.56976969841403E-07	4.19716721921413E-06
81.925	0	1.7682006993715E-09	5.98177914878417E-09	5.61310633866571E-07	4.18663305077338E-06
82.0916666999999	7.56048270085433E-11	2.40765898689362E-10	4.53445894157156E-09	5.65852382486307E-07	4.17683917459026E-06
82.2583333	2.07297393574968E-10	9.30099266652667E-10	5.14876458710754E-09	5.62282209462063E-07	4.1751137571488E-06
82.425	1.06070591332785E-10	6.78837746099836E-09	5.44082856660906E-09	5.70646848663926E-07	4.16140820291318E-06
82.5916666999999	2.56828683507692E-10	6.25333944358616E-09	5.07635200012102E-09	5.69958035227561E-07	4.15639932509901E-06
82.7583333	5.35274056890472E-10	4.4554819155269E-09	5.02003305066516E-09	5.75994669309405E-07	4.14484568238633E-06
82.925	2.86745892809489E-11	3.92171531539246E-09	4.15015641956097E-09	5.72968545092321E-07	4.1422127661797E-06
83.0916666999999	1.43377356370194E-10	5.56874097577879E-09	4.09344621140487E-09	5.81553100690997E-07	4.12855814546905E-06
83.2583333	1.58624155161143E-10	5.01523176521225E-09	5.12531126979556E-09	5.82680659779556E-07	4.12277820075351E-06
83.425	1.80623223054397E-10	2.48113093951799E-09	4.79967465978934E-09	5.84374111871074E-07	4.11535761949625E-06
83.5916666999999	4.59538569882076E-12	3.4903871082401E-09	4.43886877079552E-09	5.85592130658039E-07	4.1083667036839E-06
83.7583333	3.61116853817006E-10	6.19319115872617E-09	4.19343752585794E-09	5.96852235696045E-07	4.0914548570272E-06
83.925	0	2.6251546321063E-09	4.2964977114972E-09	5.97632901751722E-07	4.0852596390741E-06
84.0916666999999	0	2.63920379136206E-09	4.72721008114442E-09	5.99435832357973E-07	4.0778998187388E-06
84.2583333	5.09334045096316E-11	3.12109337069918E-09	4.78086542379206E-09	6.00977104260935E-07	4.0713836433431E-06
84.425	7.81771048859869E-10	1.25766922936252E-09	4.10613190262715E-09	6.01608344840402E-07	4.06578367086463E-06
84.5916666999999	3.60166713590269E-11	4.8639150932324E-09	4.43494293881891E-09	6.06610339001533E-07	4.05574194048415E-06
84.7583333	2.8358566254627E-10	3.77874258713729E-09	3.86313411835506E-09	6.08723842801712E-07	4.04864542970106E-06
84.925	7.01778576327338E-11	3.38166033426008E-09	4.15082559461741E-09	6.09183117932324E-07	4.04277288662391E-06
85.0916666999999	5.01177033947536E-10	2.88205792712064E-09	4.34444644028535E-09	6.15920178236258E-07	4.02998511907578E-06
85.2583333	1.12689978053274E-10	4.95208120488977E-09	3.40960087187556E-09	6.19223109499637E-07	4.02185337224636E-06
85.425	1.96668530084152E-10	3.22621386738251E-09	4.03527939375709E-09	6.21864978790394E-07	4.01435685251922E-06
85.5916666999999	7.91296984607199E-11	2.74042174245626E-09	4.18798317136055E-09	6.18572026121045E-07	4.01259704432824E-06
85.7583333	3.05695840653537E-10	3.61914790665139E-09	4.33798048781744E-09	6.23827546479395E-07	4.00159685729431E-06
85.925	1.79703449931176E-11	2.87048271632673E-09	3.80026057383378E-09	6.28488540999476E-07	3.99153331000342E-06
86.0916666999999	0	6.1374821434218E-09	3.1934619558659E-09	6.31366587914276E-07	3.98353840937264E-06
86.2583333	1.15338521726508E-10	4.38697356606818E-09	3.95263007618735E-09	6.30860524258297E-07	3.9781941982055E-06
86.425	4.49883406194247E-10	4.72378804184151E-09	3.04642854592706E-09	6.36735493456738E-07	3.96706522486344E-06
86.5916666999999	4.0396770163748E-11	3.72397664081618E-09	3.33413324443558E-09	6.41842433148052E-07	3.95741033691815E-06
86.7583333	4.23627992999763E-10	7.78632232455745E-09	3.03737825605864E-09	6.38327181715274E-07	3.9555061058296E-06
86.925	4.52836380344433E-10	4.28101963286746E-09	4.30429825639071E-09	6.43539846404653E-07	3.94549094409001E-06
87.0916666999999	1.26923080472641E-10	4.33966418490613E-09	3.72485988367043E-09	6.45338652916862E-07	3.93914942040625E-06
87.2583333	2.40184595962324E-10	2.35885320238395E-09	4.1210586407714E-09	6.47632704764902E-07	3.93158591761263E-06
87.425	0	5.07048775231328E-09	3.96475883365587E-09	6.47041364695151E-07	3.92640156144343E-06
87.5916666999999	2.03593271848043E-10	2.82902506987968E-09	2.54681354334831E-09	6.48560359178914E-07	3.92040893723138E-06
87.7583333	4.13658881145341E-10	5.53131519087526E-09	3.19135705440929E-09	6.52245909352619E-07	3.9114601524223E-06
87.925	3.52259629500181E-10	3.20835017435484E-09	4.22231923701044E-09	6.53248625152829E-07	3.90454389151891E-06
88.0916666999999	2.19927692496635E-10	1.13067163268764E-09	3.0438657410378E-09	6.63171806487175E-07	3.89003945254394E-06
88.2583333	1.71933503172741E-10	1.43530703985858E-09	3.58341076813624E-09	6.60663327087801E-07	3.88764150531133E-06
88.425	0	4.07761790004446E-09	3.32233296032112E-09	6.69458560206662E-07	3.87383648048716E-06
88.5916666999999	6.94610823835692E-11	4.51322036642233E-09	2.80900683710143E-09	6.68232139863077E-07	3.86933530092404E-06
88.7583333	2.21136409037502E-10	6.38230236304378E-09	4.17763919283138E-09	6.65988717243946E-07	3.86676449309851E-06
88.925	8.60401032496846E-11	6.17845787787252E-09	2.28594649732134E-09	6.7118976286135E-07	3.85652182213494E-06
89.0916666999999	8.867925678913E-11	3.35903634616896E-09	2.59423241752678E-09	6.74178420770383E-07	3.84950412246019E-06
89.2583333	8.93704143167566E-11	4.67901439431033E-09	2.07299865971858E-09	6.82325668822954E-07	3.83658085475275E-06
89.425	7.74179375964843E-11	4.22590101830069E-09	2.98315253574593E-09	6.84148357855338E-07	3.83028033165917E-06
89.5916666999999	4.09801093177614E-10	4.37827771506975E-10	1.47181104481927E-09	6.78130353187332E-07	3.8321172054481E-06
89.7583333	0	4.67028874578877E-09	3.39129230437108E-09	6.85092465822262E-07	3.82151045314571E-06
89.925	2.57476096721004E-10	1.40924393699432E-09	2.52688946995745E-09	6.89365829811958E-07	3.81364397666025E-06
90.0916666999999	1.18148785602611E-10	2.7340568491317E-09	2.43337543402414E-09	6.88910102447766E-07	3.81062472894119E-06
90.2583333	0	4.65923276309083E-09	2.92111272607054E-09	6.93335857381217E-07	3.80239901695629E-06
90.425	9.56376733239992E-11	4.43779056096479E-09	2.00767513423052E-09	6.96214533808816E-07	3.79754429545485E-06
90.5916666999999	7.59348015750469E-11	4.69001320039726E-09	1.63939328268666E-09	6.95975181043162E-07	3.79463974779716E-06
90.7583333	3.18468546967695E-10	2.38195387193179E-09	2.71246708855934E-09	7.02326300804185E-07	3.78637046684152E-06
90.925	1.52058975062376E-10	1.70048046136668E-09	2.84570224076653E-09	6.97274549483072E-07	3.78978515825441E-06
91.0916666999999	2.45820557421624E-10	3.34894551135953E-09	1.82294336660114E-09	7.04334671348842E-07	3.78111451888588E-06
91.2583333	3.73450626322573E-11	2.81948272521682E-09	1.67961904126205E-09	7.09435397381647E-07	3.77466257727402E-06
91.425	1.31224302766041E-10	3.95911880004621E-09	1.55723440785412E-09	7.07639989810186E-07	3.77508499650413E-06
91.5916666999999	2.66902071711948E-10	5.90751548192996E-09	2.41414007689547E-09	7.0719498038346E-07	3.7745118002561E-06
91.7583333	1.2074500346169E-10	4.19141203409303E-09	1.5866215186626E-09	7.09738350663602E-07	3.77120538175601E-06
91.925	3.3197718037935E-10	4.32769093271761E-09	1.45219762066975E-09	7.09769589156938E-07	3.77045507238763E-06
92.0916666999999	2.76661170120053E-10	1.42852733026598E-09	2.47318933959444E-09	7.14710517781461E-07	3.76369832245034E-06
92.2583333	3.59434525724172E-11	3.61650988877193E-09	2.15637131275423E-09	7.16246927325131E-07	3.76175796126505E-06
92.425	1.89883119047221E-10	2.28938005206149E-09	2.25822610528581E-09	7.15218371016885E-07	3.76199553686605E-06
92.5916666999999	2.2862359393456E-10	1.76810293458128E-09	1.47070917976244E-09	7.14348905462313E-07	3.76200082338477E-06
92.7583333	5.34187149648262E-10	2.99435333207647E-09	2.43437416452976E-09	7.13056512247415E-07	3.76213456325067E-06
92.925	6.62990745070838E-11	7.01383800804236E-09	1.8415048966874E-09	7.1479530112703E-07	3.75983289957604E-06
93.0916666999999	1.10503557176567E-10	4.0744892719468E-09	1.92926740274864E-09	7.17551378931779E-07	3.75645798082234E-06
93.2583333	4.65719750823734E-10	3.22743483131569E-09	1.79160029780302E-09	7.2144820494976E-07	3.75192354677024E-06
93.425	2.24781096901455E-10	3.7256571226137E-09	1.5225262807719E-09	7.23895649264508E-07	3.74844032611942E-06
93.5916666999999	5.88786973062742E-12	4.6465848294603E-09	1.41080306700491E-09	7.19083857324891E-07	3.75384832598285E-06
93.7583333	3.69563841466413E-10	2.7845946439689E-09	1.63681596924892E-09	7.28624199639027E-07	3.74307815944395E-06
93.925	2.89433494993918E-11	3.77014362681517E-09	2.20891512234472E-09	7.27489840785749E-07	3.74344618198215E-06
94.0916666999999	2.10900856556803E-10	5.63159306833906E-09	9.41617000772023E-10	7.26217153942932E-07	3.74438923835815E-06
94.2583333	8.23975270256471E-11	2.84750242931648E-09	1.94856680755132E-09	7.24620822119519E-07	3.74573112154623E-06
94.425	3.50179009599863E-10	2.92128395620892E-09	1.87386849692789E-09	7.23140006860974E-07	3.74688794333683E-06
94.5916666999999	2.56522631688618E-10	3.60693428342645E-09	1.85097502999883E-09	7.32164749569357E-07	3.73762339748128E-06
94.7583333	2.31881905786827E-10	4.88708868363055E-09	2.12343622639469E-09	7.3541371748248E-07	3.73422555673385E-06
94.925	3.63767362648713E-10	3.53339701612793E-09	1.6716422300406E-09	7.27959615910207E-07	3.74142106068442E-06
95.0916666999999	1.88401255159674E-10	2.07781789392866E-09	2.08717673618422E-09	7.27801183626021E-07	3.74084862803906E-06
95.2583333	1.91867806368884E-10	2.15201099321545E-09	1.04765277273854E-09	7.31206030754559E-07	3.73766052597666E-06
95.425	1.72865397161111E-10	7.93120479705789E-10	1.13228235318666E-09	7.34800776754452E-07	3.73385285681784E-06
95.5916666999999	0	3.63179776564424E-09	1.40603014776454E-09	7.32713422019003E-07	3.7363554606568E-06
95.7583333	3.69698410215936E-11	2.99296923240179E-09	4.41980191737062E-10	7.3708025077922E-07	3.73165431003229E-06
95.925	1.8856339463691E-10	3.66979013127967E-09	3.24353169646747E-10	7.3475094434222E-07	3.73392891908087E-06
96.0916666999999	1.13993933876346E-10	3.09415234499622E-09	8.40156326518783E-10	7.33392261711715E-07	3.73555606337633E-06
96.2583333	6.43018524331364E-11	4.52661178182746E-09	1.47501758323323E-09	7.34509216258151E-07	3.73420736313884E-06
96.425	6.64441508768788E-10	1.46144272410667E-09	1.50719580521389E-09	7.35451704232122E-07	3.73320447892014E-06
96.5916666999999	2.1708362415873E-10	5.40383042078952E-09	7.59845558763337E-10	7.34257266129023E-07	3.73398564456246E-06
96.7583333	3.08995029034654E-11	5.22626936355495E-09	1.53647584581572E-09	7.38024012777689E-07	3.72980463144808E-06
96.925	1.11719249446552E-10	2.4894334593161E-09	1.11224738536396E-09	7.37242612196774E-07	3.73122946752664E-06
97.0916666999999	2.00301804794966E-10	5.06678556024849E-09	1.36798644576049E-09	7.40712543836495E-07	3.72801567147633E-06
97.2583333	1.93861238911378E-10	3.66336712559322E-09	6.92967197047017E-10	7.38100513472569E-07	3.73070469874887E-06
97.425	2.00652767043923E-10	3.90222457512262E-09	6.91346840248851E-10	7.37284531049648E-07	3.73139764444193E-06
97.5916666999999	5.02657400729731E-10	4.20391452374122E-09	1.50199581099517E-09	7.36995173261874E-07	3.73189156204711E-06
97.7583333	0	2.85362942895341E-09	1.13568819977282E-09	7.39704020057221E-07	3.72910488764132E-06
97.925	1.59653672302057E-10	1.85643423931658E-09	4.82116074735685E-10	7.45485742600546E-07	3.72343469580148E-06
98.0916666999999	7.66978205033966E-11	4.42818844025131E-09	1.49438249724589E-09	7.47609977586646E-07	3.72048450384314E-06
98.2583333	0	4.75583433093093E-09	7.26221073952835E-10	7.40782268514004E-07	3.72829799630507E-06
98.425	1.0549101309213E-11	3.81147374223805E-10	3.33887996352955E-10	7.46578886545374E-07	3.72337929532454E-06
98.5916666999999	2.35375359998353E-10	5.76019088846986E-09	1.01190817425079E-09	7.36931289801048E-07	3.73210797499642E-06
98.7583333	0	5.26962914662355E-09	1.10512796179449E-09	7.44408822349078E-07	3.72466095767881E-06
98.925	3.27319367784295E-10	2.52610757544558E-09	7.88650395616988E-10	7.43779910851135E-07	3.7256591249145E-06
99.0916666999999	2.35759880306841E-10	5.04038755212806E-09	9.62856258420999E-10	7.47563407304159E-07	3.72170524259109E-06
99.2583333	3.07167800426719E-11	2.37711438690385E-09	7.6486704060279E-10	7.47802623128434E-07	3.72139278537907E-06
99.425	5.58848886188656E-11	2.68057661451437E-09	9.48431114052223E-10	7.43856661397359E-07	3.72562338063289E-06
99.5916666999999	3.93238423498171E-11	3.92626153194509E-09	6.61652659613929E-10	7.50801703640808E-07	3.71832460046387E-06
99.7583333	0	3.00777048552052E-09	9.05893396678228E-10	7.43559865529356E-07	3.72601481711436E-06
99.925	1.05173643773824E-10	1.89830001618208E-09	6.80433590550835E-10	7.4474118225584E-07	3.72496361469379E-06
100.091667	4.57141166917808E-11	6.10037916917771E-09	1.00112455420903E-09	7.41311219252784E-07	3.72848703625019E-06
100.258333	0	1.80255726340883E-09	8.02739498196236E-10	7.46197575761337E-07	3.72387992810639E-06
100.425	2.89300888104067E-10	3.69008789147454E-09	7.0584058583714E-10	7.42851529585361E-07	3.72720993711049E-06
100.591667	1.40748279239073E-10	1.52176906003728E-09	8.3393705613728E-10	7.43677195350966E-07	3.72650889494546E-06
100.758333	5.68237570506977E-11	5.09993070511452E-09	8.92136860178497E-10	7.45969785865172E-07	3.72458699458414E-06
100.925	1.59296680814402E-10	5.41614824770481E-09	1.1432051263079E-09	7.48212432476929E-07	3.7225203792433E-06
101.091667	2.85377958033622E-10	3.53645949796405E-09	7.59647511664028E-10	7.51416812959806E-07	3.72023688707294E-06
101.258333	0	2.146487648303E-09	8.76805467026738E-10	7.50192930705097E-07	3.72088631738899E-06
101.425	3.04950572130261E-10	1.0342114998257E-09	1.02790854016851E-09	7.56343235553289E-07	3.71489794949706E-06
101.591667	8.21903848363538E-11	2.51382793305856E-09	6.98648820723518E-10	7.51180078036337E-07	3.7194952163096E-06
101.758333	5.31154816824903E-11	4.81568393565907E-09	3.95453674320114E-10	7.51455472862402E-07	3.72004652083697E-06
101.925	0	2.07849133270568E-09	6.2801181942511E-10	7.48045608728949E-07	3.72367781961169E-06
102.091667	0	4.44170286267282E-09	5.37640797608132E-10	7.53682091108569E-07	3.71814898815561E-06
102.258333	9.41218587899594E-11	3.06517378308707E-09	1.03652408817137E-09	7.49701239979144E-07	3.72249579460982E-06
102.425	6.04052533441662E-11	6.77500151964486E-09	3.79287690753637E-10	7.55009654468349E-07	3.71691394527744E-06
102.591667	3.7471688115781E-11	1.71999446361916E-09	3.24163272882253E-10	7.46265640287785E-07	3.72618569638789E-06
