time	N2O	NO	NH3	CO	H2
0.091666667	8.65038040721502E-06	1.04662312933874E-06	7.90492093536119E-07	1.60637233437019E-09	2.73748202097133E-05
0.258333333	8.67146765908664E-06	1.07090449787867E-06	7.85913429570399E-07	1.71350667926999E-09	2.73894033679543E-05
0.425	8.67272839613059E-06	1.10466331916531E-06	7.75338398135604E-07	1.67428969016358E-09	2.78066962999565E-05
0.591666666999999	8.67659314720719E-06	1.13682329957021E-06	7.69893432286725E-07	1.30442734173488E-09	2.80286490768676E-05
0.758333332999999	8.69991808375567E-06	1.16384357756063E-06	7.62224720493542E-07	1.69422359952486E-09	2.86229231216791E-05
0.925	8.70175322342368E-06	1.20075595131512E-06	7.55730437535579E-07	2.55057137574374E-09	2.80769025811167E-05
1.09166667	8.70272301245362E-06	1.2270786687515E-06	7.49062635822765E-07	1.81423083644774E-09	2.85074867778696E-05
1.25833333	8.72029948771052E-06	1.26714302926538E-06	7.41121990204896E-07	1.40712207455829E-09	2.88741247569329E-05
1.42499999999999	8.72337051270261E-06	1.28794128617448E-06	7.36216249478325E-07	2.39168365378449E-09	2.85782332073752E-05
1.59166667	8.74272693119343E-06	1.32849894380738E-06	7.29071224023092E-07	1.38116790757368E-09	2.80194390185104E-05
1.75833333	8.73551155138916E-06	1.34279064952201E-06	7.23627199066118E-07	2.2251868621266E-09	2.83815899507091E-05
1.925	8.7502159654625E-06	1.36816528274807E-06	7.15992074662904E-07	3.68452710783184E-09	2.89996035133601E-05
2.09166666999999	8.75457426854392E-06	1.38872730469335E-06	7.10489384943157E-07	2.46442349286054E-09	2.85718608510603E-05
2.25833333	8.75205679263823E-06	1.40296183325554E-06	7.04748311637477E-07	4.41201558871743E-09	2.89181109150132E-05
2.425	8.75923867990407E-06	1.42748667447648E-06	6.9866893251885E-07	3.72026713483646E-09	2.86505437762551E-05
2.59166667	8.76182099346809E-06	1.43352802090803E-06	6.9769165090999E-07	2.39678276442298E-09	2.84301437997309E-05
2.75833333	8.76734663097427E-06	1.44274848372707E-06	6.89616815391342E-07	1.96471920799843E-09	2.86418042891475E-05
2.925	8.78146833393699E-06	1.46267863607538E-06	6.84062377306726E-07	1.23201901320158E-09	2.87916090323791E-05
3.09166667	8.77097948476029E-06	1.47288495584862E-06	6.80427679121216E-07	2.3450694114946E-09	2.90494947825305E-05
3.25833333	8.7777905377412E-06	1.48277087926655E-06	6.75450195291842E-07	2.31495659986707E-09	2.93006753867132E-05
3.425	8.77588485131143E-06	1.49083976646102E-06	6.71104831093795E-07	2.29393985559289E-09	2.90404932741725E-05
3.59166667	8.78676442131664E-06	1.50750120458668E-06	6.6790343942234E-07	7.14400307804973E-10	2.90442517819333E-05
3.75833333	8.78303893956732E-06	1.50992165539582E-06	6.65062728865505E-07	2.27961740201911E-09	2.89737659105774E-05
3.925	8.78780284108189E-06	1.52847740606368E-06	6.58739726225566E-07	1.90220462702946E-09	2.88700506043425E-05
4.09166667	8.77860392736061E-06	1.54285674854967E-06	6.5636609181222E-07	5.4010371623993E-09	2.90310904121246E-05
4.25833333	8.79486752846115E-06	1.55368113104788E-06	6.51313719267796E-07	3.32473970976094E-09	2.9203258942701E-05
4.425	8.79774539173168E-06	1.56240603123667E-06	6.49127149459664E-07	3.03892672869582E-09	2.9344049058742E-05
4.59166667	8.79651712360022E-06	1.57554150926628E-06	6.42933835866577E-07	2.38450699565026E-09	2.92348565201895E-05
4.75833333	8.78201982965739E-06	1.59648659569282E-06	6.37717827340265E-07	2.49423495549122E-09	2.901324222679E-05
4.925	8.80561075596966E-06	1.60353327456528E-06	6.36755137634428E-07	3.16929501037061E-09	2.92455610346257E-05
5.09166667	8.80979522311341E-06	1.62194456947385E-06	6.33362212547126E-07	1.15778466049417E-09	2.90882255112017E-05
5.25833333	8.79860345533931E-06	1.63302815929321E-06	6.30382902734624E-07	3.4159077030051E-09	2.98068755306487E-05
5.425	8.81092080374767E-06	1.64336122365904E-06	6.26852720102194E-07	2.8554329040508E-09	2.89638784035019E-05
5.59166666999999	8.80765567022386E-06	1.64482376601807E-06	6.20783407497692E-07	2.10682785458948E-09	2.89350670091601E-05
5.75833333	8.844480276863E-06	1.65125326980264E-06	6.21343681498459E-07	3.28289917324883E-09	2.99989188965508E-05
5.925	8.81598716105674E-06	1.66687610949652E-06	6.14990529228745E-07	1.66737459464427E-09	2.9747935754124E-05
6.09166666999999	8.81850124814014E-06	1.66868154698494E-06	6.14217679707299E-07	2.21687991607781E-09	2.96399604096528E-05
6.25833333	8.82003544651203E-06	1.68153576991499E-06	6.10765931336461E-07	3.43602173593965E-09	2.92595372533165E-05
6.425	8.82885688026424E-06	1.67815687368804E-06	6.08892453748467E-07	6.16247626438344E-09	2.9814062764851E-05
6.59166667	8.83134361881645E-06	1.68466740233587E-06	6.04413620054509E-07	2.70202859591253E-09	2.96019008394926E-05
6.75833333	8.81890215916791E-06	1.67827749717389E-06	6.02112403716344E-07	3.73454497640471E-09	2.94876331615326E-05
6.925	8.81176462970852E-06	1.68363799210782E-06	5.99262851397843E-07	2.25286709055197E-09	2.96285482512533E-05
7.09166667	8.82637782504605E-06	1.68255068030228E-06	5.96398471174444E-07	1.3751324267575E-09	2.91506846820257E-05
7.25833333	8.8231974739402E-06	1.69955202321193E-06	5.93175455504442E-07	2.12993763827257E-09	2.95471078524462E-05
7.425	8.82611837210881E-06	1.69463787422804E-06	5.92648400379061E-07	2.35648344138163E-09	2.95151203837066E-05
7.59166667	8.8152998429375E-06	1.69392875495462E-06	5.90507185523654E-07	2.28277694614844E-09	2.97987532346102E-05
7.75833333	8.84941575934623E-06	1.69682627047252E-06	5.85288313659475E-07	4.05070221674147E-09	2.93791946795905E-05
7.925	8.84734288443906E-06	1.69952891605285E-06	5.8476537390419E-07	2.85965290906005E-09	2.9668131748337E-05
8.09166667	8.82481712484194E-06	1.69691621578308E-06	5.84248733760563E-07	2.03445604241632E-09	2.94461711212589E-05
8.25833333	8.82819573845091E-06	1.70580608993401E-06	5.80765974834035E-07	1.96078367119642E-09	2.96383080909957E-05
8.425	8.83601759408856E-06	1.70428539892498E-06	5.78566274963911E-07	3.12783426168439E-09	2.96268623230517E-05
8.59166667	8.8366128921896E-06	1.70012648031542E-06	5.77145790706185E-07	3.2549820789775E-09	2.95136327566254E-05
8.75833333	8.83800965996605E-06	1.70096532878457E-06	5.7655985572788E-07	3.22287080417924E-09	2.94114973924244E-05
8.925	8.84173595307311E-06	1.70485002453824E-06	5.73175199645077E-07	1.22737973120422E-09	2.94890348782553E-05
9.09166667	8.83688033668165E-06	1.69608320228574E-06	5.73081833171539E-07	1.54478260097161E-09	2.95231294351948E-05
9.25833333	8.85317590022319E-06	1.69832179834303E-06	5.68846759284078E-07	1.55992535901371E-09	2.9376510729999E-05
9.425	8.85175952650896E-06	1.70336507131857E-06	5.68862786796036E-07	4.11728393442352E-09	2.96331946963886E-05
9.59166667	8.84967928156281E-06	1.69386258905919E-06	5.66732635870256E-07	3.89847433101315E-09	2.93858232294418E-05
9.75833333	8.84420338260432E-06	1.69587414312916E-06	5.64730822005349E-07	2.05783517840379E-09	3.00007573084285E-05
9.925	8.83830607757614E-06	1.68311924646785E-06	5.63749020055269E-07	1.92347668335989E-09	2.93578850492095E-05
10.0916667	8.85801665409472E-06	1.68430635360175E-06	5.61801115809631E-07	3.22979665285705E-09	2.95653200780152E-05
10.2583333	8.85991311142304E-06	1.68068475708611E-06	5.61078583957592E-07	2.11314075522482E-09	2.96096036202176E-05
10.425	8.83154591443844E-06	1.68117379443884E-06	5.56212079253525E-07	1.69401752317044E-09	2.98724623146137E-05
10.5916667	8.85943718187713E-06	1.6746190381016E-06	5.56200813624013E-07	2.53548882388765E-09	2.94197724338536E-05
10.7583332999999	8.83508727024348E-06	1.66087590042836E-06	5.57531540268503E-07	1.5904265266304E-09	2.93406162157685E-05
10.925	8.83968618121681E-06	1.65560709249983E-06	5.54873992284853E-07	2.35018712716671E-09	2.95915226063556E-05
11.0916667	8.83588255189282E-06	1.63748802394428E-06	5.54249471982032E-07	4.5080359234163E-09	2.92673741160496E-05
11.2583332999999	8.81909807300571E-06	1.60569401876311E-06	5.54521050776102E-07	7.47574583730061E-10	2.95650024378857E-05
11.425	8.83435212727612E-06	1.57158795452286E-06	5.55209119887747E-07	2.53125381646366E-09	2.91183394106573E-05
11.5916667	8.82631040631415E-06	1.51033149666316E-06	5.56047127122896E-07	3.51693933473133E-09	2.86991437084182E-05
11.7583332999999	8.80617951624217E-06	1.42773181329515E-06	5.62171609282255E-07	2.51501082762997E-09	2.8977693064772E-05
11.925	8.78855251810999E-06	1.34329672812343E-06	5.67136816733543E-07	3.50528728047802E-09	2.86166233382141E-05
12.0916667	8.76506097796142E-06	1.24061738133959E-06	5.72796943925479E-07	5.70236160531664E-10	2.83602148377888E-05
12.2583332999999	8.74481518457211E-06	1.12412431520836E-06	5.8710838002056E-07	1.94202286793717E-09	2.7949243317859E-05
12.425	8.71038408308299E-06	9.96330664200661E-07	6.01978242737857E-07	9.46589678132304E-10	2.75322759072159E-05
12.5916667	8.65311218605397E-06	8.72793704006744E-07	6.22869192145707E-07	1.17024185051965E-09	2.7069049890116E-05
12.7583332999999	8.59584601069383E-06	7.5119148390413E-07	6.41233950938813E-07	2.79811860193065E-10	2.62338379942494E-05
12.925	8.53089266049491E-06	6.35248589130878E-07	6.69873448531044E-07	1.32067866990567E-09	2.61583214684157E-05
13.0916667	8.44145790374854E-06	5.19730753013876E-07	6.96312130834642E-07	1.10782569333938E-09	2.50289992576013E-05
13.2583332999999	8.34730856412535E-06	4.20970825658925E-07	7.27201005041023E-07	4.27345926519998E-10	2.47090564269565E-05
13.425	8.26020437895356E-06	3.39858639241925E-07	7.55105241627696E-07	3.52873401477504E-09	2.38625954570461E-05
13.5916667	8.15737318970387E-06	2.75461841340138E-07	7.85694908743884E-07	6.40716694853621E-10	2.28616395625487E-05
13.7583332999999	8.05227045067157E-06	2.10782758433203E-07	8.16601219817918E-07	4.75892544748838E-09	2.34467034098676E-05
13.925	7.95090661425516E-06	1.69527523657674E-07	8.47574054159482E-07	1.07370128988776E-09	2.30444287082218E-05
14.0916667	7.86292539216656E-06	1.27471851082606E-07	8.73866734697929E-07	1.18659652062756E-09	2.23128544108133E-05
14.2583333	7.76462644370217E-06	9.91852667376017E-08	9.01444994500381E-07	3.74622664944088E-09	2.18162637359798E-05
14.425	7.67427697847469E-06	6.59886349570336E-08	9.3142452577489E-07	8.63380375585533E-10	2.15586670967681E-05
14.5916667	7.58250915816611E-06	5.68300648314882E-08	9.57923753847602E-07	8.21847399536108E-10	2.09407166516011E-05
14.7583333	7.44162441926977E-06	4.08712075915037E-08	9.86260627898207E-07	1.50810137067E-09	2.0498290845679E-05
14.925	7.27909830103967E-06	2.90244968539453E-08	1.01327062798275E-06	1.96577516826663E-09	2.02398544325884E-05
15.0916667	7.16687282647949E-06	2.42539324005516E-08	1.04286601894767E-06	8.6340135658267E-10	2.02053025643434E-05
15.2583333	7.05682336949035E-06	2.34499431320641E-08	1.06871739717758E-06	2.04537134486674E-09	1.96473143976773E-05
15.425	6.94871061155616E-06	1.9486787384256E-08	1.09830234249711E-06	1.70115725165213E-09	1.93638439587953E-05
15.5916667	6.84256280319451E-06	2.04168264318187E-08	1.12503479623978E-06	7.83697743409434E-10	1.94998195187914E-05
15.7583333	6.7108205077498E-06	1.59484877531009E-08	1.1549564406295E-06	7.99356067202366E-10	1.9223667673756E-05
15.925	6.61934047233948E-06	1.50875213378394E-08	1.1842499442295E-06	5.39518099018869E-10	1.88427927373624E-05
16.0916666999999	6.51781369784342E-06	1.33631792087429E-08	1.21416354323334E-06	6.09162080235968E-10	1.84758054342889E-05
16.2583333	6.39490396982874E-06	9.54528969450673E-09	1.2477700995959E-06	8.52194974107702E-10	1.83904639897306E-05
16.425	6.29599598418825E-06	7.09309125215574E-09	1.27767461105044E-06	2.13896728126726E-09	1.82068915552917E-05
16.5916666999999	6.21662872678897E-06	5.79890774203183E-09	1.30776472475139E-06	1.07407681125289E-09	1.81441841355614E-05
16.7583333	6.10612280456099E-06	9.25104548649417E-09	1.34373924109481E-06	1.22753149895545E-09	1.78452434358609E-05
16.925	6.00015457015349E-06	5.80266326729121E-09	1.3734224403582E-06	1.66136209171198E-09	1.73849397717239E-05
17.0916666999999	5.92112362508788E-06	1.12992495524338E-08	1.41110860004645E-06	2.78744674104937E-10	1.74346966300024E-05
17.2583333	5.84819775223946E-06	7.79645666530047E-09	1.44569054329889E-06	8.01059230699689E-10	1.74583795183072E-05
17.425	5.75479955088683E-06	1.14678875321651E-08	1.48583361382602E-06	1.38878555789054E-09	1.7794782562241E-05
17.5916666999999	5.64318723249355E-06	1.2453791619881E-08	1.52442519020479E-06	1.17454170807852E-09	1.79029355822062E-05
17.7583333	5.56396027073955E-06	9.83914870170928E-09	1.56167698276746E-06	1.39486105919041E-09	1.70100817567832E-05
17.925	5.49152829760274E-06	1.38521265860786E-08	1.60647888540564E-06	8.70151569719656E-10	1.68919755409101E-05
18.0916666999999	5.40638134105579E-06	7.07237177584158E-09	1.64809446229374E-06	6.14520886233749E-10	1.65182087682931E-05
18.2583333	5.32940751783657E-06	9.6057241223622E-09	1.68955792871276E-06	5.48446112235298E-10	1.69459958961625E-05
18.425	5.25071349495061E-06	6.36603825328688E-09	1.73814949946109E-06	1.30245102409753E-09	1.6735910254754E-05
18.5916666999999	5.17855304809978E-06	8.75230657004884E-09	1.789055152394E-06	6.0178501796915E-10	1.63254872611486E-05
18.7583333	5.10658535687744E-06	6.50023945865662E-09	1.84099869176457E-06	5.63533711070882E-10	1.5804997456248E-05
18.925	5.03699675899094E-06	6.68705497158974E-09	1.88653065638895E-06	3.41495468089831E-10	1.62176378881062E-05
19.0916666999999	4.94743563284622E-06	9.92901986414201E-09	1.94486866685268E-06	1.02337759522734E-09	1.60721406179951E-05
19.2583333	4.86736225051174E-06	1.29000160572094E-08	2.00640369557491E-06	9.93976565986687E-10	1.5958121910453E-05
19.425	4.80600627946297E-06	7.80719525802348E-09	2.06186145264358E-06	1.50135017049703E-09	1.55289231692309E-05
19.5916666999999	4.73587284999144E-06	1.47026086227681E-08	2.12282682480725E-06	2.14333476058985E-09	1.53553725055928E-05
19.7583333	4.64779223771786E-06	7.67464855453566E-09	2.1856740354334E-06	3.43263009837585E-10	1.53327937327365E-05
19.925	4.57455133879999E-06	1.29810863768325E-08	2.24646513934326E-06	1.25637775906339E-09	1.45548223792707E-05
20.0916666999999	4.50644804364114E-06	8.1374154600152E-09	2.30670848819452E-06	2.99780402868057E-09	1.50452550776257E-05
20.2583333	4.43894408390179E-06	1.25306656009789E-08	2.37811823715956E-06	1.15400146113496E-09	1.47451979553369E-05
20.425	4.35672727322079E-06	1.59323145649576E-08	2.44850745143062E-06	9.21310648038991E-10	1.42597865311396E-05
20.5916666999999	4.26725313158434E-06	8.40656601691075E-09	2.51541199362898E-06	8.06629921445717E-10	1.39299909721458E-05
20.7583333	4.19293503216804E-06	1.29711224991929E-08	2.59783681439703E-06	1.81472299363217E-09	1.40402375306294E-05
20.925	4.13063323588188E-06	1.13064831174868E-08	2.66751801852111E-06	2.65834878234114E-10	1.3755038177852E-05
21.0916666999999	4.06314803011966E-06	1.32862089038479E-08	2.75060813978185E-06	6.75504209748424E-10	1.39927645633538E-05
21.2583333	3.99403404874673E-06	8.02169342282289E-09	2.82479313999223E-06	1.45424044070341E-09	1.37388424766102E-05
21.4249999999999	3.92404099233205E-06	1.04682374327385E-08	2.90325037139718E-06	2.01195912585802E-09	1.31527538682294E-05
21.5916666999999	3.85840287355222E-06	8.89125206700907E-09	2.99399160760462E-06	2.78748083022982E-09	1.2911931342248E-05
21.7583333	3.79346349857365E-06	1.36712237288852E-08	3.08518365308069E-06	2.46315381169384E-09	1.28931922412E-05
21.9249999999999	3.72148129970016E-06	8.01078127180994E-09	3.17619021074123E-06	1.44910230839316E-09	1.29565692953664E-05
22.0916666999999	3.62873549368173E-06	1.35790809094986E-08	3.27034264968684E-06	6.68806978131427E-10	1.23458239165317E-05
22.2583333	3.54877506152541E-06	1.02307049583918E-08	3.35664597475402E-06	9.41688508993753E-10	1.20791045677491E-05
22.4249999999999	3.47778105840892E-06	1.15799502815932E-08	3.45573666673077E-06	1.59797808712474E-09	1.17979861175913E-05
22.5916666999999	3.40516475372875E-06	1.20488948959856E-08	3.55266117187476E-06	7.28753801399387E-10	1.15081638709449E-05
22.7583333	3.32721275384927E-06	1.06160133887264E-08	3.66223385187186E-06	4.21206349191539E-10	1.1420042770901E-05
22.9249999999999	3.25677107105424E-06	1.02747821686041E-08	3.76874850044608E-06	1.09711463918102E-09	1.12533124116517E-05
23.0916666999999	3.19482411276852E-06	1.13188895929532E-08	3.88161818630578E-06	1.56066194630893E-09	1.0870014287704E-05
23.2583333	3.13715432411332E-06	9.02869284674089E-09	4.00190078990453E-06	1.86777273073687E-10	1.07479260505773E-05
23.4249999999999	3.07802667607865E-06	1.07712860869785E-08	4.10803108532538E-06	8.51176118509847E-10	1.04551452496633E-05
23.5916666999999	3.01972196279798E-06	9.57021455509948E-09	4.2139335941431E-06	1.17115378403795E-09	9.81018124852194E-06
23.7583333	2.95571509265403E-06	9.08122028863316E-09	4.34092279035021E-06	5.10213857873803E-10	9.66526361348205E-06
23.9249999999999	2.89252534182312E-06	1.16758121375823E-08	4.45726615542091E-06	6.090647687298E-10	9.69431246267475E-06
24.0916666999999	2.82313639278814E-06	7.88427110867627E-09	4.58314923414722E-06	5.2562503046345E-10	9.39149701380683E-06
24.2583333	2.73426118222141E-06	8.89523439178537E-09	4.71011435883562E-06	2.14346723044813E-09	8.97729471919315E-06
24.4249999999999	2.64572393667585E-06	1.36054338348189E-08	4.83061446130617E-06	1.20187563716669E-09	8.26880018838475E-06
24.5916666999999	2.57797776113038E-06	1.35759951890941E-08	4.95408694775311E-06	1.23219748853717E-09	8.55860539865454E-06
24.7583333	2.51969998901644E-06	9.03292601548073E-09	5.09987359331745E-06	1.2504088548559E-09	8.37230808110451E-06
24.9249999999999	2.44307679528E-06	1.06918141753227E-08	5.22136532424981E-06	1.16663758113479E-09	7.88113570130178E-06
25.0916666999999	2.37554638338907E-06	1.06843470900832E-08	5.36090787936577E-06	2.06466624533732E-10	7.4491840813978E-06
25.2583333	2.31481286929626E-06	1.09742903913845E-08	5.51751933901376E-06	1.19868322678031E-09	7.20865590303648E-06
25.4249999999999	2.25428629631044E-06	8.2404447964725E-09	5.65697096215415E-06	1.90733325493175E-09	6.96254413109716E-06
25.5916666999999	2.1916815964791E-06	1.13784366082718E-08	5.80076595517996E-06	1.43278510012598E-10	6.82255202438162E-06
25.7583332999999	2.12816662118428E-06	8.39255482461595E-09	5.95410447310873E-06	1.52668864561657E-09	6.39310604635497E-06
25.925	2.06599584751077E-06	8.86512454115457E-09	6.11539413955434E-06	9.79310167498642E-10	6.01833008554368E-06
26.0916667	2.00595811466371E-06	1.18126333492561E-08	6.2766700238756E-06	1.35378751039085E-09	5.56991946380818E-06
26.2583332999999	1.94718407732707E-06	9.76955091357001E-09	6.44782046623356E-06	8.36096718352378E-10	5.10404929753995E-06
26.425	1.8854974403288E-06	8.48647904277792E-09	6.60307253523103E-06	8.71402580747025E-10	5.3825357207279E-06
26.5916667	1.82769421716394E-06	1.25511302513583E-08	6.77118057561042E-06	7.95473926709113E-10	4.96017701900619E-06
26.7583332999999	1.77219796896538E-06	7.54339149229795E-09	6.92880257033888E-06	7.7528322822759E-10	4.5084447411111E-06
26.925	1.71244731042908E-06	9.6606779636378E-09	7.1030444657205E-06	2.86398149305993E-09	3.93125799216139E-06
27.0916667	1.65451251879727E-06	6.85694393194166E-09	7.25875583724979E-06	1.52155558341566E-09	3.8722276374469E-06
27.2583332999999	1.58999239242842E-06	7.91077394151268E-09	7.43212613854081E-06	1.96489486330714E-09	3.54998974220895E-06
27.425	1.52823601375765E-06	1.14073051498312E-08	7.61271155243895E-06	1.05548876928915E-09	3.50431765051678E-06
27.5916667	1.47004006111554E-06	9.09265217795387E-09	7.79716129339226E-06	1.8583809090218E-09	2.88766004863007E-06
27.7583332999999	1.41413999051028E-06	9.31790838849352E-09	7.86207019158475E-06	2.21792937646833E-09	2.60049053090753E-06
27.925	1.3672111531737E-06	8.72393256462914E-09	7.70192181834825E-06	1.54411640231736E-09	2.40725714765173E-06
28.0916667	1.3341284300169E-06	7.36759562378514E-09	7.53231590502297E-06	1.38603071575262E-09	2.37016479445521E-06
28.2583332999999	1.31935853998677E-06	1.16774398515516E-08	7.67334477445384E-06	1.41808859022463E-09	1.98508091918483E-06
28.425	1.3448942466676E-06	1.0290698836288E-08	7.80574463102401E-06	2.54161375955293E-09	1.71549368922786E-06
28.5916667	1.41740378825466E-06	1.31116638198164E-08	7.98512396698155E-06	1.35877863596545E-09	1.78164289970175E-06
28.7583332999999	1.53432142502017E-06	1.30423733567978E-08	8.12964527949375E-06	1.76326121006058E-09	1.49777395945543E-06
28.925	1.68636392515461E-06	1.06980257903505E-08	8.24625459013732E-06	5.64384259254487E-10	1.25452950792764E-06
29.0916667	1.83995713134957E-06	1.24356959179667E-08	8.33667464007132E-06	2.09272476773883E-09	1.53982524647109E-06
29.2583332999999	1.98912688441175E-06	9.18348128993614E-09	8.46572871232539E-06	1.15677927019586E-09	1.36863275392602E-06
29.425	2.13549968168691E-06	7.91189475016789E-09	8.54204797704397E-06	1.36137626088645E-09	1.34363015255992E-06
29.5916667	2.2719526338975E-06	9.68657013170682E-09	8.65626156956052E-06	1.47797755149349E-09	1.3650096650242E-06
29.7583332999999	2.38907919879098E-06	1.17540739460491E-08	8.7282580235859E-06	1.11499528471349E-09	1.14887763923144E-06
29.925	2.49156593457135E-06	8.85330859136731E-09	8.78013699715283E-06	2.02508429997327E-10	1.20285393395552E-06
30.0916667	2.58676680676953E-06	1.15384924311731E-08	8.84577313200339E-06	1.63395370047957E-09	1.3979237928396E-06
30.2583332999999	2.69612789203388E-06	8.89729867085677E-09	8.90868358364802E-06	2.88775654337182E-10	1.3669155533856E-06
30.425	2.75271363782916E-06	1.85498075373415E-08	8.95898811131153E-06	7.92390697768469E-10	1.25326187872531E-06
30.5916667	2.79909291844154E-06	2.43739810162057E-08	8.99092666152997E-06	9.68590965751091E-10	8.26452579268458E-07
30.7583332999999	2.83355082029779E-06	5.07581585649983E-08	9.02028094161327E-06	7.46874481721279E-10	1.10763744505493E-06
30.925	2.85498653559567E-06	8.65668133206312E-08	9.03522909190995E-06	3.47978150265141E-09	1.31253952572102E-06
31.0916667	2.87698411646409E-06	1.37617134507872E-07	9.06281254350246E-06	2.36301721810121E-09	1.37340845740667E-06
31.2583332999999	2.89084296702571E-06	1.93545549362248E-07	9.04531367304846E-06	3.0734649628203E-09	1.18543174101418E-06
31.425	2.89329901132621E-06	2.54582726508605E-07	9.09938289735296E-06	1.44968552932202E-09	1.19632600003871E-06
31.5916667	2.89898747083828E-06	3.17435917874495E-07	9.11425921193393E-06	1.11448982316013E-09	9.62716222703829E-07
31.7583332999999	2.89467142233216E-06	3.81432994736759E-07	9.10590747328678E-06	1.77058847730032E-09	1.41962131333413E-06
31.925	2.89164680249202E-06	4.49346839784564E-07	9.1432322307473E-06	6.59553108855713E-10	1.12803114725964E-06
32.0916667	2.88998582440293E-06	5.17327278654935E-07	9.1631967383453E-06	7.87082462667013E-10	6.91974441645986E-07
32.2583332999999	2.87932004061129E-06	5.87395513141418E-07	9.1637621223197E-06	1.09948857354098E-09	1.55003689460726E-06
32.425	2.87533813864022E-06	6.56214334014106E-07	9.18684869509491E-06	6.34146747726497E-10	1.36078492068284E-06
32.5916667	2.87395177850914E-06	7.31632703544416E-07	9.20014922004407E-06	1.78167743791009E-09	1.06063457649575E-06
32.7583332999999	2.86162217906818E-06	8.0623920612611E-07	9.23802698768641E-06	7.54154659369779E-10	9.26581423587063E-07
32.925	2.85425362167744E-06	8.8641753665597E-07	9.2378979227691E-06	1.64944753089243E-09	1.07589436553631E-06
33.0916667	2.84920460607135E-06	9.5863643831882E-07	9.25641637441786E-06	1.52666178414207E-09	1.1978060285135E-06
33.2583332999999	2.84045543599113E-06	1.02610371030415E-06	9.30076082056522E-06	1.60798677347155E-09	1.43102361294433E-06
33.425	2.83097399156695E-06	1.10121703804989E-06	9.29150612555828E-06	2.03335211445975E-09	8.22024438654915E-07
33.5916667	2.81871230602422E-06	1.17896170748205E-06	9.33033131347577E-06	1.97591925053316E-09	1.15249517368673E-06
33.7583332999999	2.80902320645815E-06	1.24299055601927E-06	9.33383005388531E-06	1.29572026527338E-09	1.10984550721739E-06
33.925	2.79798000656888E-06	1.31529939399579E-06	9.38156482254515E-06	1.6815234863601E-09	1.27592114533218E-06
34.0916667	2.78570086303637E-06	1.37248958478332E-06	9.36117874251677E-06	3.51403998200618E-09	9.15691511617343E-07
34.2583332999999	2.77619169173298E-06	1.44534576235641E-06	9.40484224809237E-06	1.48562959613194E-09	1.34128106465767E-06
34.425	2.76700083549271E-06	1.50204547186009E-06	9.43356419043354E-06	2.35752444490235E-09	9.26190970460254E-07
34.5916667	2.75092805383671E-06	1.55770800810396E-06	9.39872338538836E-06	1.93044360031747E-09	1.21709868208515E-06
34.7583332999999	2.74138617875967E-06	1.60980299150279E-06	9.44975369275094E-06	2.00199483703593E-09	1.13874906220121E-06
34.925	2.72896258155789E-06	1.65798544734841E-06	9.47336238424403E-06	3.0129170244862E-09	1.32511268844353E-06
35.0916667	2.71773201186831E-06	1.70723276837873E-06	9.49433823812819E-06	2.94664119975364E-09	9.99856106879009E-07
35.2583332999999	2.7054151013007E-06	1.74405139665945E-06	9.49843804567083E-06	2.73881898586951E-09	8.8052536692989E-07
35.425	2.69726275320694E-06	1.7811011077356E-06	9.5214303022835E-06	3.89024966070235E-09	8.63585525262526E-07
35.5916667	2.68834454937148E-06	1.80925900665716E-06	9.50024521765217E-06	3.27005014622601E-09	1.42386529226998E-06
35.7583332999999	2.67754250335496E-06	1.83790830408246E-06	9.52081267097765E-06	3.77967281350981E-09	1.21204979077514E-06
35.925	2.67337877785543E-06	1.86110598816287E-06	9.53025944432817E-06	2.78387880647854E-09	9.23246170804482E-07
36.0916667	2.66516298435788E-06	1.86592931208836E-06	9.51506131969715E-06	5.25648050036005E-09	1.33246747084245E-06
36.2583332999999	2.66124778070081E-06	1.87028137649908E-06	9.56526912631866E-06	2.48817349811066E-09	1.1605914486078E-06
36.425	2.65857599596822E-06	1.86989094398311E-06	9.54949529362634E-06	4.51330082774378E-09	1.12807849919979E-06
36.5916667	2.65797584250245E-06	1.85570876278917E-06	9.52941965446453E-06	3.80902187080477E-09	8.09670828140355E-07
36.7583333	2.66120388991089E-06	1.83302451626814E-06	9.52398474305404E-06	3.31385682275795E-09	1.12928818339735E-06
36.925	2.66469656782066E-06	1.80864031554795E-06	9.52587114546783E-06	3.97684915203694E-09	1.14875087644844E-06
37.0916667	2.6686771407794E-06	1.75869857856427E-06	9.50945710670357E-06	5.26293432029367E-09	1.0762902922379E-06
37.2583333	2.68269397019148E-06	1.70692291910834E-06	9.48940482463298E-06	4.19480329942929E-09	1.13958035367413E-06
37.425	2.69631759937417E-06	1.63643001769258E-06	9.43799937195337E-06	3.64465398342738E-09	1.15754743239371E-06
37.5916667	2.71041035733088E-06	1.55814993539624E-06	9.41568498871851E-06	2.2712193703871E-09	9.08779726325556E-07
37.7583333	2.73131487159447E-06	1.45953942199025E-06	9.34672147782229E-06	1.77253731666854E-09	1.08195475730108E-06
37.925	2.7546299684058E-06	1.34360929805164E-06	9.29284184751626E-06	1.35958170368861E-09	1.08857340775414E-06
38.0916667	2.79952878822229E-06	1.20988333647283E-06	9.23029628276721E-06	2.9783244493915E-09	1.02167688742929E-06
38.2583333	2.83694768472758E-06	1.05740709044967E-06	9.14294778513355E-06	3.33063463851838E-09	7.78047281598528E-07
38.425	2.88105826807569E-06	8.69602086869336E-07	9.08190760656992E-06	2.01794034511093E-09	1.26193535376123E-06
38.5916667	2.93315826614716E-06	6.69550555979301E-07	8.94042178859512E-06	2.43958171214055E-09	9.34517411941072E-07
38.7583333	2.98614372109458E-06	4.60922708214672E-07	8.78065999690603E-06	1.13270884157917E-09	1.16403228470081E-06
38.925	2.99611521467856E-06	2.79187031155632E-07	8.62823039510817E-06	2.03571563526704E-09	1.09217525089854E-06
39.0916667	2.94867672404825E-06	1.58255842938216E-07	8.48244751329233E-06	4.4861427626755E-10	1.17628010787536E-06
39.2583333	2.85315904268095E-06	8.49106742712382E-08	8.35025847626786E-06	6.4342184426434E-10	1.03694448543466E-06
39.425	2.75657375919973E-06	4.03117780398778E-08	8.21761131601186E-06	7.79049951556099E-10	1.28104941532342E-06
39.5916667	2.65042904764804E-06	2.50635731316931E-08	8.11671683586565E-06	6.26864521479338E-10	9.78312431110036E-07
39.7583333	2.56320843329774E-06	1.27208804173182E-08	8.04585433274581E-06	4.568179487872E-10	1.112657516055E-06
39.925	2.47749824626996E-06	1.23793847690173E-08	7.98019410109067E-06	3.05406378263384E-10	1.04296211487329E-06
40.0916667	2.38197758601269E-06	8.10543377118891E-09	7.89233127707369E-06	6.80995106865037E-10	9.66120499606327E-07
40.2583333	2.27698380315874E-06	8.42125422053899E-09	7.83868012773991E-06	1.04754762309844E-09	9.89173854659495E-07
40.425	2.14429481387191E-06	1.03710091445566E-08	7.78740101004088E-06	3.92350779759837E-10	9.47351988491456E-07
40.5916667	2.05573984747949E-06	1.02832670420929E-08	7.67788073910444E-06	9.79557655214984E-10	1.22237239953007E-06
40.7583333	1.94796422262388E-06	8.26933495696133E-09	7.61659373064587E-06	2.69293707931005E-09	1.1228953051134E-06
40.925	1.86150939258066E-06	9.03490425343502E-09	7.55312441707193E-06	1.53352554560134E-09	1.02348312284172E-06
41.0916667	1.76816131769188E-06	1.07423160460477E-08	7.47460843494343E-06	3.38115747522491E-10	1.03512854531687E-06
41.2583333	1.67826439267975E-06	9.54267712887267E-09	7.38898501582658E-06	2.81908604068053E-09	7.90968401362871E-07
41.425	1.58614204530562E-06	6.10595716336989E-09	7.30626438843373E-06	5.86364675328013E-10	1.229152954394E-06
41.5916667	1.49459185858601E-06	8.98020419716689E-09	7.22021276981412E-06	1.23442738469533E-09	9.91429045884783E-07
41.7583333	1.40173931577417E-06	9.12308022517255E-09	7.15963551987243E-06	1.30063486943688E-09	1.02946967914255E-06
41.925	1.2968316401104E-06	4.98325985531298E-09	7.0823713265265E-06	4.71784318306876E-10	9.11791236339408E-07
42.0916667	1.191980192178E-06	8.41926264536091E-09	6.98359999311026E-06	1.18545188293541E-09	9.35548173952039E-07
42.2583333	1.0952500099945E-06	7.52730494361628E-09	6.91902351393145E-06	1.00809876005912E-09	1.17282271700041E-06
42.425	9.91703032721605E-07	8.58024266468774E-09	6.82432356646826E-06	1.8011535657481E-09	1.03228285674648E-06
42.5916667	8.95937146719069E-07	9.30840250349721E-09	6.75676886959134E-06	1.62424296773387E-09	1.1323890376926E-06
42.7583333	8.00578070454747E-07	9.38304645011894E-09	6.67402227835273E-06	1.69559903885484E-09	9.96940794655153E-07
42.925	7.07192561381849E-07	6.80602961436713E-09	6.59638135562084E-06	2.31030880701298E-09	1.04693037269348E-06
43.0916667	6.18320809816302E-07	8.09369711121398E-09	6.53670235318505E-06	5.89278999471338E-10	9.78843967510461E-07
43.2583333	5.33733503482621E-07	6.11045987000626E-09	6.48401982267591E-06	1.05782458672683E-09	9.08184263303595E-07
43.425	4.56302064635518E-07	5.43548589732924E-09	6.4039487514014E-06	3.35511008914327E-10	1.18969701953284E-06
43.5916667	3.84532698347751E-07	6.45878497259135E-09	6.33432572307542E-06	7.94196937666515E-10	1.04905886191608E-06
43.7583333	3.13740364928697E-07	6.45250886003646E-09	6.28185742907093E-06	8.63007278285994E-10	1.00840799750686E-06
43.925	2.5687531012419E-07	6.79668819355612E-09	6.24985092454315E-06	1.10306062149836E-09	9.58183057102971E-07
44.0916667	2.08151788265251E-07	6.66762382181159E-09	6.19858510270821E-06	1.19864702182215E-09	9.07152445031065E-07
44.2583333	1.67052431915309E-07	7.94006555656885E-09	6.16722399269068E-06	5.43511007290142E-10	1.10923596610534E-06
44.425	1.32095480901532E-07	7.94805039524814E-09	6.11248507280771E-06	1.66601318537328E-09	1.00328042553378E-06
44.5916667	1.01671088776987E-07	7.63955359997885E-09	6.10005177611629E-06	1.00499973227983E-09	1.07283505997186E-06
44.7583333	7.82060140710136E-08	8.13457235141947E-09	6.06176712954866E-06	8.031912457012E-10	1.0289247905027E-06
44.925	6.12142364433257E-08	4.14082911060803E-09	6.09436726081566E-06	1.87774511901031E-09	9.95469814261825E-07
45.0916667	4.54738287477992E-08	8.34906678633018E-09	6.05308199461527E-06	2.56474355127554E-09	9.25528348671412E-07
45.2583333	3.19266292813258E-08	8.19190898646621E-09	6.05135937193228E-06	1.91589510480504E-09	9.80815396875323E-07
45.425	2.38254568556962E-08	8.21193151073235E-09	6.02244677248171E-06	2.10089067237414E-09	1.16526745312677E-06
45.5916667	1.73150342433547E-08	7.94525510729062E-09	6.09925988381441E-06	2.25966680517843E-09	1.22315152487539E-06
45.7583333	1.21640539811073E-08	7.95263131591093E-09	6.09990571425447E-06	3.59097251440649E-09	1.30366797969875E-06
45.925	7.99598259523886E-09	3.97610581190788E-09	6.18089837448024E-06	3.8842535101465E-09	1.22723054762543E-06
46.0916667	6.48452863482805E-09	7.52302465190039E-09	6.18750205816581E-06	3.10021865506225E-09	1.4356174394703E-06
46.2583333	5.14461603595279E-09	5.01400933874874E-09	6.14805083153579E-06	3.15596812800514E-09	1.02673838570875E-06
46.425	3.23689963940892E-09	5.34408679854762E-09	6.25591197775868E-06	5.15114483957015E-09	1.48499140829185E-06
46.5916667	4.10118859633473E-09	5.00436958115506E-09	6.2481640745349E-06	1.56986403360196E-09	1.43636296342478E-06
46.7583333	3.24585117657374E-09	7.19685589259853E-09	6.28627413295872E-06	2.13910591425367E-09	1.57151867603966E-06
46.925	2.47689440377806E-09	6.90706922770254E-09	6.32000968822217E-06	4.8690000567612E-09	1.53122271276574E-06
47.0916667	2.07957078219677E-09	8.02911121940734E-09	6.36808299744013E-06	3.79280625936019E-09	1.46150593069275E-06
47.2583333	1.60949049320049E-09	6.78524242689894E-09	6.39322205436448E-06	4.19192564309747E-09	1.42503504288627E-06
47.425	1.89128888448218E-09	6.00187264296745E-09	6.3823441492512E-06	2.87009050602826E-09	1.36953009584082E-06
47.5916667	2.13116281120401E-09	6.45353040379356E-09	6.34040876278487E-06	2.30218121583892E-09	1.33589720616244E-06
47.7583333	1.09506518485865E-09	5.89255051753867E-09	6.32454451429914E-06	3.86665921305122E-09	1.42447663682849E-06
47.925	1.6945459712818E-09	6.72350138892341E-09	6.33220964314323E-06	4.37095400675113E-09	1.15830384612043E-06
48.0916667	1.52956339970286E-09	6.06941537875394E-09	6.29496028408582E-06	3.2962743219089E-09	1.4747500140725E-06
48.2583333	1.67689791444045E-09	5.8328317332337E-09	6.27679712521517E-06	2.96848230906935E-09	1.38053509564535E-06
48.425	1.27421215637069E-09	5.42267702221973E-09	6.28333506246327E-06	1.17902003163076E-09	1.2922236873238E-06
48.5916667	1.40164319796341E-09	4.28159412131414E-09	6.27662057917924E-06	3.24079597678726E-09	1.38519192356331E-06
48.7583333	1.29935343101596E-09	6.22171874674866E-09	6.25974365275864E-06	2.98856545945845E-09	1.30708833212884E-06
48.925	9.54257860912991E-10	5.37094336771029E-09	6.2469693402858E-06	4.7320751482095E-09	1.26172496019521E-06
49.0916667	1.23073682500877E-09	4.86964451752258E-09	6.22861302580998E-06	2.36123513636489E-09	1.29942907179594E-06
49.2583333	1.47316433420799E-09	6.84813214826569E-09	6.21225463999191E-06	5.04705023304139E-09	1.01103606795704E-06
49.425	1.51590163253949E-09	7.73364504624455E-09	6.20036916350929E-06	3.14540875771387E-09	1.37885221585455E-06
49.5916667	1.4271738864209E-09	7.17026208934696E-09	6.18136641316037E-06	2.66253893619548E-09	1.30732324726759E-06
49.7583333	1.645990261791E-09	4.27079738087833E-09	6.16892583975061E-06	4.82492921075459E-09	1.07696512852027E-06
49.925	1.12536636690782E-09	6.28365807124131E-09	6.15443227292377E-06	1.90215315146902E-09	1.68472589338801E-06
50.0916667	1.50187416010619E-09	8.0000226836336E-09	6.14267524080247E-06	2.11176852256804E-09	1.36022001033646E-06
50.2583333	1.5153935651786E-09	5.93791749311636E-09	6.13255009588709E-06	3.79290437084372E-09	1.31222392857125E-06
50.425	1.30983754372774E-09	7.23667050808185E-09	6.1163991411082E-06	2.86347664953653E-09	1.12951709260407E-06
50.5916667	1.72097607761089E-09	6.83956151318999E-09	6.10059013715469E-06	1.82575440276457E-09	1.03959442171074E-06
50.7583333	1.45199921994158E-09	2.66968044877458E-09	6.09396185491759E-06	2.86225555647199E-09	1.23093145146484E-06
50.925	2.33369261423104E-09	6.9586091408328E-09	6.07534348226312E-06	3.39772324680051E-09	1.32852995565508E-06
51.0916667	1.23086837680114E-09	6.6188010395197E-09	6.06255299334254E-06	4.93096073813637E-09	1.50113229518227E-06
51.2583333	1.46011419569889E-09	9.20391260299307E-09	6.04707042310273E-06	2.78299251153519E-09	1.46994905919709E-06
51.425	1.04098235338619E-09	7.58931851753522E-09	6.0409182599691E-06	3.43999947903249E-09	1.42699859839915E-06
51.5916667	9.40966558903529E-10	6.23289871507844E-09	6.02750432477347E-06	4.11267425904251E-09	1.40439125010305E-06
51.7583333	1.32962017744213E-09	6.84237226969676E-09	6.01790655078771E-06	7.04397959433443E-09	1.17907446846738E-06
51.925	1.38533904291571E-09	8.96243964162287E-09	5.99541040731167E-06	3.07516029635494E-09	1.49087295159251E-06
52.0916667	1.46743918007741E-09	7.39057714883336E-09	5.98750978363517E-06	4.74042925615114E-09	1.35499560756455E-06
52.2583333	2.17094002770474E-09	4.99389691480969E-09	5.97288318314693E-06	5.47540148333717E-09	1.31155952456137E-06
52.425	1.40751699309185E-09	9.0814967976375E-09	5.96417516632025E-06	4.71557231120971E-09	1.39016773159004E-06
52.5916667	1.86683005837576E-09	7.16937932593531E-09	5.94998781870479E-06	6.24172441837118E-09	1.23291424073645E-06
52.7583333	1.8966327733678E-09	4.53205984009793E-09	5.93831425722339E-06	6.71668686268677E-09	1.43947890634133E-06
52.925	1.20014139764633E-09	6.98214116705255E-09	5.92968070599295E-06	3.94091364411163E-09	1.3088100270777E-06
53.0916667	9.08518076756573E-10	8.19687903592063E-09	5.90797647490444E-06	6.90291741909299E-09	1.37317632949518E-06
53.2583333	1.71599249947355E-09	7.98257728804428E-09	5.89675625494854E-06	4.15500486750459E-09	1.39570723584331E-06
53.425	8.52230957112195E-10	6.67303505628752E-09	5.87732534189068E-06	5.95166130118042E-09	1.29314747682264E-06
53.5916667	1.61416877197687E-09	6.30545493553837E-09	5.86426926589195E-06	4.82390342863532E-09	1.35749087193287E-06
53.7583333	7.10557387556404E-10	6.28681068901608E-09	5.86871016608019E-06	5.68313269855787E-09	1.42255087082515E-06
53.925	6.9492093163733E-10	4.15409057267555E-09	5.84321381472025E-06	5.38976858382184E-09	1.48232060133174E-06
54.0916667	1.9068821649253E-09	7.30228075252146E-09	5.82538748642602E-06	6.51334350497671E-09	1.4607553553069E-06
54.2583333	1.34020946238723E-09	9.77945621897519E-09	5.80831106500212E-06	5.66648646020146E-09	1.2590537008508E-06
54.425	1.06015429992902E-09	5.61896699149085E-09	5.78991820479978E-06	6.85717507786005E-09	1.40901977448709E-06
54.5916667	1.28218336810033E-09	6.92049653624216E-09	5.77585256866225E-06	8.33737400217311E-09	1.40120714339975E-06
54.7583333	1.39132161836127E-09	5.5497150041473E-09	5.75180434821661E-06	7.32945177284018E-09	1.342903209068E-06
54.925	1.30363176557694E-09	4.33211172048994E-09	5.73212270075754E-06	7.3801352062349E-09	1.54683189119998E-06
55.0916667	7.83169459750267E-10	5.35907617723132E-09	5.715238906E-06	8.99947898143296E-09	1.31200069851642E-06
55.2583333	1.51123915204625E-09	6.09736365217479E-09	5.68643936322739E-06	7.10626706861338E-09	1.52819204103196E-06
55.425	1.51144100562792E-09	5.60784937805204E-09	5.65858188803976E-06	9.8271568453038E-09	1.44367440312987E-06
55.5916667	1.48989710522372E-09	5.86083305031852E-09	5.64827702614146E-06	8.58620715928799E-09	1.23392510478701E-06
55.7583333	1.6435963431122E-09	7.85365004154961E-09	5.61694405782092E-06	8.42458142167976E-09	1.57294062040572E-06
55.925	1.11928537931774E-09	7.16505147043768E-09	5.58976935014133E-06	8.30456178166111E-09	1.57315092642066E-06
56.0916667	1.39014774459587E-09	5.11967164775792E-09	5.56587544749242E-06	1.18737589550483E-08	1.42888224775532E-06
56.2583333	1.2354247141818E-09	9.54353152309384E-09	5.54477374043574E-06	1.15614381604739E-08	1.47397367619846E-06
56.425	1.35585151351462E-09	4.87505890255529E-09	5.51350865688038E-06	1.16784215760808E-08	1.45929677812586E-06
56.5916667	1.18912511664138E-09	6.45119497846526E-09	5.48788260976526E-06	8.12109924015431E-09	1.37272461168821E-06
56.7583333	1.97405835828447E-09	8.52655508989307E-09	5.46482763329285E-06	1.14993702427802E-08	1.38666195510742E-06
56.925	1.17580627131547E-09	5.99707056482149E-09	5.43943199933347E-06	1.2575898262362E-08	1.55358693363263E-06
57.0916667	1.34474356387889E-09	3.07923821140642E-09	5.41076532466745E-06	1.05966101077623E-08	1.57425441839369E-06
57.2583333	7.32288968352789E-10	5.67882258064602E-09	5.39655281132381E-06	8.98030473032696E-09	1.48593159368611E-06
57.425	1.13949835122408E-09	7.21248092873008E-09	5.37255163623258E-06	1.13686056533407E-08	1.34031505375081E-06
57.5916667	1.21421439089989E-09	6.28528195276286E-09	5.35951753227319E-06	1.27997404790376E-08	1.47667509495397E-06
57.7583333	1.83721026388634E-09	5.19183009797367E-09	5.33544473743775E-06	1.19878044044093E-08	1.40061743012105E-06
57.925	1.37705607207318E-09	6.19390909774615E-09	5.31466188094446E-06	1.41024554770284E-08	1.47792776437564E-06
58.0916667	1.33018501527444E-09	6.38195206032547E-09	5.29757253591656E-06	1.47768854771688E-08	1.5819816957472E-06
58.2583333	1.67916762928511E-09	5.49462015747518E-09	5.27636979164926E-06	1.42170216486385E-08	1.28792458226034E-06
58.425	1.03048495148473E-09	4.54303064457096E-09	5.25615235730443E-06	1.38679699190011E-08	1.76703440888506E-06
58.5916667	1.46037287155648E-09	6.03825705343797E-09	5.24092166472886E-06	1.54878909967534E-08	1.64185694299353E-06
58.7583333	1.35612184780369E-09	4.48101215466074E-09	5.2204560768282E-06	1.56656522156168E-08	1.37407830030486E-06
58.925	1.05038090869488E-09	6.71724664422833E-09	5.20132299885878E-06	1.49958912443896E-08	1.58520898414765E-06
59.0916667	1.50598213262187E-09	6.5516350643183E-09	5.19505224992891E-06	1.7500262283454E-08	1.58209290417566E-06
59.2583333	1.48138864241317E-09	6.45493003988603E-09	5.16289276083596E-06	1.71081051979107E-08	1.60993918188792E-06
59.425	1.0964286684376E-09	5.62401931275215E-09	5.15003995036236E-06	1.63982623334389E-08	1.36444746459188E-06
59.5916667	1.03188981793217E-09	4.71819441880197E-09	5.12919726692325E-06	1.76409080819671E-08	1.43641966388617E-06
59.7583333	1.14718457439997E-09	3.94953543943239E-09	5.10941389156648E-06	1.75685517051721E-08	1.71389117632757E-06
59.925	1.1303674979358E-09	5.52670758694395E-09	5.08526701008188E-06	1.67779406059414E-08	1.69748977629316E-06
60.0916667	6.25932627897878E-10	6.52260097741192E-09	5.07202336970554E-06	2.07610983692699E-08	1.6230537330474E-06
60.2583333	1.37066949391975E-09	4.46152897208644E-09	5.05355925520851E-06	2.12855322977115E-08	1.52107327031837E-06
60.425	9.01027762017871E-10	4.00784140679268E-09	5.03609010869462E-06	2.27561794443666E-08	1.58192062624262E-06
60.5916667	1.24711038090956E-09	4.71138749643914E-09	5.01193923233831E-06	2.28174980568975E-08	1.67846000063546E-06
60.7583333	9.20572438700884E-10	5.50164257832653E-09	4.99672619363489E-06	2.36928957498007E-08	1.53042885092247E-06
60.925	9.44659494379454E-10	5.06619653887392E-09	4.97946955976397E-06	2.55084481111545E-08	1.67110076910272E-06
61.0916667	9.54897729160566E-10	4.72001267385765E-09	4.95537305416977E-06	2.26087751565258E-08	1.73708150580983E-06
61.2583333	8.60723226245998E-10	4.23650996438642E-09	4.93740723987308E-06	2.26095712706681E-08	1.60992348561483E-06
61.425	7.43577961143086E-10	5.73925557995256E-09	4.91615966309149E-06	2.44517667166998E-08	1.64626961714171E-06
61.5916667	7.74567807231046E-10	5.41702491063356E-09	4.89761724171469E-06	2.74298317637842E-08	1.7204694913521E-06
61.7583333	5.33946052002193E-10	4.54247109651254E-09	4.88228781206068E-06	2.91172957570076E-08	1.60558083409495E-06
61.925	8.30524596262408E-10	3.28212390636368E-09	4.86020771537988E-06	2.58585115225416E-08	1.67869901461978E-06
62.0916667	1.09969464698388E-09	5.38553178719342E-09	4.83728166025004E-06	2.85542949273055E-08	1.47764642888863E-06
62.2583333	9.27281380682531E-10	5.86692443320659E-09	4.81757065784278E-06	2.76813330589913E-08	1.79642104023973E-06
62.425	1.46920053432797E-09	5.10654290877333E-09	4.8020169741943E-06	2.98796706215911E-08	1.82199612973332E-06
62.5916667	8.50483429152169E-10	6.1272322028221E-09	4.77462076349661E-06	2.99587149736555E-08	1.74294818774808E-06
62.7583333	7.92415988531736E-10	4.14050163221832E-09	4.75560896257795E-06	3.31031783844554E-08	1.75695233335469E-06
62.925	7.5692681023276E-10	4.55318762118059E-09	4.73825716282946E-06	3.31254415555926E-08	1.77751411662933E-06
63.0916667	6.89173233251038E-10	4.2323132736544E-09	4.71652501306363E-06	3.57498841542191E-08	1.84707868486334E-06
63.2583333	1.33580883178123E-09	5.19728222633294E-09	4.69753847935454E-06	3.76925521358962E-08	1.66795776663101E-06
63.425	1.2828470188281E-09	5.12595910024897E-09	4.6784889532306E-06	3.76607471632245E-08	1.85289625244493E-06
63.5916667	1.04895888822491E-09	4.86333665743987E-09	4.65627770483566E-06	3.9592731918903E-08	1.87531333405753E-06
63.7583333	1.02264926151579E-09	4.3136228185782E-09	4.63686756363778E-06	4.11403440776162E-08	1.75060344029496E-06
63.925	1.24282413180405E-09	3.36104824047424E-09	4.6163860826335E-06	4.04780980675823E-08	1.89395890983124E-06
64.0916666999999	1.01960723500186E-09	6.18256084269986E-09	4.58891020768456E-06	4.28653135858051E-08	1.93755037387601E-06
64.2583333	1.26440954205242E-09	5.05321588844045E-09	4.56939385190214E-06	4.29853587478126E-08	1.98224897067253E-06
64.425	1.50204096722911E-09	5.9972449775064E-09	4.55079487100681E-06	4.50778413302328E-08	1.92924943867761E-06
64.5916666999999	1.35942603597025E-09	4.51324106622425E-09	4.52631301886335E-06	4.74986704628474E-08	1.93530523301452E-06
64.7583333	8.61906550910915E-10	5.10556406992735E-09	4.50496898209095E-06	4.89320477934233E-08	1.97598996958174E-06
64.925	1.91557373848989E-09	6.64370071273526E-09	4.48214942122742E-06	4.81897050196282E-08	1.86185246925937E-06
65.0916666999999	7.42830072285453E-10	8.19497846781609E-09	4.46182449578454E-06	4.97960526126154E-08	1.98055069449108E-06
65.2583333	7.30471672211224E-10	6.85169244096923E-09	4.43613804862695E-06	5.30353903625119E-08	2.02637284229178E-06
65.425	7.48432943440692E-10	1.58911542334215E-09	4.41513015990467E-06	5.61147091755255E-08	2.11803114943717E-06
65.5916666999999	9.51643422162355E-10	3.32328150970144E-09	4.39064199643469E-06	5.47033355485513E-08	2.03397316116328E-06
65.7583333	1.27298715372238E-09	5.10472698748733E-09	4.36564566810996E-06	5.75335336071745E-08	2.12204883892834E-06
65.925	1.50237982371692E-09	4.37450538751195E-09	4.3430206097246E-06	5.7728192184727E-08	2.10319418851032E-06
66.0916666999999	9.98499179710506E-10	3.99358575770377E-09	4.31948132956008E-06	6.03649304250166E-08	2.06631165815509E-06
66.2583333	8.7023851711124E-10	5.75218443911555E-09	4.30098647285891E-06	6.17212737598329E-08	2.07521431524007E-06
66.425	6.99841690907943E-10	4.07652859428249E-09	4.26978931073134E-06	6.27110223012624E-08	2.21094046850715E-06
66.5916666999999	1.62138095568011E-09	4.47964447953647E-09	4.24700593667262E-06	6.55734795061583E-08	2.32327368490922E-06
66.7583333	9.09898881982259E-10	4.18125044656961E-09	4.2237549881428E-06	6.70098695558525E-08	2.30779553610775E-06
66.925	1.10850049883446E-09	3.75655130992797E-09	4.19905818598991E-06	6.84803746655005E-08	2.18381856599783E-06
67.0916666999999	1.42450204770655E-09	2.24489171031501E-09	4.17668560524588E-06	7.07453989237792E-08	2.20971178468315E-06
67.2583333	7.03015584754433E-10	6.78856776475147E-09	4.14958466888967E-06	7.29761936569419E-08	2.36779781838041E-06
67.425	8.95580406937055E-10	3.88006262313703E-09	4.12540284883731E-06	7.65031686013684E-08	2.11893980344979E-06
67.5916666999999	1.03832223978131E-09	3.86224642213868E-09	4.10047076730803E-06	7.7844745177178E-08	2.27748762684249E-06
67.7583333	8.0481206588495E-10	5.55573096516282E-09	4.07663435866471E-06	7.76223015308899E-08	2.37775017570949E-06
67.925	6.58678115677331E-10	5.04442751691454E-09	4.0522806997766E-06	8.1990822897494E-08	2.36296604710929E-06
68.0916666999999	5.18489491866008E-10	3.33616585985048E-09	4.02394881142803E-06	8.374732534654E-08	2.40196106654606E-06
68.2583333	7.43070827974656E-10	4.72201354203197E-09	3.99545231604008E-06	8.7309029434483E-08	2.52425883785648E-06
68.425	6.5981428759003E-10	5.91613377031188E-09	3.96260472262817E-06	8.82864280911216E-08	2.409674249928E-06
68.5916666999999	8.66030526672172E-10	5.83110300283925E-09	3.93583790791244E-06	9.0374258706893E-08	2.54876578573891E-06
68.7583333	1.01271163843691E-09	4.89134240219243E-09	3.9114636423635E-06	9.24216923132748E-08	2.50346168208606E-06
68.925	1.41058389795618E-09	4.60052272326344E-09	3.87619273557846E-06	9.47172598282334E-08	2.6399832510438E-06
69.0916666999999	8.51199296310934E-10	4.25134614125792E-09	3.85099010676234E-06	9.80113635666629E-08	2.48696900703548E-06
69.2583333	6.90736226417024E-10	3.33534002196217E-09	3.82227921882642E-06	9.77592236414264E-08	2.59225116333062E-06
69.425	7.78993954742144E-10	5.01887206349414E-09	3.79935329011231E-06	1.0331506427369E-07	2.57962765214266E-06
69.5916666999999	1.22746317714778E-09	3.3795682406983E-09	3.77259492222533E-06	1.0693576215313E-07	2.5581988526479E-06
69.7583333	2.62285745876497E-10	3.71771789466211E-09	3.74250593035715E-06	1.08802444856593E-07	2.74252084445493E-06
69.925	1.0917281911964E-09	5.58751541078772E-09	3.71953811432473E-06	1.09943523070683E-07	2.56483274699572E-06
70.0916666999999	6.05217836834352E-10	3.66929863885093E-09	3.68827599227567E-06	1.14249352598932E-07	2.56938758762009E-06
70.2583333	7.20098574593918E-10	4.73365030099856E-09	3.66429738066531E-06	1.1610149639425E-07	2.89510254187919E-06
70.425	9.21806077196016E-10	4.29419784594045E-09	3.63692470282708E-06	1.18429644927838E-07	2.76072538685131E-06
70.5916666999999	5.22004347024136E-10	3.44588348572289E-09	3.60915143338163E-06	1.20584051649761E-07	2.82174556666881E-06
70.7583333	1.34502466129935E-09	4.24302552251426E-09	3.58317348706551E-06	1.25622394699738E-07	2.78834097304122E-06
70.925	6.70679784346856E-10	6.31028147147918E-09	3.55483604774525E-06	1.26099525592054E-07	2.70584590387273E-06
71.0916666999999	9.35306141988384E-10	4.28283323637037E-09	3.52681237420668E-06	1.3177987597923E-07	2.8718255483032E-06
71.2583333	7.93376553642172E-10	3.10965873215202E-09	3.5023358388439E-06	1.30919406786798E-07	2.97510745628716E-06
71.425	1.16513162174345E-09	4.28867694917984E-09	3.47028114747748E-06	1.36242063794404E-07	2.86879223151197E-06
71.5916666999999	8.82226556019165E-10	3.20125788051382E-09	3.44601427040233E-06	1.38548048392635E-07	2.91701327490338E-06
71.7583333	1.30715350715801E-09	4.93852275564497E-09	3.42038062938427E-06	1.42849405759169E-07	2.93245821785314E-06
71.925	9.55603102804926E-10	8.1318165412548E-09	3.38932564803403E-06	1.4682657148788E-07	3.05529343959023E-06
72.0916666999999	1.03854843778479E-09	3.43713242715858E-09	3.35775315089742E-06	1.4945797262633E-07	3.02309624414945E-06
72.2583333	1.09743046069391E-09	6.69152461721048E-09	3.33124068572635E-06	1.52939669428674E-07	3.04672262140715E-06
72.425	7.83625818331729E-10	2.14670275974682E-09	3.30367714000738E-06	1.545520575981E-07	3.12427685309201E-06
72.5916666999999	7.57718822999828E-10	4.60287684456173E-09	3.27135978653482E-06	1.5632050411131E-07	3.00578129413303E-06
72.7583333	8.40291511417557E-10	4.6965477417514E-09	3.24661830151482E-06	1.62269200851001E-07	3.07926275582367E-06
72.925	5.90800473950837E-10	5.45988622759349E-09	3.21542794214261E-06	1.6576175589965E-07	3.23163878845547E-06
73.0916666999999	7.7852662408334E-10	6.68202076238526E-09	3.18534216176057E-06	1.67235452155604E-07	3.12671508447057E-06
73.2583333	6.739791680709E-10	3.32745691365515E-09	3.16134714981768E-06	1.70250838392002E-07	3.22476676725436E-06
73.425	1.04211797315345E-09	2.2042331672298E-09	3.13406001766804E-06	1.76743557982228E-07	3.23970854161155E-06
73.5916666999999	5.39478834440246E-10	4.34477260383093E-09	3.10301031273433E-06	1.77444327385767E-07	3.24614441480509E-06
73.7583333	8.75055055741689E-10	5.37182569586809E-09	3.07299172154421E-06	1.82880488249673E-07	3.44830491007223E-06
73.925	8.37507449845921E-10	8.11320265223666E-09	3.04996896290776E-06	1.88847340030875E-07	3.37825750800186E-06
74.0916666999999	9.74761918309336E-10	4.80806555477442E-09	3.01913603258055E-06	1.90244887416076E-07	3.29762292684748E-06
74.2583333	8.42160197337071E-10	5.54950975568263E-09	2.98923559317664E-06	1.93260711697366E-07	3.27540978864398E-06
74.425	8.20414789759306E-10	2.43152182899132E-09	2.96337110564988E-06	1.97773906821834E-07	3.43137404135652E-06
74.5916666999999	7.32739374413417E-10	5.71615284358477E-09	2.93450774219125E-06	2.01218995729382E-07	3.47461499610631E-06
74.7583333	1.07688796680188E-09	5.59243821707005E-09	2.90536256850503E-06	2.06081238345397E-07	3.44331448745716E-06
74.925	1.16335419955578E-09	2.80504106373261E-09	2.87828967111179E-06	2.09625729422703E-07	3.50317572094229E-06
75.0916666999999	9.2058179364269E-10	4.62774244925736E-09	2.84949283471733E-06	2.13003078973577E-07	3.42956518347871E-06
75.2583333	6.55304071642024E-10	4.51508599809854E-09	2.82555360923964E-06	2.1911459205748E-07	3.56018123404316E-06
75.425	7.34257807240811E-10	3.02808448777791E-09	2.79988444233222E-06	2.21792877943728E-07	3.68593903012218E-06
75.5916666999999	1.04977331627328E-09	2.48567911775813E-09	2.767446110452E-06	2.24801113573999E-07	3.62029531853835E-06
75.7583333	7.0615362518264E-10	3.75654205141747E-09	2.74081540811799E-06	2.34527103228473E-07	3.60784557432489E-06
75.925	8.14173484978821E-10	4.79084407143801E-09	2.70941845794187E-06	2.36641555402286E-07	3.61086182941101E-06
76.0916666999999	9.66221537632769E-10	5.90277736315701E-09	2.68648524278435E-06	2.42106368939756E-07	3.60453205751962E-06
76.2583333	6.79456112761817E-10	5.09021037514435E-09	2.6588702569891E-06	2.46520811956914E-07	3.78827183873134E-06
76.425	8.73243086175801E-10	6.28785626394869E-09	2.62282881475858E-06	2.46252067186325E-07	3.58901807537937E-06
76.5916666999999	7.6745593179182E-10	4.15870748615786E-09	2.5990288540607E-06	2.52362256388005E-07	3.5727321382113E-06
76.7583333	1.0718298200048E-09	3.66082820654152E-09	2.57380848889588E-06	2.54969619263422E-07	3.90813081371031E-06
76.925	7.60233531400775E-10	4.14697761621143E-09	2.54539795296104E-06	2.61770864210936E-07	3.84667917610016E-06
77.0916666999999	3.8335956222663E-10	3.20228386964303E-09	2.51294374243713E-06	2.63944559914853E-07	3.84504169616702E-06
77.2583333	6.79286099766125E-10	2.78285951899828E-09	2.48869483399296E-06	2.68175485830698E-07	3.84772878502987E-06
77.425	4.1850905083539E-10	2.48579727647785E-09	2.45897396504961E-06	2.75151584980578E-07	3.91894118068533E-06
77.5916666999999	1.07641362486672E-09	2.92881376745339E-09	2.43173641229951E-06	2.78199962473529E-07	3.90966046322011E-06
77.7583333	9.40605710719477E-10	5.44313924824982E-09	2.40817598852691E-06	2.81897219584428E-07	3.93255413308029E-06
77.925	7.13772714883157E-10	3.88433040353382E-09	2.38055985593508E-06	2.88306021650939E-07	4.03384367426533E-06
78.0916666999999	8.69202247265848E-10	4.89428756932612E-09	2.35052586912745E-06	2.9295998982351E-07	4.03008624102651E-06
78.2583333	8.70610531639038E-10	2.16526074836102E-09	2.33106807690597E-06	2.98250778381643E-07	4.01848094032454E-06
78.425	7.02473956545318E-10	4.36231995165091E-09	2.30375552928964E-06	3.0286158360689E-07	4.1051373766113E-06
78.5916666999999	5.72287789124989E-10	3.29964249213866E-09	2.2694838490177E-06	3.08661934673046E-07	4.00907585605178E-06
78.7583333	8.50751644735E-10	4.09681489559899E-09	2.25201551373922E-06	3.10910393201914E-07	4.07399776117472E-06
78.925	1.07420497519684E-09	5.97237131802999E-09	2.2204202416405E-06	3.16259806260393E-07	4.10354021515922E-06
79.0916666999999	7.39251521176421E-10	4.46065109668681E-09	2.19213740752261E-06	3.23972570696151E-07	4.16932059494176E-06
79.2583333	4.71468438999825E-10	3.82113249548797E-09	2.17040948097538E-06	3.2756477472624E-07	4.11945028692602E-06
79.425	4.84374465659783E-10	4.50812059978719E-09	2.14249062026297E-06	3.29475987960516E-07	4.17516091362867E-06
79.5916666999999	9.35734462410408E-10	4.56285445759286E-09	2.11289083303367E-06	3.36330535579997E-07	4.22267228465051E-06
79.7583333	1.01135847341492E-09	5.65772919228866E-09	2.08844081837129E-06	3.41824748848373E-07	4.26658715679515E-06
79.925	8.13250741123224E-10	2.39926560468335E-09	2.0645740357295E-06	3.45095528845556E-07	4.18178610058152E-06
80.0916666999999	5.45089119959062E-10	3.62119370688624E-09	2.03839465749625E-06	3.47509452085776E-07	4.25759285574965E-06
80.2583333	5.60469905027136E-10	4.29669969576629E-09	2.01213953591E-06	3.56212980452422E-07	4.27180391404736E-06
80.425	5.02732538265974E-10	2.47300519901232E-09	1.98436940770667E-06	3.59160633001858E-07	4.30130685237459E-06
80.5916666999999	7.96400472310466E-10	4.25756002932286E-09	1.9638358176042E-06	3.65322393801868E-07	4.34029103387223E-06
80.7583333	8.61658672664575E-10	3.62649650342509E-09	1.93817968818536E-06	3.70573519168562E-07	4.3918417690603E-06
80.925	7.23834865401822E-10	4.50065104002118E-09	1.91340653685731E-06	3.78300138192423E-07	4.43809178464753E-06
81.0916666999999	2.93091603624726E-10	2.98576412359082E-09	1.89788650619654E-06	3.81299630302685E-07	4.30448134956305E-06
81.2583333	3.55076267718947E-10	3.85798566255267E-09	1.86700393194788E-06	3.8757073511297E-07	4.46623522997162E-06
81.425	4.07372470409246E-10	3.59237945857216E-09	1.8472095624765E-06	3.90501325192743E-07	4.52695323458573E-06
81.5916666999999	6.70679728402311E-10	3.7277900210847E-09	1.83007953222404E-06	3.96942066536117E-07	4.45093143006479E-06
81.7583333	5.53776299357771E-10	4.19651332889483E-09	1.80161818957434E-06	4.00658322419975E-07	4.49964724856793E-06
81.925	4.98722909851739E-10	2.61968277993865E-09	1.78546546054636E-06	4.05207864424065E-07	4.56796873821004E-06
82.0916666999999	6.0930504986124E-10	3.66667406156541E-09	1.76469753069557E-06	4.11618820618062E-07	4.55483505560383E-06
82.2583333	6.41274552828995E-10	3.77802656018603E-09	1.74147688549611E-06	4.16282519321299E-07	4.5599266208799E-06
82.425	2.62198029052831E-10	3.90992561871826E-09	1.72109837573286E-06	4.21247005147231E-07	4.37807443059267E-06
82.5916666999999	9.19145959929997E-10	4.66987635888573E-09	1.6958811187717E-06	4.23361857112201E-07	4.60467482630047E-06
82.7583333	1.10430186103293E-09	4.90294836699529E-09	1.67665718487575E-06	4.29908307994881E-07	4.73278937732582E-06
82.925	6.12449425082775E-10	3.07415400536461E-09	1.65873022888882E-06	4.36044003203579E-07	4.69477984010192E-06
83.0916666999999	5.22088817291231E-10	6.49612720615969E-09	1.63707711509054E-06	4.39820378184448E-07	4.6495806497697E-06
83.2583333	3.86555239912783E-10	2.7865978305474E-09	1.62144480599122E-06	4.42770321301706E-07	4.61009064176134E-06
83.425	5.5697226404508E-10	3.70910757120013E-09	1.59670325383194E-06	4.52181188999195E-07	4.73298415100083E-06
83.5916666999999	1.06175756106577E-09	4.56350766151521E-09	1.58380103487852E-06	4.54363552171863E-07	4.64167531433822E-06
83.7583333	4.30776880705966E-10	2.61628205645117E-09	1.56227217470871E-06	4.59264595854663E-07	4.65331477752523E-06
83.925	6.68298794742893E-10	2.92632638785797E-09	1.53787226730469E-06	4.65161899527622E-07	4.7597758468519E-06
84.0916666999999	5.85979987684435E-10	3.69861131268098E-09	1.52890945695116E-06	4.71779492857863E-07	4.63425160450909E-06
84.2583333	4.97722528087841E-10	6.74617811013288E-09	1.50872566095881E-06	4.75407693233529E-07	4.87784029488563E-06
84.425	4.48656150878214E-10	3.96766766795591E-09	1.48917786398496E-06	4.77847210330291E-07	4.83371351259648E-06
84.5916666999999	8.28779244010745E-10	4.66573188745521E-09	1.47298559872451E-06	4.84758539267651E-07	4.72337343209248E-06
84.7583333	3.79804733702697E-10	4.31711371935122E-09	1.4602224675117E-06	4.89364812625154E-07	4.81282865387455E-06
84.925	7.1011630653057E-10	3.61709318859224E-09	1.44013390137061E-06	4.92174756827887E-07	4.75398599380926E-06
85.0916666999999	6.30975381559414E-10	3.32659162684042E-09	1.43011604765407E-06	4.96236153957874E-07	4.85062256907136E-06
85.2583333	5.06514476228351E-10	3.96975516521453E-09	1.40757862318108E-06	5.00921134312897E-07	4.78222942939567E-06
85.425	6.645286611511E-10	3.2963528483474E-09	1.39614514843913E-06	5.06748939392799E-07	4.85252483623562E-06
85.5916666999999	7.24854231267855E-10	3.86769421401176E-09	1.37816317666101E-06	5.13085059907967E-07	4.78269485420761E-06
85.7583333	5.93124724369493E-10	3.43905936089352E-09	1.36558506698092E-06	5.16547958528182E-07	4.89422269863853E-06
85.925	7.39499890814371E-10	3.78677390805121E-09	1.34925961830506E-06	5.19861132369309E-07	4.82016251763266E-06
86.0916666999999	6.04470623395426E-10	4.90257142705196E-09	1.33642734105529E-06	5.27926038113148E-07	4.9416435306568E-06
86.2583333	5.7255686339438E-10	3.09133736266151E-09	1.32319618016121E-06	5.30297195732602E-07	4.93229417077181E-06
86.425	8.4392459098356E-10	2.48098063779842E-09	1.30224477263231E-06	5.35391649567141E-07	4.91375971077237E-06
86.5916666999999	4.76108041404758E-10	2.90751283630552E-09	1.29424212454582E-06	5.41005815966767E-07	4.78883003714759E-06
86.7583333	6.13725987779096E-10	3.86103743197339E-09	1.2795759577001E-06	5.47168441139968E-07	4.90501913228072E-06
86.925	1.854123189284E-10	5.53829908363866E-09	1.26682250208184E-06	5.52732514790867E-07	4.90568653880834E-06
87.0916666999999	7.95173108134734E-10	3.80856559150273E-09	1.25977379227751E-06	5.56478232018149E-07	4.96728989281155E-06
87.2583333	3.07827262901148E-10	2.62425550922175E-09	1.2407375760466E-06	5.60937164136917E-07	4.81705491836817E-06
87.425	6.20758007872488E-10	3.39465338163486E-09	1.22986821064484E-06	5.66338547101186E-07	4.88471571354494E-06
87.5916666999999	8.5986999065206E-10	2.84421551156009E-09	1.21828306292443E-06	5.6802194863343E-07	5.00972679053271E-06
87.7583333	4.64201884286882E-10	3.86861776971615E-09	1.2139484964689E-06	5.72775947401324E-07	5.01843549263471E-06
87.925	5.20404227794983E-10	3.04704554274254E-09	1.19363988624834E-06	5.78989991254036E-07	4.98593030625665E-06
88.0916666999999	6.7512763143495E-10	4.03612660078948E-09	1.1880122152238E-06	5.85255358269024E-07	4.93702054021103E-06
88.2583333	3.02973596400943E-10	3.15352189491839E-09	1.17303570978208E-06	5.90439977449135E-07	4.98931925337824E-06
88.425	3.00800311661065E-10	3.58707916996533E-09	1.16452226534518E-06	5.9680121495896E-07	5.00285905968387E-06
88.5916666999999	5.49415923720187E-10	2.52679680259335E-09	1.15693714100202E-06	5.99974782749148E-07	5.03268218647015E-06
88.7583333	6.05072614254818E-10	4.48598469372717E-09	1.14264486880155E-06	6.04568824701236E-07	5.01593727532893E-06
88.925	8.62852159929995E-10	3.76146341449139E-09	1.13609496290625E-06	6.10882281393378E-07	4.88167892279364E-06
89.0916666999999	4.53346239790597E-10	4.13148616132596E-09	1.13311974999782E-06	6.10244692344488E-07	4.96891175891859E-06
89.2583333	4.48712193817569E-10	3.76905339472154E-09	1.11850774833605E-06	6.16365382499868E-07	4.67672811174161E-06
89.425	5.05436143272653E-10	2.73235183445047E-09	1.10935900317469E-06	6.22254736276031E-07	5.05584862181953E-06
89.5916666999999	4.85208036624517E-10	2.83786070336085E-09	1.1060346431812E-06	6.25132179148036E-07	5.16712052930623E-06
89.7583333	5.72418916528996E-10	3.51779110974036E-09	1.0958882304498E-06	6.2990074382195E-07	4.98250193956172E-06
89.925	6.72151930322018E-10	4.526322569143E-09	1.09522239337132E-06	6.32519580603835E-07	5.02541677223974E-06
90.0916666999999	6.22107541198214E-10	1.9213239436428E-09	1.08955542216722E-06	6.37517896877707E-07	4.99783937049528E-06
90.2583333	4.02255214002913E-10	2.44421574901062E-09	1.08539140179839E-06	6.42535653766293E-07	4.99428748218097E-06
90.425	3.73647757824839E-10	3.76403042303031E-09	1.08218311091093E-06	6.46734945589529E-07	4.84018991122044E-06
90.5916666999999	8.18256900333749E-10	2.95842917888298E-09	1.08041080513562E-06	6.49784232478046E-07	5.07987452201329E-06
90.7583333	3.1726198450239E-10	2.49890431063976E-09	1.08072709519219E-06	6.48632260956355E-07	4.9875671108936E-06
90.925	7.68599532746322E-10	3.61694412841942E-09	1.08352719168484E-06	6.54165960041485E-07	4.97197524635108E-06
91.0916666999999	3.48002106772847E-10	2.52364922209015E-09	1.08344978286025E-06	6.5295764115642E-07	4.95278914819837E-06
91.2583333	3.81838645828561E-10	2.23583961652797E-09	1.08864015374067E-06	6.56535919366885E-07	4.99504080393357E-06
91.425	7.03750804374288E-10	3.16256920463451E-09	1.09345481140865E-06	6.57691175557997E-07	4.82168791119934E-06
91.5916666999999	6.52733211652063E-10	2.36676299706641E-09	1.09925340142819E-06	6.5734337767911E-07	4.83429105231704E-06
91.7583333	6.56292892363135E-10	4.57039653033977E-09	1.1041138042115E-06	6.5727056054026E-07	5.062210766687E-06
91.925	5.06219368827076E-10	2.31550091987017E-09	1.1122369045641E-06	6.60216811754361E-07	4.98097629582217E-06
92.0916666999999	5.75692706214558E-10	2.30352675621055E-09	1.12296537913371E-06	6.60865782078009E-07	4.88487112827545E-06
92.2583333	5.53515066261457E-10	4.29247742883021E-09	1.125999962623E-06	6.58686408849401E-07	4.89482004499692E-06
92.425	5.89803954597474E-10	3.82385096640208E-09	1.13486418317771E-06	6.59504134113073E-07	4.81078031645214E-06
92.5916666999999	6.96530068920919E-10	3.34781042085589E-09	1.14360072803852E-06	6.55551791698192E-07	4.75404152748138E-06
92.7583333	8.46992743897505E-10	5.52581546948639E-09	1.14845608497456E-06	6.55648708715466E-07	4.92898012535354E-06
92.925	7.19739939058488E-10	3.44659100910664E-09	1.16387921957197E-06	6.54691664295336E-07	4.85504215544954E-06
93.0916666999999	2.55436003386518E-10	2.93702592422116E-09	1.1708259990615E-06	6.52711065589011E-07	4.83797794508785E-06
93.2583333	4.6083041948705E-10	3.94922257222977E-09	1.17951863374558E-06	6.53621537685005E-07	4.74024895039358E-06
93.425	2.07026653045518E-10	3.58331054241408E-09	1.18868429517692E-06	6.50553990953038E-07	4.73147312371771E-06
93.5916666999999	5.21830195087314E-10	2.87050958228942E-09	1.19685923202863E-06	6.48471684965236E-07	4.66560127121427E-06
93.7583333	3.44528044573722E-10	4.21358846863434E-09	1.2070081628016E-06	6.48319610523428E-07	4.84440497706219E-06
93.925	5.7019876366848E-10	2.52020194470094E-09	1.22100552777436E-06	6.50840239832417E-07	4.82163512440261E-06
94.0916666999999	5.46156408176963E-10	3.83239354291522E-09	1.22756584720195E-06	6.46143955518008E-07	4.68028828571866E-06
94.2583333	9.34294078660746E-10	3.11169984997044E-09	1.2403441771773E-06	6.45796511800386E-07	4.68359644900048E-06
94.425	5.46206398681288E-10	2.74362106897522E-09	1.25185770011995E-06	6.42406660148067E-07	4.58159054877469E-06
94.5916666999999	3.65296994677613E-10	1.14041371652038E-09	1.26224239167813E-06	6.40524817766177E-07	4.6471764369457E-06
94.7583333	3.9020431429254E-10	2.10592178774907E-09	1.27227587573138E-06	6.39805517337871E-07	4.62041343365341E-06
94.925	8.85286538263506E-10	3.40361414523916E-09	1.28792424672621E-06	6.37914225817992E-07	4.7249263556278E-06
95.0916666999999	6.56927174671254E-10	4.26662357769275E-09	1.29873836352177E-06	6.35232961372411E-07	4.61109382318048E-06
95.2583333	7.39018839904452E-10	3.47618218081491E-09	1.30897520947235E-06	6.34694762665287E-07	4.65483480617594E-06
95.425	6.246701442108E-10	3.02851209279115E-09	1.31959546119742E-06	6.29952079874531E-07	4.50751029492275E-06
95.5916666999999	5.44232549825436E-10	4.07400908133811E-09	1.33364626268701E-06	6.32151924499212E-07	4.42967758269904E-06
95.7583333	3.71730784929813E-10	3.46750965173433E-09	1.34644289189173E-06	6.27252612005299E-07	4.47767663387071E-06
95.925	2.74621052925681E-10	4.59446268110602E-09	1.36185277149525E-06	6.27723246187237E-07	4.54949262431947E-06
96.0916666999999	6.18725199319917E-10	5.54579544835405E-09	1.37342006532158E-06	6.23794682691255E-07	4.56448031652799E-06
96.2583333	7.60312682179437E-10	3.06368604856309E-09	1.38171429697541E-06	6.20492813235159E-07	4.47403005267835E-06
96.425	3.8431803196506E-10	2.53429299576378E-09	1.3947398540121E-06	6.18567044452319E-07	4.55216095680586E-06
96.5916666999999	5.05967859128646E-10	2.69852531133204E-09	1.41308075175397E-06	6.18469421566034E-07	4.46103434439987E-06
96.7583333	7.84839973064408E-10	2.56412765678913E-09	1.4197461084829E-06	6.14346723328359E-07	4.44344195445411E-06
96.925	5.58899960820901E-10	2.26321698793921E-09	1.43185378748463E-06	6.14895047854371E-07	4.28314137687064E-06
97.0916666999999	5.25192212062046E-10	5.00486209175601E-09	1.44569065131932E-06	6.11292459256049E-07	4.39893156733768E-06
97.2583333	7.91591755578636E-10	5.5974345544615E-09	1.46495145988512E-06	6.07426253248341E-07	4.4197839270819E-06
97.425	6.72642086837425E-10	4.33739747245752E-09	1.47016165844535E-06	6.04413820478007E-07	4.46871210178996E-06
97.5916666999999	4.2656917498717E-10	3.27264357696504E-09	1.48697704082826E-06	6.02960577198933E-07	4.32647102394714E-06
97.7583333	3.38177137706664E-10	3.00646182584921E-09	1.49836050395171E-06	6.00166276177599E-07	4.35884639810955E-06
97.925	6.91104958320876E-10	2.98103253176536E-09	1.51166450642031E-06	5.94051923948268E-07	4.29957644001743E-06
98.0916666999999	9.89130617404868E-10	2.56973718895046E-09	1.52347814755014E-06	5.93138388095034E-07	4.32519763184046E-06
98.2583333	3.7336555893966E-10	3.19279476590782E-09	1.53512553091792E-06	5.92594538356223E-07	4.24055851244647E-06
98.425	5.9354365561566E-10	4.36033739996589E-09	1.54490996030554E-06	5.89485499223698E-07	4.15651017010302E-06
98.5916666999999	2.57217055784252E-10	9.31875132651689E-10	1.56112307904531E-06	5.8477007436099E-07	4.24936472488419E-06
98.7583333	4.73019294155425E-10	3.10230322154548E-09	1.57353280094542E-06	5.84951116256082E-07	4.20542432266224E-06
98.925	7.63537269334866E-10	4.95618551298166E-09	1.58512849738728E-06	5.80792397621926E-07	4.33162725778497E-06
99.0916666999999	5.25702230114546E-10	3.1431266758346E-09	1.5990530693883E-06	5.81094865107141E-07	4.07486525666163E-06
99.2583333	7.19473134710765E-10	2.42277589794513E-09	1.61000183672713E-06	5.74246211678916E-07	4.2149986864186E-06
99.425	4.32312639526882E-10	3.57319507901138E-09	1.62185554608989E-06	5.70110110158609E-07	4.17430653071363E-06
99.5916666999999	5.45022075679613E-10	4.71175544580792E-09	1.63240341669636E-06	5.70573421671479E-07	4.21078068139417E-06
99.7583333	1.71772689531955E-10	4.74508360786907E-09	1.6466975526215E-06	5.68412574734603E-07	4.03016503689049E-06
99.9216666666666	8.07427226552463E-10	3.79906809155819E-09	1.6600668150904E-06	5.67400553507311E-07	4.13312181574647E-06
100.044444666666	7.06747793719983E-10	5.23168616984591E-09	1.66128665328348E-06	5.64317800396594E-07	4.04180719512991E-06
100.155555333333	4.64094517806501E-10	5.32319158816628E-09	1.67219366902411E-06	5.65807005375732E-07	4.07288496802912E-06
100.266666666666	6.93906023124719E-10	7.03558715537877E-09	1.68052883474682E-06	5.62668998047628E-07	4.08016982803914E-06
100.377778	5.86564859608885E-10	5.92000712438762E-09	1.68604740819366E-06	5.62127691746204E-07	4.01843357127829E-06
100.488888666666	5.27348446377197E-10	7.67201705349077E-09	1.69454360767948E-06	5.59159173344441E-07	4.05352642849191E-06
100.6	4.53063403067228E-10	5.30431340784645E-09	1.70227631089862E-06	5.58310462892012E-07	4.00210251555949E-06
100.711111333333	6.86191347055692E-10	7.1222651809531E-09	1.71125948193422E-06	5.55695453594016E-07	3.97840714876874E-06
100.822222	4.65530060853661E-10	6.37504934622317E-09	1.71794321715955E-06	5.54594141365062E-07	4.10426749065625E-06
100.933333333333	5.3294116390856E-10	6.53560166198074E-09	1.72361372817725E-06	5.54275989454268E-07	3.98420461293519E-06
