time	T_in	T_mid	T_out
0.091666667	379.864611133333	379.379774383333	377.624928583333
0.258333333	379.780612483333	379.2893276	377.539105866666
0.425	379.671783883333	379.184986583333	377.440460666666
0.591666666999999	379.579527549999	379.099924233333	377.346613733333
0.758333332999999	379.478128666666	378.994823566666	377.246263816666
0.925	379.372540816666	378.867702333333	377.12476305
1.09166667	379.278367316666	378.779430233333	377.039177633333
1.25833333	379.214124116666	378.721061783333	376.973904783333
1.42499999999999	379.15181425	378.628698933333	376.885957166666
1.59166667	379.051069016666	378.565241416666	376.810018433333
1.75833333	378.994018766666	378.47935955	376.714119166666
1.925	378.931678999999	378.415094199999	376.638494416666
2.09166666999999	378.8725004	378.330251899999	376.56931885
2.25833333	378.8033737	378.2701154	376.48568185
2.425	378.777827	378.237480033333	376.409348766666
2.59166666999999	378.718825916666	378.200550733333	376.3612912
2.75833333	378.658581783333	378.130978216666	376.287786166666
2.925	378.643593316666	378.0814382	376.233131266666
3.09166666999999	378.59513355	378.043107166666	376.185335866666
3.25833333	378.564780266666	377.998602949999	376.118521233333
3.425	378.5200276	377.956789433333	376.075434783333
3.59166667	378.489715083333	377.931128583333	376.037859516666
3.75833333	378.459832783333	377.904000966666	375.993000733333
3.925	378.44710765	377.882281116666	375.99576135
4.09166667	378.396452566666	377.835136033333	375.90616095
4.25833333	378.338192283333	377.7615184	375.85856875
4.425	378.309749366666	377.728951916666	375.825442183333
4.59166667	378.255984166666	377.671632733333	375.778318616666
4.75833333	378.232481683333	377.637862883333	375.73349845
4.925	378.19815285	377.607991966666	375.678493849999
5.09166667	378.151167349999	377.575178499999	375.6473275
5.25833333	378.112035133333	377.525869466666	375.566728583333
5.425	378.095998333333	377.491803416666	375.523814966666
5.59166667	378.068555716666	377.474833616666	375.52507665
5.75833333	378.027347216666	377.4307002	375.466981033333
5.925	378.005184766666	377.403883	375.4434716
6.09166667	377.977933683333	377.3728227	375.4078388
6.25833333	377.958060183333	377.3530855	375.35570625
6.425	377.949807783333	377.329058149999	375.33458385
6.59166667	377.923707833333	377.308115299999	375.289461483333
6.75833332999999	377.899783116666	377.296536166666	375.259281283333
6.925	377.89493	377.251425083333	375.258335216666
7.09166667	377.8761619	377.229960233333	375.216195283333
7.25833332999999	377.87268285	377.240686966666	375.245154983333
7.425	377.880208383333	377.238169466666	375.209471083333
7.59166667	377.845894766666	377.224493566666	375.176524866666
7.75833332999999	377.829747849999	377.197932716666	375.147960966666
7.925	377.7971252	377.1631979	375.1158439
8.09166667	377.806803483333	377.1550964	375.106439833333
8.25833333	377.791557866666	377.127852983333	375.072520999999
8.425	377.777627933333	377.106224966666	375.041939416666
8.59166667	377.779544149999	377.097523133333	375.03817725
8.75833333	377.753415233333	377.101409149999	375.009683966666
8.925	377.75736715	377.07867305	375.00511885
9.09166667	377.744956966666	377.078425083333	374.997306916666
9.25833333	377.74138815	377.076296516666	374.94951015
9.425	377.69760315	377.044257466666	374.9345325
9.59166667	377.711783533333	377.034094866666	374.919184483333
9.75833333	377.716642766666	377.025322516666	374.910794866666
9.925	377.697223183333	377.015713883333	374.88823335
10.0916667	377.6820738	376.998329983333	374.8747579
10.2583333	377.65767565	376.986933966666	374.854793716666
10.425	377.678922933333	376.9895113	374.827426733333
10.5916667	377.679950883333	376.972316733333	374.804624733333
10.7583333	377.693099316666	376.982673583333	374.81137865
10.925	377.716523116666	377.008980133333	374.8253794
11.0916667	377.710579266666	376.984064566666	374.793509066666
11.2583333	377.775802083333	377.028680233333	374.781065383333
11.425	377.838429916666	377.07307005	374.801432716666
11.5916667	377.958072449999	377.151763616666	374.853141199999
11.7583333	378.067029383333	377.255509983333	374.86213315
11.925	378.23591305	377.391652416666	374.915338333333
12.0916667	378.423874716666	377.556438966666	374.998048316666
12.2583333	378.679333383333	377.784563166666	375.12394735
12.425	378.907519649999	378.008996383333	375.2594703
12.5916667	379.2104001	378.277840833333	375.429151916666
12.7583333	379.51844735	378.553259083333	375.60298785
12.925	379.883351216666	378.8853793	375.85486115
13.0916667	380.240117283333	379.223544816666	376.087634266666
13.2583333	380.619992766666	379.581626633333	376.351622866666
13.425	381.027750216666	379.966034266666	376.635195899999
13.5916667	381.431099966666	380.34122075	376.921529183333
13.7583333	381.831616816666	380.711990633333	377.20602265
13.925	382.247659733333	381.115717316666	377.528745049999
14.0916667	382.679236233333	381.514466333333	377.867563166666
14.2583333	383.125422183333	381.944918666666	378.187428916666
14.425	383.582703199999	382.373032283333	378.576426783333
14.5916667	384.0141978	382.80763695	378.945129333333
14.7583333	384.473226366666	383.233018133333	379.2759556
14.925	384.9572085	383.664335383333	379.634661033333
15.0916667	385.469715383333	384.144962	380.065074183333
15.2583333	385.974269266666	384.615914266666	380.42971245
15.425	386.5086812	385.1198737	380.826533699999
15.5916667	387.052167266666	385.62437785	381.205827466666
15.7583333	387.623847566666	386.196966716666	381.654752483333
15.925	388.200589083333	386.705745816666	382.11915525
16.0916666999999	388.825719366666	387.304183483333	382.576390416666
16.2583333	389.415070783333	387.889235566666	383.063638533333
16.425	390.041257966666	388.491962016666	383.570227233333
16.5916666999999	390.676946983333	389.082524733333	384.06367895
16.7583333	391.320904633333	389.697663416666	384.579872566666
16.925	391.98523475	390.337812233333	385.109814183333
17.0916666999999	392.665145383333	390.997234166666	385.65211935
17.2583333	393.327379183333	391.630604316666	386.251329549999
17.425	394.02643135	392.29357415	386.799527733333
17.5916666999999	394.7350744	392.955741083333	387.3686912
17.7583333	395.431946999999	393.629886466666	387.944382683333
17.925	396.136920933333	394.30050695	388.531192866666
18.0916666999999	396.844575833333	394.9904969	389.099440633333
18.2583333	397.558550216666	395.689577066666	389.6996257
18.425	398.318612916666	396.396853283333	390.308945566666
18.5916666999999	399.047009416666	397.091419316666	390.9124374
18.7583333	399.805761383333	397.812209516666	391.5484313
18.925	400.556414599999	398.554852266666	392.180095066666
19.0916666999999	401.332939016666	399.29756365	392.7894519
19.2583333	402.130105916666	400.0553308	393.494194899999
19.425	402.917812	400.803984966666	394.140417516666
19.5916666999999	403.724833733333	401.566106133333	394.809899516666
19.7583333	404.5302289	402.328017216666	395.474660166666
19.925	405.343204749999	403.139132916666	396.194991766666
20.0916666999999	406.173669633333	403.923984783333	396.8793469
20.2583333	407.001093349999	404.720406633333	397.573709616666
20.425	407.828061516666	405.5349529	398.255039033333
20.5916666999999	408.683358166666	406.358974666666	398.953732316666
20.7583333	409.556819783333	407.206407716666	399.718720149999
20.925	410.385228766666	408.009244766666	400.4399227
21.0916666999999	411.263247366666	408.833251466666	401.155880633333
21.2583333	412.123736399999	409.6673649	401.897023966666
21.4249999999999	413.009896716666	410.492338216666	402.651492133333
21.5916666999999	413.900119733333	411.358708283333	403.394855783333
21.7583333	414.758081933333	412.195914583333	404.161672366666
21.9249999999999	415.643216566666	413.058495683333	404.895459483333
22.0916666999999	416.565952283333	413.940323549999	405.65995215
22.2583333	417.468068916666	414.8117821	406.457340466666
22.4249999999999	418.3557544	415.676573566666	407.226533183333
22.5916666999999	419.28486845	416.542102583333	408.001965199999
22.7583333	420.1970213	417.433456833333	408.802546016666
22.9249999999999	421.095665166666	418.308494183333	409.556289383333
23.0916666999999	422.0326043	419.208637466666	410.3761527
23.2583333	422.984098616666	420.111595283333	411.199122366666
23.4249999999999	423.86594245	420.986406966666	411.947371366666
23.5916666999999	424.813493983333	421.92141855	412.798981133333
23.7583333	425.758051466666	422.84016845	413.62483595
23.9249999999999	426.665311816666	423.740051366666	414.395298766666
24.0916666999999	427.597670883333	424.639231916666	415.243137983333
24.2583333	428.5652624	425.5566919	416.061998883333
24.4249999999999	429.525284733333	426.483363516666	416.890857149999
24.5916666999999	430.48863465	427.398287166666	417.70215345
24.7583333	431.428831983333	428.356402766666	418.56879285
24.9249999999999	432.379085	429.272553966666	419.404281183333
25.0916666999999	433.336013983333	430.195320216666	420.242995766666
25.2583333	434.287564383333	431.118224933333	421.060940866666
25.4249999999999	435.251563049999	432.0792342	421.898390483333
25.5916666999999	436.2144437	433.018828666666	422.738870999999
25.7583332999999	437.198914266666	433.934114516666	423.5859551
25.925	438.169047183333	434.883751766666	424.451483716666
26.0916667	439.142671933333	435.836549383333	425.331920683333
26.2583332999999	440.090423749999	436.784111933333	426.181112133333
26.425	441.081719866666	437.733806783333	427.054256383333
26.5916667	442.028298933333	438.674419516666	427.90494305
26.7583332999999	442.99745455	439.61126495	428.725856666666
26.925	443.985359116666	440.58797835	429.626444633333
27.0916667	444.95391375	441.5319019	430.490241733333
27.2583332999999	445.9357112	442.486935583333	431.37994305
27.425	446.926162516666	443.441288816666	432.2226075
27.5916667	447.901917766666	444.423777133333	433.113911933333
27.7583332999999	448.86731855	445.361788	433.9924617
27.925	449.851074466666	446.318196083333	434.8567884
28.0916667	450.843857633333	447.279320233333	435.712103666666
28.2583332999999	451.848224416666	448.272796549999	436.594301316666
28.425	452.818237216666	449.204725333333	437.463118316666
28.5916667	453.81246315	450.17246595	438.376231716666
28.7583332999999	454.80684335	451.150444266666	439.260122199999
28.925	455.799971916666	452.110957933333	440.1384074
29.0916667	456.757227333333	453.094363733333	440.996344116666
29.2583332999999	457.750930799999	454.0654797	441.893207
29.425	458.766395949999	455.052485483333	442.761512816666
29.5916667	459.748356016666	456.001802533333	443.654638116666
29.7583332999999	460.735640533333	456.977135366666	444.5381961
29.925	461.719184349999	457.9519234	445.437324883333
30.0916667	462.700610016666	458.912471433333	446.3056895
30.2583332999999	463.685445333333	459.884097116666	447.185080216666
30.425	464.695096516666	460.844413383333	448.049543633333
30.5916667	465.6949992	461.840643716666	448.960100466666
30.7583332999999	466.722760866666	462.826701783333	449.8436021
30.925	467.690805733333	463.786778066666	450.722943066666
31.0916667	468.694239033333	464.790687233333	451.648664016666
31.2583332999999	469.705243399999	465.776322133333	452.5344444
31.425	470.711338216666	466.755725583333	453.410035616666
31.5916667	471.715339783333	467.7411675	454.322683683333
31.7583332999999	472.719784566666	468.73208515	455.214171416666
31.925	473.735792183333	469.700283366666	456.097552183333
32.0916667	474.744092983333	470.71676535	457.01406515
32.2583333	475.766848699999	471.7027961	457.907091966666
32.425	476.770788716666	472.6732292	458.782053133333
32.5916667	477.783239183333	473.666225466666	459.696858766666
32.7583333	478.783909166666	474.675335516666	460.6105217
32.925	479.765162466666	475.639975466666	461.503321366666
33.0916667	480.773708616666	476.63941	462.405062316666
33.2583333	481.783963449999	477.628595266666	463.292940616666
33.425	482.803052366666	478.62023295	464.18161425
33.5916667	483.817695916666	479.612689599999	465.074874566666
33.7583333	484.81513415	480.59861065	465.980751866666
33.925	485.861769416666	481.592524216666	466.873929366666
34.0916667	486.840425683333	482.58369805	467.785311333333
34.2583333	487.85395905	483.58127915	468.708433983333
34.425	488.878092166666	484.570982766666	469.607225316666
34.5916667	489.897409433333	485.573451083333	470.499025733333
34.7583333	490.88413805	486.575728549999	471.366969266666
34.925	491.918522766666	487.574591283333	472.307491766666
35.0916667	492.957005633333	488.58871055	473.215149083333
35.2583333	493.960529316666	489.581760716666	474.142035283333
35.425	494.978116383333	490.570378083333	475.015656516666
35.5916667	495.9899509	491.574280616666	475.925339783333
35.7583333	497.00645225	492.572851416666	476.842335433333
35.925	498.041190883333	493.583570733333	477.761966133333
36.0916667	499.038975883333	494.580488116666	478.656325366666
36.2583333	500.0473515	495.564310983333	479.536413583333
36.425	501.05756765	496.549102649999	480.405574816666
36.5916667	502.06888705	497.568315283333	481.31567655
36.7583333	503.083263616666	498.560940633333	482.23490495
36.925	504.079776466666	499.549986349999	483.132244233333
37.0916667	505.107643183333	500.54861305	484.0402731
37.2583333	506.1464408	501.554951866666	484.951943016666
37.425	507.134023283333	502.51436995	485.842517433333
37.5916667	508.155781466666	503.541049083333	486.758728249999
37.7583333	509.151579166666	504.520158716666	487.655393983333
37.925	510.188522883333	505.52841375	488.558825833333
38.0916667	511.208243883333	506.536420866666	489.473600933333
38.2583333	512.21398025	507.529024183333	490.339802383333
38.425	513.227177649999	508.511397466666	491.269083516666
38.5916667	514.251101683333	509.513174	492.181629533333
38.7583333	515.276024166666	510.501859116666	493.061920566666
38.925	516.2484059	511.502947	493.952983216666
39.0916667	517.289263666666	512.49305805	494.859865249999
39.2583333	518.309701349999	513.517580216666	495.75124975
39.425	519.323174616666	514.517739649999	496.66928885
39.5916667	520.33348865	515.493491783333	497.5723213
39.7583333	521.324617533333	516.482878033333	498.47569285
39.925	522.361802666666	517.479306166666	499.350400866666
40.0916667	523.366013983333	518.491791549999	500.275677533333
40.2583333	524.381333333333	519.473561683333	501.152562466666
40.425	525.37107025	520.459467616666	502.042951666666
40.5916667	526.39288045	521.457519416666	502.94248395
40.7583333	527.359485533333	522.45067565	503.850462199999
40.925	528.395308783333	523.438287083333	504.770758733333
41.0916667	529.402405733333	524.445451666666	505.640791533333
41.2583333	530.417530583333	525.43180155	506.553506433333
41.425	531.4158881	526.415662333333	507.425496616666
41.5916667	532.435562316666	527.420408666666	508.32800945
41.7583333	533.43498555	528.397724683333	509.194
41.925	534.447243266666	529.375662233333	510.103102833333
42.0916667	535.4802325	530.38884575	511.025773
42.2583333	536.483403216666	531.390333966666	511.9115387
42.425	537.455653916666	532.370970866666	512.784874116666
42.5916667	538.44663655	533.354769983333	513.672814833333
42.7583333	539.48674595	534.354526316666	514.59348005
42.925	540.468560883333	535.31471615	515.457192633333
43.0916667	541.479617916666	536.320825966666	516.34736475
43.2583333	542.505895933333	537.322422199999	517.229979033333
43.425	543.524252016666	538.31853835	518.150868466666
43.5916667	544.52422095	539.315489333333	519.034379749999
43.7583333	545.542257133333	540.2903465	519.910765899999
43.925	546.515398683333	541.292437533333	520.821131883333
44.0916667	547.528765233333	542.2798367	521.71496835
44.2583333	548.5137264	543.288876133333	522.610629933333
44.425	549.529023783333	544.261782449999	523.47980385
44.5916667	550.506560366666	545.232080983333	524.343817499999
44.7583333	551.510503816666	546.216244083333	525.21279915
44.925	552.529197266666	547.217532583333	526.115511233333
45.0916667	553.512270533333	548.179662533333	527.022208666666
45.2583333	554.526336616666	549.153454033333	527.892179266666
45.425	555.511860333333	550.1347024	528.767822533333
45.5916667	556.496189516666	551.13431915	529.615564133333
45.7583333	557.471541816666	552.090250966666	530.4853384
45.925	558.496573916666	553.099886416666	531.414100033333
46.0916667	559.5019517	554.072396066666	532.280624583333
46.2583333	560.477979466666	555.042100516666	533.132113049999
46.425	561.478978799999	556.029713533333	534.034947733333
46.5916667	562.4840451	557.0394158	534.940321799999
46.7583333	563.453194583333	557.995327533333	535.820699933333
46.925	564.457318416666	558.987612516666	536.696122066666
47.0916667	565.452233799999	559.952471266666	537.5440746
47.2583333	566.447297299999	560.942714566666	538.438026616666
47.425	567.441162916666	561.912984483333	539.324366666666
47.5916667	568.438914616666	562.91932055	540.219698716666
47.7583333	569.451042366666	563.906934966666	541.076687966666
47.925	570.426139383333	564.86202255	541.924315483333
48.0916667	571.420768566666	565.839807716666	542.803078633333
48.2583333	572.37977555	566.80997565	543.66048395
48.425	573.414796016666	567.786469066666	544.520477833333
48.5916667	574.412216066666	568.781723366666	545.4483959
48.7583333	575.389598949999	569.7857055	546.293223599999
48.925	576.367297283333	570.74294185	547.159546166666
49.0916667	577.330649433333	571.703715916666	548.038801883333
49.2583333	578.3156639	572.663181733333	548.916233133333
49.425	579.300117766666	573.644556833333	549.768704099999
49.5916667	580.284423999999	574.605980533333	550.645232166666
49.7583333	581.27601485	575.567523033333	551.514797683333
49.925	582.2365936	576.5371645	552.347347283333
50.0916667	583.243419483333	577.525972866666	553.225878549999
50.2583333	584.220220883333	578.4744256	554.082162966666
50.425	585.191722283333	579.422365966666	554.9561009
50.5916667	586.1572045	580.386704316666	555.81322165
50.7583333	587.147391933333	581.378096416666	556.658739166666
50.925	588.110450466666	582.311285183333	557.485390216666
51.0916667	589.095349516666	583.274830616666	558.3547409
51.2583333	590.052214816666	584.277421266666	559.222045233333
51.425	591.034677349999	585.217389066666	560.0723831
51.5916667	592.002089616666	586.18669845	560.948978083333
51.7583333	592.989050749999	587.151237866666	561.789695083333
51.925	593.983003883333	588.120827916666	562.645773233333
52.0916667	594.962186933333	589.114801233333	563.513574983333
52.2583333	595.93701735	590.081564766666	564.364139
52.425	596.8744378	591.012113416666	565.170262866666
52.5916667	597.892278566666	591.983770466666	566.065416816666
52.7583333	598.883540766666	592.976296383333	566.9461983
52.925	599.851223383333	593.947413533333	567.803787833333
53.0916667	600.810507666666	594.89416485	568.60600795
53.2583333	601.775440183333	595.842700883333	569.448581633333
53.425	602.725646183333	596.791682599999	570.318803133333
53.5916667	603.69181725	597.770209216666	571.144120883333
53.7583333	604.6924242	598.736401433333	572.011811666666
53.925	605.651650916666	599.678693166666	572.870746516666
54.0916667	606.626792216666	600.649936283333	573.716352483333
54.2583333	607.567273666666	601.614508666666	574.573611449999
54.425	608.542069016666	602.564032583333	575.38372295
54.5916667	609.51535785	603.539836216666	576.251043283333
54.7583333	610.507324449999	604.508570583333	577.116118733333
54.925	611.468896183333	605.4439356	577.91294615
55.0916667	612.429228966666	606.417655	578.778231533333
55.2583333	613.386488349999	607.37895935	579.610521816666
55.425	614.358983033333	608.3407407	580.473406349999
55.5916667	615.332968316666	609.310775983333	581.33467735
55.7583333	616.277401066666	610.2633553	582.175014683333
55.925	617.2635132	611.234867149999	583.022202066666
56.0916667	618.239294783333	612.187009083333	583.866652966666
56.2583333	619.187880783333	613.162385216666	584.726785633333
56.425	620.188155399999	614.124174083333	585.592022283333
56.5916667	621.1329902	615.08405545	586.384861466666
56.7583333	622.084744633333	616.060085016666	587.245579566666
56.925	623.035404066666	617.015990916666	588.08605905
57.0916667	624.018880733333	617.94963135	588.930075066666
57.2583333	624.956884716666	618.937894666666	589.7642942
57.425	625.93500445	619.879577383333	590.63150255
57.5916667	626.92059285	620.833743649999	591.46263935
57.7583333	627.887633783333	621.808761383333	592.292655916666
57.925	628.809042433333	622.731144099999	593.102811316666
58.0916667	629.767987983333	623.695280966666	593.93449745
58.2583333	630.705584833333	624.645331899999	594.7647481
58.425	631.66316615	625.611426683333	595.658925283333
58.5916667	632.641435883333	626.564824316666	596.487650466666
58.7583333	633.575808316666	627.494346383333	597.321236283333
58.925	634.548435716666	628.463136449999	598.16727815
59.0916667	635.483638116666	629.420035566666	598.976041616666
59.2583333	636.426178983333	630.357349983333	599.771494449999
59.425	637.38071975	631.319140733333	600.627553383333
59.5916667	638.36858145	632.281257816666	601.480552566666
59.7583333	639.295179516666	633.239225766666	602.325445466666
59.925	640.220986833333	634.17505035	603.166792183333
60.0916667	641.206917666666	635.133007466666	604.004292633333
60.2583333	642.160221383333	636.089435633333	604.830560533333
60.425	643.127433716666	637.024016716666	605.675407666666
60.5916667	644.067307166666	637.974581683333	606.49710565
60.7583333	645.021949566666	638.919442949999	607.295684433333
60.925	645.943355516666	639.866275716666	608.133510766666
61.0916667	646.884822566666	640.803012633333	608.926545683333
61.2583333	647.828659433333	641.741541683333	609.808581283333
61.425	648.815599866666	642.707864483333	610.576797233333
61.5916667	649.728523733333	643.6406426	611.423322716666
61.7583333	650.641054066666	644.599895016666	612.259704166666
61.925	651.601225733333	645.540430616666	613.109808166666
62.0916667	652.534511683333	646.470511116666	613.93282755
62.2583333	653.4858419	647.433118783333	614.75983235
62.425	654.454821183333	648.383235816666	615.573530033333
62.5916667	655.37584915	649.330167033333	616.409194533333
62.7583333	656.303136	650.259002116666	617.247910033333
62.925	657.254160666666	651.223080683333	618.06558615
63.0916667	658.171234533333	652.156380433333	618.870283283333
63.2583333	659.12119955	653.0997474	619.700936233333
63.425	660.048238216666	654.043654283333	620.504795616666
63.5916667	661.014359016666	655.002171316666	621.357922216666
63.7583333	661.944597166666	655.931944983333	622.19792195
63.925	662.898418883333	656.868766999999	622.986450166666
64.0916666999999	663.830260916666	657.817192283333	623.8242397
64.2583333	664.782331116666	658.777905016666	624.661192716666
64.425	665.695353316666	659.706073183333	625.441442466666
64.5916666999999	666.66093295	660.65007775	626.283191483333
64.7583333	667.601913916666	661.612354583333	627.099745183333
64.925	668.504680699999	662.549383816666	627.955934266666
65.0916666999999	669.442575183333	663.48740335	628.78555925
65.2583333	670.359075216666	664.431729616666	629.57554915
65.425	671.300218166666	665.353636183333	630.402864666666
65.5916666999999	672.212960683333	666.3067631	631.2294135
65.7583333	673.144247	667.24413815	632.048230299999
65.925	674.07182825	668.19643185	632.876843366666
66.0916666999999	674.989996116666	669.13043575	633.685551033333
66.2583333	675.935710899999	670.0712715	634.513057466666
66.425	676.850692366666	671.020613583333	635.353736016666
66.5916666999999	677.776558	671.9673817	636.191037216666
66.7583333	678.735194833333	672.924906016666	637.027218833333
66.925	679.672991833333	673.832736766666	637.812845866666
67.0916666999999	680.599580849999	674.80152045	638.6819797
67.2583333	681.474684166666	675.729226283333	639.512273333333
67.425	682.428782733333	676.682384416666	640.328190433333
67.5916666999999	683.331089699999	677.622410433333	641.162583483333
67.7583333	684.272887516666	678.57326615	641.994097049999
67.925	685.19320075	679.520321433333	642.832523083333
68.0916666999999	686.1027859	680.465482516666	643.645911199999
68.2583333	687.018003666666	681.397047649999	644.454084666666
68.425	687.97621915	682.375726133333	645.316313216666
68.5916666999999	688.886612366666	683.31950235	646.146330483333
68.7583333	689.803237466666	684.2491493	646.982464133333
68.925	690.703890016666	685.19112525	647.818287483333
69.0916666999999	691.626408483333	686.120629316666	648.678278249999
69.2583333	692.559727066666	687.0912453	649.514280383333
69.425	693.501894799999	688.033731649999	650.361944233333
69.5916666999999	694.385144616666	688.979694333333	651.176026416666
69.7583333	695.253391649999	689.911508799999	652.028971966666
69.925	696.175638966666	690.850363549999	652.851953066666
70.0916666999999	697.098825133333	691.787635999999	653.70149605
70.2583333	698.0337382	692.757169266666	654.541626766666
70.425	698.908306683333	693.674131616666	655.361304316666
70.5916666999999	699.8292439	694.622781316666	656.2425187
70.7583333	700.754245516666	695.579127883333	657.041861783333
70.925	701.61447645	696.499966433333	657.890492916666
71.0916666999999	702.528095349999	697.440170783333	658.745893333333
71.2583333	703.433052366666	698.393842116666	659.586591916666
71.425	704.342653933333	699.3064964	660.403040066666
71.5916666999999	705.243593599999	700.253535599999	661.249085133333
71.7583333	706.145631683333	701.21172315	662.103741916666
71.925	707.07609875	702.177851449999	662.95342385
72.0916666999999	707.992054966666	703.1173238	663.7684093
72.2583333	708.865074383333	704.056275516666	664.614798549999
72.425	709.805185766666	705.019077049999	665.42509415
72.5916666999999	710.701461783333	705.944778133333	666.25587845
72.7583333	711.5784028	706.913760016666	667.129607916666
72.925	712.508334566666	707.850603149999	667.951493883333
73.0916666999999	713.4178779	708.787631516666	668.756329633333
73.2583333	714.333167383333	709.762259716666	669.57721055
73.425	715.221151733333	710.697645183333	670.427824116666
73.5916666999999	716.110432383333	711.66075615	671.263390166666
73.7583333	717.036438733333	712.611277383333	672.072305483333
73.925	717.899456683333	713.533736799999	672.857083833333
74.0916666999999	718.812650299999	714.48955115	673.677595533333
74.2583333	719.691411333333	715.45336195	674.524012533333
74.425	720.595598116666	716.396486933333	675.360026899999
74.5916666999999	721.508757516666	717.345316149999	676.197702
74.7583333	722.4046598	718.29470765	676.957465333333
74.925	723.316608383333	719.244122749999	677.724470366666
75.0916666999999	724.199969249999	720.183810533333	678.508508566666
75.2583333	725.0973258	721.15143055	679.263616583333
75.425	725.981393433333	722.079242449999	680.03871135
75.5916666999999	726.901629166666	723.008665066666	680.878929883333
75.7583333	727.8185589	723.990218449999	681.677531833333
75.925	728.689494649999	724.9528333	682.44966305
76.0916666999999	729.6148819	725.893108916666	683.21127335
76.2583333	730.497889016666	726.8326115	683.9672806
76.425	731.384030983333	727.794566633333	684.755355216666
76.5916666999999	732.23436265	728.717724733333	685.546116866666
76.7583333	733.165145483333	729.6781712	686.346548816666
76.925	734.0939483	730.612076266666	687.0920115
77.0916666999999	734.96713805	731.531173733333	687.84240345
77.2583333	735.87367345	732.477050866666	688.609758616666
77.425	736.792273099999	733.429311166666	689.394189016666
77.5916666999999	737.658606983333	734.358681533333	690.121219916666
77.7583333	738.552951183333	735.301868599999	690.867960566666
77.925	739.476246233333	736.240657516666	691.610443416666
78.0916666999999	740.411618349999	737.165956216666	692.341399183333
78.2583333	741.293732066666	738.1140213	693.0476945
78.425	742.161626883333	739.004759583333	693.795765783333
78.5916666999999	743.047264866666	739.945665316666	694.580408466666
78.7583333	743.913294349999	740.86885535	695.3536102
78.925	744.830920133333	741.7820042	696.112152533333
79.0916666999999	745.707217916666	742.720286816666	696.824430933333
79.2583333	746.588660983333	743.63375505	697.584955916666
79.425	747.49017315	744.562687033333	698.329348266666
79.5916666999999	748.393135416666	745.470110833333	699.036815549999
79.7583333	749.24779445	746.390643433333	699.778884883333
79.925	750.14556425	747.307947416666	700.521508883333
80.0916666999999	751.060517466666	748.216454183333	701.243535083333
80.2583333	751.95409025	749.117176283333	701.972142716666
80.425	752.818796016666	750.020968933333	702.71970445
80.5916666999999	753.718211933333	750.931622983333	703.424232699999
80.7583333	754.603423883333	751.8343354	704.229273016666
80.925	755.447469416666	752.7253909	704.9820297
81.0916666999999	756.328048033333	753.632136549999	705.716039516666
81.2583333	757.24914035	754.5209833	706.438548966666
81.425	758.147880449999	755.44250505	707.155817433333
81.5916666999999	759.0197426	756.326118766666	707.883697316666
81.7583333	759.939752766666	757.242470483333	708.598361783333
81.925	760.798913066666	758.115489166666	709.3180511
82.0916666999999	761.6487403	759.028492049999	710.11557885
82.2583333	762.5456484	759.8976599	710.832043166666
82.425	763.388700316666	760.782444666666	711.564668933333
82.5916666999999	764.317549633333	761.6443959	712.292252733333
82.7583333	765.200258716666	762.54099735	713.008912666666
82.925	766.073446916666	763.434059233333	713.727211116666
83.0916666999999	766.913883966666	764.310026466666	714.488987566666
83.2583333	767.811032766666	765.178048783333	715.170163
83.425	768.702269683333	766.0632853	715.920393833333
83.5916666999999	769.628602183333	766.951410899999	716.633125333333
83.7583333	770.502502399999	767.804376133333	717.358048133333
83.925	771.34864895	768.7019661	718.08371005
84.0916666999999	772.20193005	769.566925983333	718.815523866666
84.2583333	773.091277883333	770.438987283333	719.491243433333
84.425	773.974025133333	771.315406883333	720.2074957
84.5916666999999	774.8515921	772.166571033333	720.966325583333
84.7583333	775.787889883333	773.033286749999	721.697390316666
84.925	776.657836833333	773.905113699999	722.400285716666
85.0916666999999	777.5207596	774.76788755	723.124160683333
85.2583333	778.390961583333	775.631206566666	723.856069
85.425	779.240832349999	776.485627366666	724.57401885
85.5916666999999	780.164670649999	777.362864283333	725.292686849999
85.7583333	780.9872253	778.240852683333	726.009597183333
85.925	781.862365516666	779.116825483333	726.719152266666
86.0916666999999	782.765893333333	779.973145683333	727.429277183333
86.2583333	783.660557616666	780.856900866666	728.166876033333
86.425	784.567569716666	781.7181959	728.881823366666
86.5916666999999	785.415800616666	782.564190916666	729.581653233333
86.7583333	786.268124566666	783.411406933333	730.323128566666
86.925	787.179939583333	784.325651949999	731.051708866666
87.0916666999999	788.078608283333	785.1953174	731.7588865
87.2583333	788.943723983333	786.041732533333	732.456478716666
87.425	789.869565216666	786.913684566666	733.177629883333
87.5916666999999	790.772981983333	787.779038183333	733.845496633333
87.7583333	791.5657534	788.629842633333	734.628321416666
87.925	792.476394133333	789.494876583333	735.331652233333
88.0916666999999	793.369825599999	790.381357416666	736.078264366666
88.2583333	794.221571066666	791.245054616666	736.7998823
88.425	795.08773665	792.104653616666	737.540934216666
88.5916666999999	795.972599333333	792.95461035	738.22851005
88.7583333	796.819888749999	793.796529916666	738.904045916666
88.925	797.738461316666	794.666731383333	739.598031566666
89.0916666999999	798.6165995	795.517053433333	740.305814149999
89.2583333	799.4090232	796.35562325	741.081813549999
89.425	800.244554366666	797.2169623	741.790975866666
89.5916666999999	800.999735966666	798.053960049999	742.477883383333
89.7583333	801.719356616666	798.8410213	743.135689216666
89.925	802.374080116666	799.618577583333	743.811633233333
90.0916666999999	802.97168685	800.324708466666	744.516160466666
90.2583333	803.523958766666	800.996944366666	745.168445249999
90.425	804.051239233333	801.61415765	745.796210116666
90.5916666999999	804.512992633333	802.172606066666	746.375524299999
90.7583333	804.892418183333	802.687029133333	746.9761778
90.925	805.2141145	803.124282949999	747.5397605
91.0916666999999	805.491161099999	803.528851666666	748.011938783333
91.2583333	805.722542516666	803.861485716666	748.463902133333
91.425	806.005020283333	804.189797916666	748.867977783333
91.5916666999999	806.2205196	804.438353666666	749.196233083333
91.7583333	806.42964675	804.689837516666	749.57916295
91.925	806.596912133333	804.916175583333	749.88764485
92.0916666999999	806.74993385	805.122839833333	750.230466783333
92.2583333	806.957607366666	805.3315956	750.485152133333
92.425	807.11572855	805.509713816666	750.766770166666
92.5916666999999	807.2513026	805.67077955	751.068231783333
92.7583333	807.403550983333	805.853338116666	751.272507716666
92.925	807.553666466666	806.016414083333	751.494088749999
93.0916666999999	807.6513353	806.187414666666	751.764948416666
93.2583333	807.737867716666	806.32784275	752.00874655
93.425	807.8967442	806.484489716666	752.262987433333
93.5916666999999	808.057260133333	806.638511999999	752.475352799999
93.7583333	808.138575483333	806.767087316666	752.639322933333
93.925	808.257370099999	806.892559016666	752.851985083333
94.0916666999999	808.359854233333	807.01241845	753.0575821
94.2583333	808.39559135	807.10078725	753.230356816666
94.425	808.418491283333	807.204774149999	753.406943833333
94.5916666999999	808.4897081	807.281675483333	753.584960716666
94.7583333	808.503631333333	807.367752233333	753.711944533333
94.925	808.5372069	807.401670316666	753.861595633333
95.0916666999999	808.584098733333	807.481743466666	753.988798333333
95.2583333	808.6047749	807.526432316666	754.1276599
95.425	808.64683745	807.55560765	754.222293399999
95.5916666999999	808.61998735	807.597169333333	754.3813666
95.7583333	808.654134933333	807.6179234	754.493273216666
95.925	808.652441166666	807.678337366666	754.608486733333
96.0916666999999	808.6537402	807.69690825	754.681523466666
96.2583333	808.67077725	807.6782112	754.797706033333
96.425	808.6829194	807.718951066666	754.885385866666
96.5916666999999	808.675458033333	807.721545316666	754.994059699999
96.7583333	808.647781283333	807.729499416666	755.055244366666
96.925	808.664454466666	807.748776733333	755.137041016666
97.0916666999999	808.622553633333	807.764665983333	755.257324983333
97.2583333	808.661734316666	807.763026216666	755.29342785
97.425	808.595357916666	807.746985066666	755.35361085
97.5916666999999	808.587543166666	807.7596289	755.442600633333
97.7583333	808.588525633333	807.75342035	755.4707457
97.925	808.613089683333	807.770930049999	755.549449216666
98.0916666999999	808.630813033333	807.784080366666	755.654025799999
98.2583333	808.615554966666	807.756627299999	755.72261465
98.425	808.643948583333	807.789298416666	755.787372283333
98.5916666999999	808.5615521	807.783563233333	755.843841183333
98.7583333	808.561598516666	807.780432233333	755.848924316666
98.925	808.539758916666	807.780763733333	755.94519815
99.0916666999999	808.49000955	807.756096083333	755.975594349999
99.2583333	808.543054816666	807.761372	756.0452061
99.425	808.49533865	807.7199721	756.114846616666
99.5916666999999	808.49415455	807.745523083333	756.193478466666
99.7583333	808.475116783333	807.73243125	756.1815878
99.925	808.4140638	807.705899816666	756.188202716666
100.091666999999	808.37610305	807.682973933333	756.217376416666
100.258333	808.383361483333	807.66650455	756.287492333333
100.425	808.36480195	807.668217883333	756.349810316666
100.591666999999	808.335703899999	807.643737816666	756.383256749999
100.758333	808.26616165	807.632989333333	756.403168333333
100.925	808.276391683333	807.612181883333	756.442554283333
101.091666999999	808.254402316666	807.601069316666	756.48821395
101.258333	808.23706605	807.566824733333	756.500132233333
101.425	808.214094316666	807.549675733333	756.496721183333
