time	N2O	NO	NH3	CO	H2
0.091666667	1.50197740959289E-10	3.12070439103215E-09	1.79393343405793E-09	0.000160786366688	0
0.258333333	1.18953127363561E-10	5.25263208765429E-09	1.34616758429892E-09	0.000160304991413	1.76454699381957E-07
0.425	2.29037349823382E-10	4.28711661280447E-09	1.47309134783832E-09	0.000160671931698	0
0.591666666999999	2.12174664157122E-10	4.79070057529997E-09	1.29081252310904E-09	0.000160430922788	1.35539503035107E-07
0.758333332999999	9.24130234676548E-11	4.50132216152541E-09	1.03499031463125E-09	0.000160773257786	0
0.925	9.71946399964541E-11	4.31452403849912E-09	1.09571054520857E-09	0.000160450245992	2.03821815827448E-07
1.09166667	1.47638644887721E-10	4.10732309518163E-09	8.66784814525593E-10	0.000160637114845	5.68428092875902E-08
1.25833333	2.03156930212617E-11	2.94801004823673E-09	9.85986944097484E-10	0.000160348302547	3.72878497395432E-07
1.42499999999999	9.43288314531234E-11	5.14316106400479E-09	9.4751329712654E-10	0.000160934682754	0
1.59166667	2.72562099525979E-10	2.98758486896366E-09	6.73467030819031E-10	0.000160666262834	1.24055089955882E-07
1.75833333	5.26613954086065E-11	3.24597626087105E-09	1.0766317815795E-09	0.000160325886885	4.88634924518686E-07
1.925	3.15836995124516E-10	3.81918671832247E-09	1.16219777003195E-09	0.000161166450577	0
2.09166666999999	3.56688405637375E-11	3.31727831571538E-09	1.28381872965169E-09	0.000160706092802	1.60008148412229E-07
2.25833333	1.69690538920084E-10	3.73943459997057E-09	1.08557291056375E-09	0.00016096745228	0
2.425	3.12046676846592E-10	3.99031447259884E-09	1.1842269860989E-09	0.000161688382918	0
2.59166666999999	3.29603015422663E-10	3.56172034641586E-09	1.38608048680971E-09	0.000160527706794	4.0366953562676E-07
2.75833333	2.32629514088935E-10	3.285438859672E-09	1.0298274401676E-09	0.000160608127528	3.48852793916471E-07
2.925	2.31371404519521E-10	3.47237600351036E-09	7.53552613912607E-10	0.000160710403202	2.52948541821026E-07
3.09166666999999	3.71285344334352E-10	2.72045497477778E-09	1.33499110600893E-09	0.000161335060884	0
3.25833333	1.31312797693167E-10	4.79801561810962E-09	1.40400909587524E-09	0.000161452054351	0
3.425	1.50938449024124E-10	2.66241986765204E-09	9.88946223333089E-10	0.000160614956999	4.00940318714113E-07
3.59166667	1.75503134192206E-10	2.3318069556879E-09	9.02300149219291E-10	0.000161781108557	0
3.75833333	3.45956881097535E-10	5.5423932398535E-09	1.2175580730325E-09	0.000160856196766	1.85310462367581E-07
3.925	1.68200089644938E-10	3.39083328378083E-09	1.03146044345398E-09	0.000161432892607	0
4.09166667	1.50625874644908E-10	3.61930326549728E-09	1.22796462467599E-09	0.000160720503459	3.47977715678613E-07
4.25833333	2.01025087367019E-10	6.84602210484314E-09	1.03062596673106E-09	0.000160871711031	2.21573072732131E-07
4.425	9.85981132673336E-11	4.58455637786071E-09	1.13254300735237E-09	0.000161277080424	0
4.59166667	4.50799910600115E-10	3.27112406514013E-09	8.89787505875497E-10	0.000160971034033	1.57261216163489E-07
4.75833333	3.30662252287434E-10	5.34972305285559E-09	9.0730965058658E-10	0.000160992928405	1.45378980923252E-07
4.925	2.02755100860762E-10	5.94898150180806E-09	1.24261857926763E-09	0.000161002094673	1.5083914605455E-07
5.09166667	3.20211984374458E-10	3.96162107946194E-09	1.06716160743112E-09	0.00016165158175	0
5.25833333	2.18336737050295E-10	4.95650129716296E-09	8.67269561566728E-10	0.000160996457143	1.93180407616768E-07
5.425	2.33787545320574E-10	4.51471670318028E-09	7.93141460596896E-10	0.000160848623103	3.47851245212993E-07
5.59166667	2.09547521011134E-10	2.75065425083355E-09	1.02976343090236E-09	0.000161188244308	1.99307040374776E-08
5.75833333	1.27592444871386E-10	4.98185734726081E-09	1.16365973572425E-09	0.000161431692601	0
5.925	1.39102982299371E-10	3.10486487949949E-09	1.11563042579149E-09	0.000161428075794	0
6.09166667	3.7657207373061E-10	4.90771214183003E-09	1.00539921868503E-09	0.000161301525748	0
6.25833333	3.0867329037679E-10	6.87615299531122E-09	1.51434640985721E-09	0.000161346676637	0
6.425	2.63752783985561E-10	3.66096772304733E-09	1.48115746948528E-09	0.000161103865979	1.54958980197532E-07
6.59166667	3.014544135182E-10	5.82205096863642E-09	1.25727191049376E-09	0.000161466195013	0
6.75833332999999	2.93275627376311E-10	5.98542166716312E-09	1.20544832313564E-09	0.00016126290932	1.72623543749721E-08
6.925	5.00362030420149E-11	4.31432902878558E-09	8.91709091994095E-10	0.000161163125227	1.19117688542622E-07
7.09166667	1.92325723927723E-10	4.15681595831225E-09	1.39239080039685E-09	0.000161445721049	0
7.25833332999999	2.43554288401703E-10	2.92344770436882E-09	1.02100842454498E-09	0.000160956305311	3.35433051882021E-07
7.425	4.90935392383235E-11	4.08477547323157E-09	1.08985452832553E-09	0.000162011362252	0
7.59166667	1.97379703532878E-10	2.76269268153358E-09	7.61753698887492E-10	0.000161327008671	0
7.75833332999999	5.73892824955448E-11	3.84514860202914E-09	1.35566647080535E-09	0.000161670836849	0
7.925	2.50880323572493E-10	5.41618859275673E-09	1.28864102276345E-09	0.000161105471845	2.18524107451133E-07
8.09166667	4.32980899933699E-10	4.90049576099197E-09	9.9381747073482E-10	0.000161345249682	0
8.25833333	3.27316692066601E-10	4.98839913900459E-09	9.69619901487947E-10	0.00016150847314	0
8.425	2.92000747248263E-10	4.29572690154E-09	1.25469544996934E-09	0.000160880306432	4.5201552190632E-07
8.59166667	1.18279116339699E-10	5.43817092855619E-09	1.1849245036466E-09	0.000161936991514	0
8.75833333	1.46638968132918E-10	2.7793935821759E-09	1.16007149324673E-09	0.000161527964851	0
8.925	2.43310795021348E-10	4.77069505183598E-09	1.30293055504286E-09	0.000161150909867	1.90065046480539E-07
9.09166667	4.02268534084568E-11	5.33265413819334E-09	1.07295595902176E-09	0.000161289115896	5.71596072018271E-08
9.25833333	1.63811580770909E-10	4.19798093997603E-09	8.87477976214117E-10	0.000161280523213	6.72766542847242E-08
9.425	3.5245887021007E-10	2.76279895091079E-09	1.0432414427433E-09	0.00016102385327	3.42651014079798E-07
9.59166667	1.72255503444755E-10	2.99406244105764E-09	9.11856486929046E-10	0.000161792391901	0
9.75833333	1.175183767824E-10	5.17998664252592E-09	1.00735869194582E-09	0.000161576069594	0
9.925	2.73727890254001E-10	3.12713646598257E-09	7.97258372991157E-10	0.000161667357266	0
10.0916667	3.59132693991887E-10	5.88995605872623E-09	1.11968483730154E-09	0.00016046010081	9.13038463804109E-07
10.2583333	5.32431276891356E-11	3.76188800915319E-09	1.44225048837757E-09	0.000161491411861	0
10.425	3.14450019250159E-10	5.0815679745218E-09	1.48333867176957E-09	0.000161805081104	0
10.5916667	5.04180395076091E-10	5.15741231756107E-09	9.18131181706909E-10	0.000160870629247	5.03417095837093E-07
10.7583333	3.74844336275606E-10	6.1890273482105E-09	1.34856510128859E-09	0.000161985549794	0
10.925	1.39452402087591E-10	4.74802318360183E-09	1.37172891668852E-09	0.000161214667156	1.43754217601396E-07
11.0916667	1.87022732026215E-10	4.78531903374256E-09	1.09764179833924E-09	0.000161399595786	0
11.2583333	2.66443768562849E-10	2.10484575573268E-09	9.10264484193338E-10	0.000161483733038	0
11.425	4.44667866453539E-11	5.12176460130411E-09	9.0712029681375E-10	0.000160997485466	3.08874795507042E-07
11.5916667	1.97775323804091E-10	2.33139847115689E-09	9.59234132482293E-10	0.000161312243394	0
11.7583333	2.02270325872967E-10	4.09931044991907E-09	1.10582322548512E-09	0.000161195106972	1.37188710792143E-08
11.925	1.81490040493808E-10	4.64040168976837E-09	1.01889459333188E-09	0.000160792243648	3.44601886631815E-07
12.0916667	2.03228461342816E-10	3.68984801162464E-09	1.29875459574242E-09	0.000161018821557	3.79879327985703E-08
12.2583333	1.1741168264027E-10	5.97404375516668E-09	1.35748935691711E-09	0.000160957779226	0
12.425	1.46999797560822E-10	5.60723217651664E-09	1.12542568035041E-09	0.000160657037749	1.94195694136237E-07
12.5916667	3.39657014664473E-10	4.02060840456135E-09	1.35098301273584E-09	0.00016118925185	0
12.7583333	4.22339559240761E-10	5.16386266718958E-09	1.2028743643233E-09	0.000160246784374	3.45519695281708E-07
12.925	3.5931169587522E-10	5.48665702709165E-09	1.16960564253221E-09	0.000160484720984	0
13.0916667	1.70689101642424E-10	2.92593630796634E-09	1.16151489817422E-09	0.000160491321689	0
13.2583333	2.48057303558446E-10	2.46790694742397E-09	1.07223373544271E-09	0.000159682926676	4.44610118665207E-07
13.425	1.47702466597561E-10	3.14203676148902E-09	1.09431831782423E-09	0.000160404053351	0
13.5916667	9.00218811497943E-11	2.96584218210439E-09	1.29270422129556E-09	0.000159606942814	1.80085306926996E-07
13.7583333	1.99066169494577E-10	3.60566599755486E-09	8.97109036275584E-10	0.000159825469179	0
13.925	4.57720742580548E-11	3.96341008055318E-09	9.39331232909323E-10	0.000159745054702	0
14.0916667	1.91894139182262E-10	2.72139186545225E-09	1.28562861883144E-09	0.000159065700408	2.00170655615311E-07
14.2583333	1.80389209178284E-10	3.00154631296695E-09	1.15037340795845E-09	0.00015932806839	0
14.425	3.58529553638949E-10	4.84369594521425E-09	1.48696845451854E-09	0.000158138943927	7.51802157817026E-07
14.5916667	5.66274583466933E-11	6.94898291180416E-09	1.44065612158188E-09	0.000159203122456	0
14.7583333	1.42966357747897E-10	4.18686881050673E-09	1.68228010116517E-09	0.000158539296936	0
14.925	3.86952993967106E-10	3.7487212538551E-09	1.40011944555057E-09	0.000158160225738	1.63194504138739E-07
15.0916667	3.8498651132934E-10	6.61271286799185E-09	8.59543991288831E-10	0.000158427964291	0
15.2583333	1.02645892372399E-10	5.52597116801915E-09	9.51439252716619E-10	0.00015815196409	0
15.425	2.78087866209105E-10	4.38531624091511E-09	9.60395520932662E-10	0.000157442873064	2.45025970045265E-07
15.5916667	2.39038313945272E-10	3.12223956814681E-09	1.18713505978199E-09	0.000157936479511	0
15.7583333	4.03677952056973E-11	5.40046633715167E-09	1.04030472317258E-09	0.000156913028279	3.21213833210629E-07
15.925	1.15673886694494E-10	4.76848108026479E-09	1.12846043455716E-09	0.00015686659533	1.34047148548307E-07
16.0916666999999	2.48362339819494E-11	3.55771188255398E-09	1.22146003187336E-09	0.000156941084212	0
16.2583333	1.19461193893152E-10	6.09508453872037E-09	1.24630595691229E-09	0.000156458411671	5.25876957871624E-08
16.425	2.88827360865053E-10	4.23479287580059E-09	1.09966483252419E-09	0.000156373633536	0
16.5916666999999	1.15718099619723E-10	6.70140385849679E-09	8.02534794507294E-10	0.000155832780122	1.72692858407128E-07
16.7583333	1.91497241899993E-10	5.89799595464197E-09	1.27183183575467E-09	0.000155901550294	0
16.925	3.07230170742439E-10	4.02002607460175E-09	1.20854336467884E-09	0.000155497591552	0
17.0916666999999	1.59067496633669E-10	4.96169159187692E-09	1.35280970185086E-09	0.000154902592238	3.12971488847555E-07
17.2583333	1.97340412397092E-10	4.37369269422187E-09	9.63781748528161E-10	0.000155213113859	0
17.425	3.75084985476097E-10	3.91853616272362E-09	1.22051834267267E-09	0.000154854420632	0
17.5916666999999	3.93333025007752E-10	4.00142857765899E-09	8.35755991994808E-10	0.000153901227017	5.00410560668031E-07
17.7583333	2.19756862684685E-10	2.56483978436032E-09	1.12227827835922E-09	0.000154271307931	0
17.925	7.05739124272504E-11	4.80514230377951E-09	1.21770731521628E-09	0.000153440540735	4.14701419704259E-07
18.0916666999999	1.88972066411346E-10	3.80607378981496E-09	1.29117448123339E-09	0.000153481509774	9.93770725156583E-08
18.2583333	2.84380396290303E-10	3.41309825713185E-09	1.45129414074278E-09	0.00015325533916	4.97321651377224E-08
18.425	2.71327952890545E-10	3.68104251839667E-09	1.31407728683969E-09	0.000153117382195	0
18.5916666999999	1.28773975027332E-10	4.29409906167032E-09	1.29537997595317E-09	0.000152737061508	0
18.7583333	1.66421930587633E-10	3.79285686297214E-09	1.40805954664935E-09	0.000152098599526	3.44781194174866E-07
18.925	1.08361133279137E-10	3.3976387883947E-09	1.5720634096352E-09	0.000152376099918	0
19.0916666999999	1.78843326186768E-10	5.46888270081238E-09	1.23435193627018E-09	0.000151910229351	0
19.2583333	3.40857933187216E-10	4.44790328561572E-09	1.41381152841082E-09	0.000151522111969	4.01336826484272E-08
19.425	4.08804272525011E-10	3.91664631305005E-09	1.22901610441618E-09	0.000151122439843	1.43500955837795E-07
19.5916666999999	2.77557592734427E-10	3.67387609158534E-09	1.30090289423583E-09	0.000150629486875	3.34082378758432E-07
19.7583333	1.53805840324561E-10	3.20390163836951E-09	1.26062402127689E-09	0.000150888773436	0
19.925	3.3658272455777E-11	4.49033732259425E-09	1.23224912705553E-09	0.000150293591585	6.72413644950755E-08
20.0916666999999	5.12837520138482E-11	2.60531723883208E-09	1.13729326547865E-09	0.000149867953374	1.85451002469254E-07
20.2583333	4.3557302363913E-11	4.25833890161147E-09	1.14279404537779E-09	0.000149809816016	0
20.425	3.44530805370189E-10	4.22688340535756E-09	1.46780149830706E-09	0.000149441685198	3.01380143001855E-09
20.5916666999999	3.64136451200269E-10	4.18147516064346E-09	1.6020319656107E-09	0.000148937049037	1.94890589769367E-07
20.7583333	2.12714568672576E-10	4.58025132519781E-09	1.56428196518112E-09	0.00014871790106	9.59849564809201E-08
20.925	1.59774276095385E-10	3.20884133991615E-09	1.33166599520313E-09	0.000148530503058	0
21.0916666999999	7.5503607238161E-11	4.26145876447271E-09	1.8137192043019E-09	0.000148017677688	1.78744644856372E-07
21.2583333	1.28369364362342E-10	3.95752851266459E-09	1.30157811116487E-09	0.00014786460229	2.23950209595229E-08
21.4249999999999	4.55089671144113E-10	3.07241813561048E-09	1.31090335631003E-09	0.000147108115328	4.61573391367586E-07
21.5916666999999	2.05553403177356E-10	3.21315057424376E-09	7.65616212033716E-10	0.000147366507253	0
21.7583333	2.04524243559265E-10	5.20162835686774E-09	1.6736974479966E-09	0.000147232689779	0
21.9249999999999	2.2820425023013E-10	2.08741614498665E-09	1.79357817769914E-09	0.000146403885071	2.30871536453013E-07
22.0916666999999	3.12224448917E-10	2.23105402756704E-09	1.43364238881786E-09	0.000146180110344	1.29835445894368E-07
22.2583333	8.48749446179335E-11	2.93371680704109E-09	1.40099817560745E-09	0.000145867880994	1.25900170417282E-07
22.4249999999999	1.56115951191918E-10	3.55073149229713E-09	1.68442177748659E-09	0.000145719814322	0
22.5916666999999	1.58209166691417E-10	3.43679416935582E-09	1.82102134870017E-09	0.000145310271326	5.09054841192995E-08
22.7583333	2.18983124161575E-10	2.5520029287403E-09	9.14794088945837E-10	0.000144884015843	1.61614676378784E-07
22.9249999999999	1.01442633762669E-10	4.29773568926948E-09	1.64365541109806E-09	0.000144971657103	0
23.0916666999999	1.35824017638327E-10	3.98780112955663E-09	1.62139758589135E-09	0.000144325604488	8.9166493429735E-08
23.2583333	9.8564704868992E-11	3.94267897140477E-09	1.64693857791283E-09	0.000143798716719	2.91196107828332E-07
23.4249999999999	2.83793800216169E-11	4.65577125702379E-09	1.91909122787558E-09	0.00014363498256	1.55154350731347E-07
23.5916666999999	3.65371636847821E-10	2.97800987388508E-09	1.93997664158342E-09	0.000143495890977	0
23.7583333	1.56619254489159E-10	2.97754090918144E-09	1.73152111351873E-09	0.000143588503885	0
23.9249999999999	7.00710795176328E-12	2.44360414537211E-09	1.59757728282919E-09	0.000142090778808	7.55944861662098E-07
24.0916666999999	2.51244988736252E-10	3.10961035405152E-09	1.79440764879646E-09	0.000142557929646	0
24.2583333	1.12030062557244E-10	2.16968936161899E-09	1.59868152643673E-09	0.00014173183806	4.81605827726852E-07
24.4249999999999	7.52524319922548E-11	5.81575139934786E-09	1.56313596282213E-09	0.000141796381874	9.92039338915035E-08
24.5916666999999	3.76344663031698E-10	3.80926789461532E-09	1.71673391757668E-09	0.000141057062708	5.20988350822894E-07
24.7583333	1.29550737928836E-10	3.17627787821411E-09	2.25790500914574E-09	0.00014128283682	0
24.9249999999999	2.0886559162841E-10	3.68153444656002E-09	2.96915798597849E-09	0.000140492515236	4.66527444925218E-07
25.0916666999999	1.7585377598668E-10	4.60612944897991E-09	1.72655914634578E-09	0.000140367730694	2.80034388538984E-07
25.2583333	1.82379259264735E-10	4.17959903248685E-09	2.01066459022022E-09	0.000140087519312	2.52077984665008E-07
25.4249999999999	9.45156870175797E-11	2.9852257810593E-09	2.2088955334029E-09	0.000139637666999	3.91105027896988E-07
25.5916666999999	1.45155705615043E-10	3.41554721132766E-09	2.91520452182678E-09	0.000139719687966	0
25.7583332999999	1.59710803716151E-10	4.65923363276906E-09	2.17593504927265E-09	0.000139171791199	2.33271137642767E-07
25.925	4.67730228345964E-11	3.10719173226862E-09	2.9484521260494E-09	0.000138517329509	5.79081541939246E-07
26.0916667	2.32435236348363E-10	3.56572330252113E-09	2.53078288854099E-09	0.000138412815753	3.75204159298724E-07
26.2583332999999	1.43526445975317E-10	2.90508426672188E-09	2.20479041485705E-09	0.000138268401307	2.20733215210778E-07
26.425	7.23550103533844E-11	2.33789668476955E-09	3.09049868992754E-09	0.000137998402722	1.79488474735264E-07
26.5916667	2.10125260051424E-10	3.55760539155809E-09	3.33464837382568E-09	0.000137693253447	1.88737465227784E-07
26.7583332999999	1.60005939306918E-10	4.38672952761516E-09	3.02558527977679E-09	0.000137250462367	3.29880975242999E-07
26.925	2.36467190996326E-10	3.43903391552795E-09	2.87675369517104E-09	0.000136661940537	6.12275032086372E-07
27.0916667	2.34884965421429E-10	3.81627582754539E-09	3.98344380612952E-09	0.000136524037634	4.51365915622084E-07
27.2583332999999	1.86175725444451E-10	2.74309799614926E-09	3.74621284311263E-09	0.000136889533898	0
27.425	1.940899435513E-10	5.01722606358319E-09	3.80648801817078E-09	0.000135630811685	7.40130560548664E-07
27.5916667	1.89663371731696E-10	3.36331531951004E-09	4.09207836923817E-09	0.000135924081372	1.49776495354839E-07
27.7583332999999	2.5482238320126E-10	2.21342994449245E-09	4.70339051739049E-09	0.000135173291202	6.07905997984266E-07
27.925	9.46714361799841E-11	2.8174074709969E-09	3.82098367532114E-09	0.000135576231081	0
28.0916667	2.17725937362641E-10	3.27622086972382E-09	4.65117703987796E-09	0.000135278311066	0
28.2583332999999	1.79262736033248E-10	4.33193369904334E-09	5.28797509708616E-09	0.000134188157427	6.97272243962367E-07
28.425	1.82740298191918E-10	3.9577337423359E-09	5.35713247255615E-09	0.000134223564901	3.7291750069157E-07
28.5916667	1.1373376135615E-10	3.5166508020468E-09	5.95155813967249E-09	0.000134066952634	2.3465176320354E-07
28.7583332999999	3.47279867922207E-10	5.73502295911787E-09	5.1231626685179E-09	0.000133395643085	6.12327085029484E-07
28.925	1.11375163377608E-10	3.11716741472983E-09	5.35040843516904E-09	0.000133558600604	1.57383713541602E-07
29.0916667	2.39337917452353E-10	3.04372098771202E-09	6.37170681937111E-09	0.000132681457113	7.54290039363934E-07
29.2583332999999	1.21895235928631E-10	2.88220075943024E-09	6.51402371139153E-09	0.000133049047235	9.7032424653649E-08
29.425	6.0451356594723E-11	5.0838245111835E-09	6.95856097610152E-09	0.000132620048585	2.31316368278113E-07
29.5916667	2.16991970804472E-10	4.21823868030194E-09	7.89488431092017E-09	0.000132323785285	2.43827190706023E-07
29.7583332999999	3.48990878250376E-10	5.32319286244561E-09	7.55465966000528E-09	0.00013190690309	3.76637697329798E-07
29.925	4.00899005099589E-10	5.44631358281417E-09	7.95017212130549E-09	0.000131260000313	7.41753052628468E-07
30.0916667	2.93094103527187E-10	4.51711742844113E-09	8.98587408831035E-09	0.000131775913327	0
30.2583332999999	1.5362415088954E-10	5.16779904945608E-09	9.83348002320023E-09	0.000130911573694	5.30425424642168E-07
30.425	1.10790882193572E-10	4.35987567961725E-09	1.02453749939843E-08	0.000130393148038	7.63264744187041E-07
30.5916667	9.56694819635457E-11	4.25112992534068E-09	1.05497281094899E-08	0.000130700893525	1.73910802484198E-07
30.7583332999999	2.12383011110768E-10	5.30924402307529E-09	1.18358847398339E-08	0.000129844979851	7.41627460244097E-07
30.925	2.6509074910989E-10	5.78936567022982E-09	1.12868323536206E-08	0.000129804166546	5.12147457912584E-07
31.0916667	2.25762556150916E-10	4.15584618075573E-09	1.31255386422278E-08	0.000129585863301	4.51454892150086E-07
31.2583332999999	2.59866488375491E-10	4.4978083658146E-09	1.38799430485201E-08	0.000129191196088	5.66226791467846E-07
31.425	2.32970487382341E-10	5.77116067720351E-09	1.46788502737484E-08	0.000128992695753	4.87384602472837E-07
31.5916667	2.29328932941578E-10	4.2814915320622E-09	1.51503441365238E-08	0.000128451326777	7.53167451391831E-07
31.7583332999999	1.12539092304181E-10	8.17875611013786E-09	1.66189477934633E-08	0.000128102300576	8.27657269055662E-07
31.925	1.60267885443447E-10	5.12458965236403E-09	1.76870775539614E-08	0.00012825372777	3.99717678112386E-07
32.0916667	1.40595148766516E-10	6.85995878945803E-09	1.85163080014226E-08	0.000127641141473	7.39059138884916E-07
32.2583333	2.49419346800294E-10	5.10520304076761E-09	2.0261641813493E-08	0.000127403261089	7.00960680681185E-07
32.425	6.1905121264527E-11	7.70270998200492E-09	2.16626177948537E-08	0.000127364390256	4.70081441626581E-07
32.5916667	1.19663995534649E-10	5.2807504966646E-09	2.28525821816853E-08	0.000127019728439	5.43854579843532E-07
32.7583333	2.09678056136302E-10	5.84620636756309E-09	2.45290775843724E-08	0.000126690800829	6.06171207908091E-07
32.925	1.22955774788929E-10	7.43238298320233E-09	2.61017418334534E-08	0.000126549970903	4.86643392935587E-07
33.0916667	3.43752399351071E-10	7.26142303693191E-09	2.73848078954963E-08	0.000126281034834	4.89087583630268E-07
33.2583333	3.85901359863624E-10	8.31442411810369E-09	2.98894693684726E-08	0.000125608853808	8.95443803402909E-07
33.425	1.93024368358326E-10	6.97879044568397E-09	3.1431603341837E-08	0.000125982457067	2.5481835625991E-07
33.5916667	1.56569164887968E-10	4.81692269750688E-09	3.31795760894398E-08	0.000125457391857	5.15143688693211E-07
33.7583333	5.54735365551312E-11	4.80040129780698E-09	3.51927202587905E-08	0.000124983946682	7.29418276606392E-07
33.925	4.6665885011303E-11	7.25127005073471E-09	3.67740194826309E-08	0.000124469664693	9.72890645016867E-07
34.0916667	2.24298610973702E-10	5.9756522926294E-09	3.88722506775581E-08	0.000124883671777	3.06716451160136E-07
34.2583333	5.95334527195892E-11	6.13656971698814E-09	4.00153407009377E-08	0.000124529670241	4.00630653251909E-07
34.425	4.77908724325701E-11	2.3767247817554E-09	4.15015503188873E-08	0.000123900156656	7.68432248289113E-07
34.5916667	1.66113644139137E-10	4.39165118670022E-09	4.32030093803712E-08	0.000123806385933	6.02808162093542E-07
34.7583333	2.98937495899623E-10	5.09667801471309E-09	4.43639824951463E-08	0.000123476537254	6.82581308847523E-07
34.925	7.14883443671207E-11	3.54650877135518E-09	4.54984589628598E-08	0.000123204142963	6.9389924525607E-07
35.0916667	2.58830832972277E-10	3.93482154196737E-09	4.63067277477803E-08	0.000122214713221	1.42232043518417E-06
35.2583333	2.30846296372127E-10	3.55943224563694E-09	4.59930552261991E-08	0.000122672276882	7.13577411132108E-07
35.425	3.28863107895792E-10	3.39824623194055E-09	4.70039800591899E-08	0.000122627603268	5.04591630285093E-07
35.5916667	3.18352725806045E-10	4.16413403410217E-09	4.75455029437278E-08	0.000121960069827	9.20931665683703E-07
35.7583333	3.67664217106245E-11	3.70700732350864E-09	4.77296675181097E-08	0.000122024947482	6.04731913312907E-07
35.925	1.82291285595954E-10	3.3521226839311E-09	4.78505723954845E-08	0.000121422539662	9.5236227853516E-07
36.0916667	2.65364550652011E-10	2.58038243486296E-09	4.75443529408819E-08	0.000121859453126	2.70770848566778E-07
36.2583333	3.47528899865478E-10	3.18687827926111E-09	4.7519126102052E-08	0.000120877529066	1.00641195218203E-06
36.425	4.64694425153468E-11	3.14269041781145E-09	4.76770957833063E-08	0.000121417538674	2.20663863223016E-07
36.5916667	1.9487126789354E-10	4.10497938121576E-09	4.80969988658486E-08	0.000120127358762	1.26582744922118E-06
36.7583333	2.85213664888694E-10	4.29505914134966E-09	4.7022254082119E-08	0.000120281088972	8.67329797937124E-07
36.925	2.30075973750785E-10	2.95750797852091E-09	4.74683043602921E-08	0.000120252828943	6.56092108601575E-07
37.0916667	3.71074146323519E-10	1.95232254962431E-09	4.70703755138462E-08	0.000120080599113	5.82278827985936E-07
37.2583333	3.51838059936448E-10	3.27632390373432E-09	4.71140684859107E-08	0.00011957720778	8.38025804287504E-07
37.425	2.55247866402084E-10	2.45776502449903E-09	4.72942933276102E-08	0.000119196723549	9.8401585811743E-07
37.5916667	1.42618372269144E-10	3.7834765881954E-09	4.75154588105734E-08	0.00011914380966	7.95280122618999E-07
37.7583333	2.61514459698275E-10	2.73039171306481E-09	4.72788296809205E-08	0.000119127677038	5.76836098051374E-07
37.925	1.91691052803326E-10	3.37662346620658E-09	4.85431846336627E-08	0.000118745067019	7.1615008634218E-07
38.0916667	1.7163014292347E-10	3.3644053585704E-09	4.80085875133395E-08	0.000118160640357	1.06228420605495E-06
38.2583333	1.50588692785274E-10	3.17738449156922E-09	4.85738828905675E-08	0.000118360417631	6.28411738255463E-07
38.425	1.68569613522664E-10	3.78547612413954E-09	4.94510305831214E-08	0.000118048305271	7.05619990045751E-07
38.5916667	1.12901326564574E-10	2.36159263143779E-09	4.92328550535182E-08	0.000117724900869	7.92573759834168E-07
38.7583333	2.08510195797204E-10	3.02100026830066E-09	5.12259487935319E-08	0.000117678470078	6.03264445140125E-07
38.925	2.92376911334768E-11	3.47863552715922E-09	5.16458199017214E-08	0.000117561207983	4.97736509981985E-07
39.0916667	3.25016205086836E-10	2.82192723577687E-09	5.1885186937158E-08	0.000116667682504	1.15371101270017E-06
39.2583333	2.10566214857089E-10	2.95522695975993E-09	5.29807247440205E-08	0.000116951404571	6.38024563894096E-07
39.425	1.11759533350727E-10	3.05231597049109E-09	5.37424608571903E-08	0.000116593362802	7.66587370533318E-07
39.5916667	2.40325347118875E-10	2.83926708334787E-09	5.4271773987185E-08	0.000116443378741	6.88697564649112E-07
39.7583333	2.33103290207076E-10	4.66800947741879E-09	5.55815210058725E-08	0.000115378642555	1.5307452755969E-06
39.925	2.49573428933284E-10	3.99484879263532E-09	5.61286216491552E-08	0.000116372001307	3.05254927001802E-07
40.0916667	1.21529195835114E-10	3.52041637760516E-09	5.69105856907664E-08	0.000115603100649	8.50280480538647E-07
40.2583333	1.13727839222262E-10	3.06385852559168E-09	5.7968567020041E-08	0.000115591201063	6.36700318028387E-07
40.425	7.78334926057992E-11	3.03666243407915E-09	5.837503167425E-08	0.0001151880741	8.2086767107612E-07
40.5916667	2.18307945755508E-10	3.39578302169635E-09	5.97980613055293E-08	0.000114894670164	8.89080262780517E-07
40.7583333	2.15354445552205E-10	3.89667515084932E-09	6.04868431566081E-08	0.000114465956008	1.1055726527033E-06
40.925	2.92093069919894E-10	4.52601941905017E-09	6.10161850518005E-08	0.000114465493127	8.79478494789397E-07
41.0916667	1.19430475646896E-10	3.82860868945841E-09	6.16396488481313E-08	0.000114509679713	6.1586795476708E-07
41.2583333	1.1222141496654E-10	3.80698950212481E-09	6.30137173464609E-08	0.000113574477529	1.33074030882381E-06
41.425	3.33888600720684E-10	3.90082864260792E-09	6.30333285372425E-08	0.000113919438731	7.699095953179E-07
41.5916667	8.40386972595183E-11	2.99836375140158E-09	6.46745413653011E-08	0.000113456255371	1.01344990434474E-06
41.7583333	6.36961533277591E-11	2.72581618737409E-09	6.40103598058977E-08	0.000113647355672	6.0788357488925E-07
41.925	1.25830832538112E-10	2.67811236921762E-09	6.45431458033196E-08	0.000112623322031	1.41551466305913E-06
42.0916667	1.77816526684233E-10	3.30218367458582E-09	6.50307950321025E-08	0.00011298211393	8.36731655394464E-07
42.2583333	1.35161242361377E-10	2.48746808919034E-09	6.46868105029357E-08	0.000112597311614	1.00870402600472E-06
42.425	6.42270213097771E-11	3.80510740907795E-09	6.51443270566399E-08	0.000112603419168	7.9708458081544E-07
42.5916667	1.97789835286346E-10	3.36022939249354E-09	6.53903927548152E-08	0.00011209347724	1.09831886288642E-06
42.7583333	1.06757761094039E-10	3.49864750880082E-09	6.53221549271095E-08	0.000111923371991	1.05019474480538E-06
42.925	2.47843759048939E-10	3.51295441013932E-09	6.55101285191698E-08	0.000111723807232	1.04453177583729E-06
43.0916667	9.36923429024252E-11	2.52118689199107E-09	6.48576293522831E-08	0.000111474160428	1.08361622741281E-06
43.2583333	2.15341104874123E-10	2.48678427129487E-09	6.47364363826996E-08	0.000111278080289	1.06676675023599E-06
43.425	9.84778864450512E-11	4.29263770372457E-09	6.41915691761559E-08	0.000110781174525	1.35318133939626E-06
43.5916667	2.50894667727958E-10	2.42377249885606E-09	6.47125258407575E-08	0.00011100184678	9.26584595348144E-07
43.7583333	1.07407559089035E-10	2.21286101395348E-09	6.36921358587421E-08	0.000110494258861	1.22530291369456E-06
43.925	8.03108386595548E-11	3.02114443911748E-09	6.40401031856087E-08	0.000110037209198	1.48342140683172E-06
44.0916667	2.14739616967976E-10	2.98332928945702E-09	6.37615126897458E-08	0.000110056470142	1.25775801633773E-06
44.2583333	9.73472752015474E-11	1.86352493009962E-09	6.37024524007912E-08	0.000109812867318	1.30147488256756E-06
44.425	1.61612970483377E-10	3.37589882922791E-09	6.21639512632747E-08	0.000109976885172	9.32164685270427E-07
44.5916667	7.86044897274373E-11	3.14689019054749E-09	6.20289031633262E-08	0.000109424515347	1.28759289001144E-06
44.7583333	1.04344083205315E-10	4.97741868692822E-09	6.21791810522243E-08	0.00010918990185	1.32067133964162E-06
44.925	8.8865384978219E-11	3.67879073441534E-09	6.1575990679791E-08	0.000108523771087	1.78305468518709E-06
45.0916667	5.19139925197021E-11	2.12261836194936E-09	6.08316335497437E-08	0.000108919128304	1.19178547529429E-06
45.2583333	1.58457335582736E-10	3.52042387189867E-09	6.03357303388921E-08	0.000108529840263	1.37971293961294E-06
45.425	7.52963742670009E-11	3.01583102650179E-09	6.0441784002498E-08	0.00010798711977	1.72744484845621E-06
45.5916667	1.78284043975415E-10	4.76709814944625E-09	5.97914011277929E-08	0.00010800829742	1.5122043278848E-06
45.7583333	1.41308312282698E-10	2.65350568911721E-09	5.94798199355591E-08	0.000107836038828	1.49284583277906E-06
45.925	7.54883609830428E-11	2.91350508846879E-09	5.92524169745018E-08	0.000107647478766	1.48075002362566E-06
46.0916667	1.06964820223043E-10	2.56894071993158E-09	5.84830189064665E-08	0.000107154089807	1.77804476657497E-06
46.2583333	1.41832761800013E-10	3.84649551064147E-09	5.81507874953484E-08	0.000107009442325	1.73299561065595E-06
46.425	1.69881773142121E-10	2.8926005631383E-09	5.81183590672136E-08	0.000106790292322	1.75828063968958E-06
46.5916667	2.31842395747632E-10	4.26532197376963E-09	5.75386274213759E-08	0.000106746408136	1.60820641277509E-06
46.7583333	3.05961085667558E-10	3.47027483509909E-09	5.72419161554851E-08	0.000106495143186	1.67309950503875E-06
46.925	6.5830338110707E-11	2.5877560640638E-09	5.71023459165133E-08	0.000106051262733	1.92455741919059E-06
47.0916667	9.15385586055132E-11	2.50185010022475E-09	5.63644710789319E-08	0.000105750688791	2.03514748914252E-06
47.2583333	2.42777137219623E-10	2.6797404776979E-09	5.66177197167589E-08	0.000105849669786	1.74682186891239E-06
47.425	1.26745422942094E-10	2.35026938745218E-09	5.64265924910626E-08	0.000104940313106	2.46772473117505E-06
47.5916667	2.17464754595591E-10	2.79414114569727E-09	5.6373039091279E-08	0.000105215223545	2.0042864664986E-06
47.7583333	8.35082607625662E-11	1.52909322250014E-09	5.61426199077195E-08	0.000104809713542	2.21922724913925E-06
47.925	4.28858408714199E-11	2.65616764457249E-09	5.6028504087608E-08	0.000105204337737	1.64164579862729E-06
48.0916667	6.77543458919529E-11	4.57288451438299E-09	5.61697037711559E-08	0.000104492485033	2.16751972944832E-06
48.2583333	9.37997310340689E-11	1.83152093155708E-09	5.56959743290236E-08	0.000104081011542	2.40028723962065E-06
48.425	1.21539104377868E-10	3.2780681185744E-09	5.54745768529841E-08	0.000104165506361	2.12359242019849E-06
48.5916667	7.18907749659829E-11	2.69599071326243E-09	5.56845636600325E-08	0.00010384319763	2.26133878506662E-06
48.7583333	1.71327616053243E-10	3.17057812336938E-09	5.56777089021905E-08	0.000103584010896	2.34029153798175E-06
48.925	1.07433010976675E-11	3.69661273595111E-09	5.55903051222303E-08	0.000103280387953	2.46423389451409E-06
49.0916667	2.26704836437287E-10	3.06316118221349E-09	5.52703264304822E-08	0.000103306610695	2.2615623383144E-06
49.2583333	1.10631084182375E-10	2.11357453717997E-09	5.56658206951901E-08	0.000102953875569	2.43448878122376E-06
49.425	1.1130895167311E-10	2.63959429675872E-09	5.55747545650957E-08	0.000102271314149	2.93795480770985E-06
49.5916667	1.72344352568722E-10	3.37519267176134E-09	5.55779892545392E-08	0.000103004522099	2.02628585631906E-06
49.7583333	1.34493544706457E-10	3.28849964811663E-09	5.59292736054325E-08	0.000101665136654	3.18650067433473E-06
49.925	4.00715812524446E-10	3.14592079474618E-09	5.60630995883456E-08	0.000101898498883	2.78015334598397E-06
50.0916667	2.21523811661143E-10	2.69168467817461E-09	5.55774020954317E-08	0.000101501774677	2.99617568250321E-06
50.2583333	2.29105293983758E-10	2.10824699189687E-09	5.57326216763668E-08	0.00010150400488	2.81922755589394E-06
50.425	9.01588717003079E-11	3.83871673409135E-09	5.62194481791836E-08	0.000101329005263	2.8210357851672E-06
50.5916667	9.15537549420528E-11	2.43847966724165E-09	5.60131624132439E-08	0.000100746056665	3.23243481997445E-06
50.7583333	8.76098486811368E-11	2.39570619063549E-09	5.5737895404348E-08	0.000100956364862	2.84677338560891E-06
50.925	7.25622084193525E-11	2.17623512666222E-09	5.62527256710614E-08	0.000100042947403	3.59020832148056E-06
51.0916667	6.6371935498696E-11	1.99372249084494E-09	5.6231177162913E-08	0.000100366718206	3.09317491114857E-06
51.2583333	3.95581260220605E-11	3.02574800859657E-09	5.57670192679982E-08	9.97119046515139E-05	3.58021148031596E-06
51.425	5.44747347784081E-11	2.45554803525108E-09	5.69554875057785E-08	9.96513766189324E-05	3.46903954675808E-06
51.5916667	9.66684054893258E-11	2.6927135516763E-09	5.68275477394437E-08	9.96611212304556E-05	3.2907820916281E-06
51.7583333	6.02886735217155E-11	3.28012037489791E-09	5.68665045998839E-08	9.94719431373757E-05	3.30860874566703E-06
51.925	1.12485320178699E-10	2.41680136857735E-09	5.74387208969543E-08	9.85843465715859E-05	4.02421545497594E-06
52.0916667	1.9458419085334E-10	3.08573238646294E-09	5.67835445747305E-08	9.85786252474161E-05	3.86106459377347E-06
52.2583333	2.2702842372814E-10	2.39594939967198E-09	5.7800524618422E-08	9.81741336963786E-05	4.09798587710861E-06
52.425	4.09089627660771E-10	2.98029216065346E-09	5.73079914535878E-08	9.84690634193619E-05	3.64243279637788E-06
52.5916667	2.91737098107341E-10	3.61381453472263E-09	5.76934246098579E-08	9.82068163640619E-05	3.73084712742394E-06
52.7583333	1.1278847854591E-10	2.76484391921417E-09	5.75001789438652E-08	9.75652939405242E-05	4.20364400467919E-06
52.925	1.78413223764044E-10	2.66507568296206E-09	5.83209705272503E-08	9.70561353287702E-05	4.5486285207119E-06
53.0916667	2.0856653147516E-10	2.39809953570617E-09	5.8045173935435E-08	9.70046994916148E-05	4.43783708016691E-06
53.2583333	2.99766151067943E-10	2.24262037350334E-09	5.85820931257736E-08	9.72233096470053E-05	4.05656624510252E-06
53.425	1.23002619371831E-11	1.66090276493722E-09	5.84873346261993E-08	9.64506137066916E-05	4.66959294558652E-06
53.5916667	4.87941898405574E-11	2.50266915077351E-09	5.9365334479423E-08	9.64916722722776E-05	4.46669780191357E-06
53.7583333	2.40562316499677E-10	2.92344255444614E-09	5.8911189545779E-08	9.60856430878634E-05	4.70566743222383E-06
53.925	2.10978673568909E-10	2.84064509415538E-09	5.86987898440932E-08	9.57603701444399E-05	4.87130782496855E-06
54.0916667	5.6210237918242E-11	2.60705027222751E-09	5.94405549790502E-08	9.56702757118642E-05	4.79963870450746E-06
54.2583333	1.83697721640753E-10	3.02051550905225E-09	5.98413664043774E-08	9.53609780439413E-05	4.95341435061138E-06
54.425	1.09394885630611E-10	3.33382734252846E-09	5.95103120068503E-08	9.48923823301173E-05	5.26132108626443E-06
54.5916667	1.6689627767082E-10	3.37065784922265E-09	5.95294953950035E-08	9.46947020902241E-05	5.29907347545343E-06
54.7583333	1.41247983381545E-10	4.27372152478916E-09	6.01367375674945E-08	9.43042696808215E-05	5.52703365627413E-06
54.925	3.35656570120863E-11	3.06879765457121E-09	5.98231532231675E-08	9.41678749621294E-05	5.50643762696574E-06
55.0916667	1.49167554401483E-10	2.52622171539666E-09	6.01170770609118E-08	9.38441789052852E-05	5.67383724087733E-06
55.2583333	1.14623825124886E-10	2.87665701587024E-09	6.03802813099631E-08	9.36276703695103E-05	5.73503659300379E-06
55.425	4.91261940683008E-11	2.31921442452357E-09	6.07598111440749E-08	9.2938046295735E-05	6.26737525725253E-06
55.5916667	1.25854850546138E-10	1.97541818583286E-09	6.06956988994013E-08	9.29923764984938E-05	6.0560168671632E-06
55.7583333	1.27584530489009E-10	4.23908094471436E-09	6.06019273998295E-08	9.23343722974495E-05	6.56223139302635E-06
55.925	6.83741841967629E-11	3.44100208429456E-09	6.07711439545848E-08	9.24973466631727E-05	6.24126430821448E-06
56.0916667	2.43541831268746E-10	3.84816427743875E-09	6.11647641627948E-08	9.14287230771674E-05	7.15404642803873E-06
56.2583333	1.84096887563696E-10	3.75378307995529E-09	6.1272975060796E-08	9.1655474737192E-05	6.77626753073105E-06
56.425	1.16399765813183E-10	3.21552682418156E-09	6.19044655730479E-08	9.11193382661699E-05	7.15364770754228E-06
56.5916667	1.41180089327918E-10	3.22750329051764E-09	6.13373899616606E-08	9.09857333541607E-05	7.13776492768358E-06
56.7583333	2.26979163110798E-10	3.17818280126355E-09	6.16978367045178E-08	9.07125974650077E-05	7.26077742077272E-06
56.925	1.43915886673582E-10	3.23364048562039E-09	6.19088529882774E-08	9.01729523487273E-05	7.65092972742677E-06
57.0916667	2.65070704152617E-10	2.68729574198882E-09	6.19419116907302E-08	8.97930432826342E-05	7.87666476379882E-06
57.2583333	2.9919733978652E-10	2.50447030145682E-09	6.12641324266724E-08	8.95881171359898E-05	7.93499747745774E-06
57.425	8.52331349594405E-11	4.07062772945747E-09	6.17794568350585E-08	8.92617770836821E-05	8.10894266099873E-06
57.5916667	1.75004718350148E-10	3.17405329187463E-09	6.23078624506389E-08	8.87538354022091E-05	8.46380681881964E-06
57.7583333	1.32894708326312E-10	2.91122556372875E-09	6.15913422342929E-08	8.82432970890999E-05	8.82461541213259E-06
57.925	1.75877778836039E-10	3.55628093846816E-09	6.19627237610518E-08	8.81963401693764E-05	8.72933644117945E-06
58.0916667	9.65574341749034E-11	3.67436915898744E-09	6.16818964753453E-08	8.73318274223618E-05	9.44626079367425E-06
58.2583333	2.00056348599922E-10	3.12372626880085E-09	6.22192470805949E-08	8.74058866408999E-05	9.22833281474708E-06
58.425	1.40470368004111E-10	2.70762342380923E-09	6.20614383262174E-08	8.64270657400422E-05	1.0060659305197E-05
58.5916667	1.58224143250079E-10	2.18940084779486E-09	6.16711444133982E-08	8.67717485362949E-05	9.56677505659548E-06
58.7583333	1.74269804701873E-10	2.53717520681915E-09	6.18159598877648E-08	8.60229098979722E-05	1.01735374673671E-05
58.925	5.98747046653839E-11	2.38568744190493E-09	6.17953945720208E-08	8.54167939851288E-05	1.0632204745522E-05
59.0916667	2.58287931237677E-10	1.98298879465172E-09	6.16308113811175E-08	8.5171878105982E-05	1.07357711882038E-05
59.2583333	4.48253287667928E-11	3.23212799724087E-09	6.1647065899428E-08	8.45177803924993E-05	1.12478306231385E-05
59.425	1.8617864003381E-10	3.06628816109318E-09	6.15269985323326E-08	8.43618665679688E-05	1.12603259586455E-05
59.5916667	2.70128709196722E-10	2.55675471817125E-09	6.12123902472616E-08	8.39168963235456E-05	1.15573229092508E-05
59.7583333	2.03446996839552E-10	2.98931781554485E-09	6.10083291391857E-08	8.33673613201866E-05	1.196847703662E-05
59.925	1.90544460084201E-10	1.78565381485211E-09	6.11213902868645E-08	8.3331154474978E-05	1.18668211461381E-05
60.0916667	3.41903764843263E-10	2.53938992601694E-09	6.07452660568793E-08	8.21751540865327E-05	1.28764434827413E-05
60.2583333	1.43460687161413E-10	3.21416528994356E-09	6.07311528613036E-08	8.22619185366466E-05	1.26485724392561E-05
60.425	2.22701061029399E-10	2.27431772499999E-09	5.96742594269744E-08	8.18866895594415E-05	1.28810636126887E-05
60.5916667	2.33095072640824E-10	2.79920537108964E-09	5.93598762176089E-08	8.0983182699604E-05	1.36462779460595E-05
60.7583333	2.14149218537058E-10	3.33832431361373E-09	5.94058203194614E-08	8.07460933364188E-05	1.37433142529383E-05
60.925	2.95609260195752E-10	3.53987912319759E-09	5.89208713450435E-08	8.08169048984493E-05	1.35377182680615E-05
61.0916667	2.28873295166006E-10	3.21304424356159E-09	5.83733971213919E-08	7.93681234181863E-05	1.48491773601226E-05
61.2583333	2.37272039356632E-10	2.43132660955302E-09	5.8055900162708E-08	7.88364211780296E-05	1.52436121906678E-05
61.425	1.39775325267533E-10	2.84679763164004E-09	5.8020561825192E-08	7.87361670748122E-05	1.52007572365199E-05
61.5916667	1.95174612514176E-10	2.00992113164275E-09	5.76644034142548E-08	7.82284253750159E-05	1.5576509563782E-05
61.7583333	8.09722000227743E-11	2.51270641233855E-09	5.67070064906407E-08	7.79872574125788E-05	1.56861152031641E-05
61.925	1.88978176447108E-10	2.08607035127253E-09	5.67946142099104E-08	7.70066255119208E-05	1.65287140327432E-05
62.0916667	3.06798908955569E-10	2.04465107775742E-09	5.64521608519035E-08	7.67878329312383E-05	1.66137279141193E-05
62.2583333	3.87012089821121E-10	2.30459985261286E-09	5.5598434798681E-08	7.59436322347847E-05	1.73219566867471E-05
62.425	3.54303576871332E-10	3.09350745970309E-09	5.54243279830756E-08	7.5586076163646E-05	1.7541424656786E-05
62.5916667	1.46179844460177E-10	3.37280127550743E-09	5.45431710671097E-08	7.51369422343042E-05	1.78596824898653E-05
62.7583333	2.26546277165228E-10	4.19781796207946E-09	5.39980427444241E-08	7.45671551225284E-05	1.82980752162255E-05
62.925	4.23293490755301E-10	1.76172741312855E-09	5.33679128900969E-08	7.37803052555792E-05	1.89505522179832E-05
63.0916667	2.66556934481345E-10	2.79692385845204E-09	5.29182839431299E-08	7.33066388043872E-05	1.92950105823421E-05
63.2583333	1.78500895126463E-10	2.90283867044651E-09	5.27202858100418E-08	7.25934719765802E-05	1.98747143574312E-05
63.425	2.50388575299279E-10	3.35689325287113E-09	5.15868863184113E-08	7.16542797676692E-05	2.06840348702981E-05
63.5916667	2.321022772761E-10	1.64088041851976E-09	5.13419392513241E-08	7.14372296728959E-05	2.07661257691148E-05
63.7583333	2.56011761992442E-10	2.77079593508657E-09	5.12543335723095E-08	7.10532171286326E-05	2.10205639061583E-05
63.925	3.24603047562974E-10	2.07801433949684E-09	4.99582697279558E-08	7.02782803255636E-05	2.16630189150566E-05
64.0916666999999	3.27469769627747E-10	2.85559043795804E-09	4.92175296482002E-08	6.91461590611563E-05	2.26660789234836E-05
64.2583333	2.44828244391416E-10	2.00846391577407E-09	4.89504784647817E-08	6.93527000419206E-05	2.23280487443922E-05
64.425	1.85059522743717E-10	1.47819829340683E-09	4.81139728853558E-08	6.7934507028286E-05	2.36204987157516E-05
64.5916666999999	4.37977287513194E-10	1.83926203345638E-09	4.74511652929455E-08	6.77204808670309E-05	2.37019182631993E-05
64.7583333	3.21585449988227E-10	2.63596736875769E-09	4.64889573677906E-08	6.66658232409463E-05	2.46277165560267E-05
64.925	5.58037021258535E-10	2.72812703353552E-09	4.63520061669874E-08	6.61755311434979E-05	2.49947233906475E-05
65.0916666999999	3.27030513194646E-10	2.07159039795528E-09	4.54066444511943E-08	6.54649039706027E-05	2.55776202966885E-05
65.2583333	9.42917188357643E-11	2.85609880622002E-09	4.52011149918174E-08	6.44677487021995E-05	2.64503042487323E-05
65.425	2.60647371661094E-10	1.95912532015505E-09	4.45682019970505E-08	6.36755101902291E-05	2.71150783532038E-05
65.5916666999999	1.89218145722735E-10	2.24140171866568E-09	4.39909269620134E-08	6.34865450285206E-05	2.71807664656382E-05
65.7583333	2.2366921412174E-10	2.21790892755709E-09	4.34012149211603E-08	6.21705961975014E-05	2.83712782496355E-05
65.925	1.74432717078839E-10	2.30424190969498E-09	4.25562760756248E-08	6.17053186145592E-05	2.87119623670786E-05
66.0916666999999	1.50535629095749E-10	2.04216216067752E-09	4.19403660809858E-08	6.08085716594306E-05	2.94857175112673E-05
66.2583333	2.1715629902226E-10	2.17633137233152E-09	4.15706464229065E-08	6.00815965388149E-05	3.00863601379162E-05
66.425	2.1773859048622E-10	1.48179835689329E-09	4.1036386752914E-08	5.83397143716231E-05	3.17063513028871E-05
66.5916666999999	3.89353060352123E-10	3.13777494586031E-09	4.05535362393396E-08	5.84962602221407E-05	3.1426799490241E-05
66.7583333	5.54635501593624E-10	1.92770306515538E-09	4.03042462506938E-08	5.70179946762342E-05	3.27780588666391E-05
66.925	3.26727670641919E-10	3.29580978833691E-09	3.96756545291098E-08	5.61928736192137E-05	3.34792814156473E-05
67.0916666999999	3.48396050066062E-10	2.11243845328984E-09	3.86900554480078E-08	5.51797637334595E-05	3.43703088959845E-05
67.2583333	2.11995419569943E-10	1.38473882300648E-09	3.84991623773991E-08	5.4438255839258E-05	3.49968226937264E-05
67.425	4.3169794044448E-10	2.75723879782274E-09	3.80665823359913E-08	5.35072019476555E-05	3.58028380723044E-05
67.5916666999999	3.6800307924882E-10	2.12098362507297E-09	3.7275428350097E-08	5.23090290838405E-05	3.6883081176274E-05
67.7583333	3.50313022776846E-10	2.61582580804905E-09	3.6875183914055E-08	5.15897369788346E-05	3.74796138730974E-05
67.925	3.74930473320264E-10	1.94419177354082E-09	3.61885671044908E-08	5.03001492763055E-05	3.86495685988489E-05
68.0916666999999	4.20620325068479E-10	1.80305269537159E-09	3.593076668283E-08	4.90521620246699E-05	3.97796327868581E-05
68.2583333	3.01481445439784E-10	2.28423459470129E-09	3.56050730876554E-08	4.78427709262528E-05	4.0870685739226E-05
68.425	6.58716375072752E-10	2.88458476701888E-09	3.49814155656462E-08	4.69259971868918E-05	4.16638990917731E-05
68.5916666999999	5.35838589053903E-10	2.26978939005903E-09	3.48733073483237E-08	4.56178014980212E-05	4.28550194315377E-05
68.7583333	4.47175966124375E-10	3.77330929795365E-09	3.42790942768173E-08	4.44980750327914E-05	4.38571813451286E-05
68.925	3.9912442732738E-10	3.18570414375333E-09	3.3821212175158E-08	4.32187207203102E-05	4.50213236425729E-05
69.0916666999999	4.13878349166986E-10	3.53877136014583E-09	3.31379371751407E-08	4.19069607214946E-05	4.62153856046654E-05
69.2583333	5.5511696191321E-10	2.27066832187859E-09	3.29268618624641E-08	4.09050481538891E-05	4.70985413052185E-05
69.425	5.88193170943215E-10	1.73866309803422E-09	3.29463706193754E-08	3.97919410595111E-05	4.80920897610007E-05
69.5916666999999	4.56902216258043E-10	2.47003966068579E-09	3.24295872959852E-08	3.7767553702923E-05	5.00046896539429E-05
69.7583333	4.10046342143359E-10	2.30534194904752E-09	3.18315734956714E-08	3.6988765232335E-05	5.06738663041229E-05
69.925	5.09147984757833E-10	2.77335878596683E-09	3.18976966591352E-08	3.50439542253157E-05	5.25025476706014E-05
70.0916666999999	5.94443303885512E-10	3.35394418085752E-09	3.17640202826668E-08	3.38600963082508E-05	5.35704654704599E-05
70.2583333	3.2583608442397E-10	3.28229724760867E-09	3.12115830448734E-08	3.23688959093257E-05	5.49445655486415E-05
70.425	5.00686710720683E-10	2.77792506085425E-09	3.0460367086092E-08	3.15617241958716E-05	5.56424788646326E-05
70.5916666999999	3.43784431127587E-10	2.87089549440927E-09	3.07623028988758E-08	2.99226567023529E-05	5.71667903705326E-05
70.7583333	5.11896758161655E-10	2.57523371097151E-09	2.99820320067584E-08	2.87958237806416E-05	5.81786644748662E-05
70.925	5.93467549679715E-10	3.31994217427526E-09	2.99149419209069E-08	2.72037708056463E-05	5.96640803325847E-05
71.0916666999999	6.86956964479679E-10	2.55373173915887E-09	2.93966606520566E-08	2.61860328041561E-05	6.05688490291781E-05
71.2583333	8.94452585446622E-10	3.15739552103955E-09	2.95745135290974E-08	2.44799303847442E-05	6.21633424777277E-05
71.425	8.67388246455814E-10	1.57864273194375E-09	2.83063694577011E-08	2.3315568850592E-05	6.32158112331354E-05
71.5916666999999	7.24916132092044E-10	2.94904913973457E-09	2.81676392859705E-08	2.18877709080363E-05	6.45330664448726E-05
71.7583333	8.26702707586226E-10	2.54365159669082E-09	2.7799167085567E-08	2.11772250982262E-05	6.51332173403927E-05
71.925	7.74199539803046E-10	2.88778082177021E-09	2.78034720615122E-08	1.93640822641647E-05	6.68327811348846E-05
72.0916666999999	9.69464772479648E-10	2.6304290354605E-09	2.66317768064869E-08	1.83222790485692E-05	6.776306819386E-05
72.2583333	1.02423560900534E-09	2.40626587520781E-09	2.65762457426005E-08	1.69496606942824E-05	6.90296661186617E-05
72.425	9.54539020189579E-10	2.16951310304709E-09	2.61883524086754E-08	1.61119619618363E-05	6.97534883319037E-05
72.5916666999999	7.87112983421454E-10	2.36408146437284E-09	2.57985312117977E-08	1.53190137606437E-05	7.04381503568367E-05
72.7583333	6.54880636933655E-10	3.23650012162382E-09	2.51248872073941E-08	1.35633854759147E-05	7.2088092501582E-05
72.925	6.98628023118364E-10	2.64095067113548E-09	2.47201511581562E-08	1.27842826376647E-05	7.27554071313733E-05
73.0916666999999	9.74076391360929E-10	3.07964878685436E-09	2.40994793455172E-08	1.22784211939644E-05	7.31522131995706E-05
73.2583333	6.41341889258833E-10	3.30145291794534E-09	2.35596744889254E-08	1.10265425241344E-05	7.42946278758676E-05
73.425	6.96467278777962E-10	3.02526826476417E-09	2.32967478305428E-08	1.03535077108904E-05	7.4861732007594E-05
73.5916666999999	8.37620504914126E-10	3.24374232716773E-09	2.35097040893868E-08	9.60875658740348E-06	7.55006610953447E-05
73.7583333	5.36957735583614E-10	2.78773582761741E-09	2.26506095541489E-08	8.39360969020565E-06	7.66058946646254E-05
73.925	5.63592575212747E-10	2.72445441783561E-09	2.21556701730533E-08	7.44703561810798E-06	7.74502871605756E-05
74.0916666999999	5.80985345427227E-10	2.72947046874964E-09	2.19239120110021E-08	7.03678749724546E-06	7.77526800660337E-05
74.2583333	7.41814373761734E-10	1.60498059084423E-09	2.16866379721082E-08	6.03064714696459E-06	7.86552903769694E-05
74.425	6.2386899067455E-10	2.27656459096291E-09	2.0739257285539E-08	5.04024859864687E-06	7.95394269585981E-05
74.5916666999999	5.55466950849759E-10	2.70034358404147E-09	2.06109670749091E-08	4.93844644479854E-06	7.95341829747808E-05
74.7583333	6.15559223229432E-10	2.82910157319076E-09	2.04817381745544E-08	4.60219915192683E-06	7.97656701161923E-05
74.925	5.89936945516108E-10	1.83659818612976E-09	2.03277249453277E-08	4.07301584503242E-06	8.01884834628699E-05
75.0916666999999	8.88540744669088E-10	3.83636006867576E-09	2.00868373191382E-08	3.79696224064649E-06	8.03617570144863E-05
75.2583333	6.10643822509794E-10	2.63626643196234E-09	1.97488116472649E-08	2.93238904742679E-06	8.11221781507667E-05
75.425	7.01175848174629E-10	1.88910632608798E-09	1.930923201386E-08	2.41522881925083E-06	8.15369804907573E-05
75.5916666999999	7.13338519767999E-10	2.80173573073232E-09	1.86954086398947E-08	2.28145635948328E-06	8.15644719631127E-05
75.7583333	4.53513719249545E-10	2.74038166248976E-09	1.90151586649125E-08	1.93860591567189E-06	8.18016905516246E-05
75.925	7.40656358008237E-10	1.53909639106035E-09	1.82714711062784E-08	1.76536609935224E-06	8.18748432685084E-05
76.0916666999999	6.20881039686705E-10	3.6956388628099E-09	1.82405113223364E-08	1.52775939080339E-06	8.20063671856333E-05
76.2583333	6.88765983316039E-10	2.89944194473747E-09	1.7745225924507E-08	1.32940298823034E-06	8.2103749678E-05
76.425	5.93429026221039E-10	1.68776515309951E-09	1.7726801110738E-08	1.0800839398441E-06	8.22519814523184E-05
76.5916666999999	7.9324954655224E-10	3.50720148367154E-09	1.72177741991583E-08	1.02909572671287E-06	8.2206197514802E-05
76.7583333	6.96273768350047E-10	1.51777039800214E-09	1.6928353702963E-08	8.64101852272012E-07	8.2265520814811E-05
76.925	8.06413103532242E-10	2.91481692151311E-09	1.63062100219452E-08	8.60074896836587E-07	8.21643690967804E-05
77.0916666999999	8.45443789552298E-10	2.7583613428587E-09	1.64217397565858E-08	7.12666046246274E-07	8.22131393964186E-05
77.2583333	9.50203685154655E-10	3.03239294963879E-09	1.6128491869999E-08	6.64098513263537E-07	8.21595492073363E-05
77.425	8.5069563168863E-10	3.39341444293795E-09	1.56789531072096E-08	6.03454727568573E-07	8.21169321736857E-05
77.5916666999999	8.38470799093809E-10	2.40157602924298E-09	1.58359444340788E-08	5.68796464759101E-07	8.20544405173637E-05
77.7583333	7.31569961452881E-10	2.40817178202508E-09	1.57280459847702E-08	5.53332081314316E-07	8.19698530187304E-05
77.925	7.65925218432964E-10	1.54934328914623E-09	1.52596997907007E-08	4.96037055002928E-07	8.19241112690788E-05
78.0916666999999	7.60297155641202E-10	1.58806903203731E-09	1.53514731819065E-08	4.72327002215696E-07	8.18436988220522E-05
78.2583333	5.19551074206582E-10	1.58731526491622E-09	1.49524659020224E-08	4.41874403977785E-07	8.17761982172074E-05
78.425	8.97115518281877E-10	2.31093452764619E-09	1.4821649545604E-08	4.58186895995784E-07	8.16637386913365E-05
78.5916666999999	7.31594325705869E-10	2.53941738967033E-09	1.40387408464858E-08	4.25605464602549E-07	8.15984390053318E-05
78.7583333	7.82062957887161E-10	2.26487833220046E-09	1.37837178622227E-08	4.23507323270031E-07	8.15050485441717E-05
78.925	1.0105168346402E-09	2.53324075175712E-09	1.43833050971065E-08	3.93415734399878E-07	8.14342048023203E-05
79.0916666999999	1.03462987220798E-09	2.32498741195727E-09	1.36545867404079E-08	3.92076073910287E-07	8.13393869350712E-05
79.2583333	7.94974657940894E-10	1.7669780106902E-09	1.37876966600239E-08	3.87926426487246E-07	8.12470421737754E-05
79.425	6.78316652828008E-10	1.94336542968512E-09	1.3392617070441E-08	3.81156776245923E-07	8.11553557906638E-05
79.5916666999999	5.94142507689042E-10	2.2318729225062E-09	1.31173130353795E-08	3.60332797159026E-07	8.10778031402504E-05
79.7583333	5.32702863757404E-10	2.18635615432462E-09	1.27603737802626E-08	3.6632587892531E-07	8.09789144383003E-05
79.925	5.39090562049005E-10	2.39741416614185E-09	1.24857592560833E-08	3.59674387072726E-07	8.08882124248988E-05
80.0916666999999	8.92739980688653E-10	2.41661722732652E-09	1.25803203986461E-08	3.51853777596221E-07	8.07970556368725E-05
80.2583333	8.83017028954451E-10	2.58293360913391E-09	1.19629063580186E-08	3.55732011511271E-07	8.06967453763348E-05
80.425	7.54856610062184E-10	1.70449284928192E-09	1.22990039044657E-08	3.55620454798255E-07	8.06037581090404E-05
80.5916666999999	6.20008275581573E-10	2.37765248055971E-09	1.17500401671628E-08	3.47082592460642E-07	8.05156867180378E-05
80.7583333	8.40508838870137E-10	1.88585075283619E-09	1.16336154648261E-08	3.51046929164686E-07	8.04168636947201E-05
80.925	8.79189753188948E-10	2.17959170685986E-09	1.14663173930863E-08	3.47038376403154E-07	8.03306319634665E-05
81.0916666999999	6.26268345308501E-10	1.70921655754618E-09	1.11574805028842E-08	3.46756142393949E-07	8.02369826931125E-05
81.2583333	1.07972182928754E-09	1.70150379208881E-09	1.09865848254133E-08	3.45305847931026E-07	8.01404136452816E-05
81.425	1.11154607507404E-09	2.22774138964859E-09	1.06482148606149E-08	3.44372032234565E-07	8.00459363341371E-05
81.5916666999999	6.75635120288517E-10	2.58206623003111E-09	1.0572797388277E-08	3.49677566055403E-07	7.99482889768329E-05
81.7583333	5.35390833175483E-10	2.18544972048823E-09	1.07715350939827E-08	3.46804294410378E-07	7.98539506664899E-05
81.925	6.6420903423563E-10	2.37416467779571E-09	1.02027685767343E-08	3.44742948291255E-07	7.97654423449754E-05
82.0916666999999	7.45928829053147E-10	1.89362182546789E-09	9.99853847308499E-09	3.45351199185136E-07	7.96754492982729E-05
82.2583333	4.51382993704328E-10	1.70847460969734E-09	1.01287015746872E-08	3.42166995286359E-07	7.95845128363659E-05
82.425	7.52280634613772E-10	2.21224922309333E-09	1.02802015637524E-08	3.49267001489892E-07	7.9489145423798E-05
82.5916666999999	5.91270161283494E-10	2.70506124038638E-09	1.00354831209125E-08	3.48975971585488E-07	7.93924115262223E-05
82.7583333	8.75509131168466E-10	1.29900207333975E-09	9.61402699558962E-09	3.47594879721754E-07	7.93018056561632E-05
82.925	5.99112432329179E-10	2.49642706198988E-09	9.48294262353719E-09	3.49156360925339E-07	7.92094579494809E-05
83.0916666999999	6.83967935448271E-10	3.27856172936515E-09	9.30317337127639E-09	3.48915035512728E-07	7.91225134662767E-05
83.2583333	9.22271559028241E-10	2.47399877413447E-09	9.37000755443334E-09	3.51782484375218E-07	7.90267876269092E-05
83.425	7.85556220679962E-10	2.11877151837303E-09	8.8458835768372E-09	3.53265071740059E-07	7.89332731634E-05
83.5916666999999	8.52503366351506E-10	2.68539608363055E-09	8.84595721325123E-09	3.54051454891087E-07	7.88370567287002E-05
83.7583333	6.60564589715708E-10	1.88229060571263E-09	8.74232176913926E-09	3.53653448362372E-07	7.87476365628232E-05
83.925	8.03319536471509E-10	2.76369633571564E-09	8.78593323056781E-09	3.59819836973943E-07	7.86546984092844E-05
84.0916666999999	7.71119079501925E-10	1.98434075550843E-09	8.65840199916096E-09	3.56200554152066E-07	7.8571006857438E-05
84.2583333	5.54318779204862E-10	2.23511159207078E-09	8.42050709686077E-09	3.57456602735808E-07	7.84789546209905E-05
84.425	3.04179861959638E-10	1.67800145520091E-09	8.42034383832445E-09	3.58590975525799E-07	7.83879042782225E-05
84.5916666999999	6.37400560483867E-10	1.65359611044444E-09	8.35737982887676E-09	3.60393057000387E-07	7.82969169596263E-05
84.7583333	6.19695852183419E-10	2.12216206118607E-09	8.24957873675578E-09	3.61485549525001E-07	7.82008930226027E-05
84.925	7.87544284893729E-10	1.82586574407639E-09	8.03445810010659E-09	3.64319464753782E-07	7.81100601220006E-05
85.0916666999999	8.86000776992657E-10	1.90392918480365E-09	8.01101206275275E-09	3.67860796246626E-07	7.80194248731951E-05
85.2583333	9.03887274894737E-10	1.89270513899403E-09	7.86863746070837E-09	3.68346326114706E-07	7.79313062966651E-05
85.425	8.79537557985896E-10	2.86839286147218E-09	7.53049176501667E-09	3.70087055198259E-07	7.7844168880137E-05
85.5916666999999	6.44291802970692E-10	1.97090398061608E-09	7.86188560766828E-09	3.67839980269365E-07	7.77537979117766E-05
85.7583333	8.54633204857111E-10	2.27349903423263E-09	7.31834216537968E-09	3.7281795729629E-07	7.76665403347356E-05
85.925	7.21310983279871E-10	2.44132023573665E-09	7.19837040715907E-09	3.72188179255011E-07	7.75798204922602E-05
86.0916666999999	5.63143883962892E-10	1.56710650880019E-09	7.34267938673328E-09	3.74653309884502E-07	7.74873772356039E-05
86.2583333	7.88722036199388E-10	2.92152206230466E-09	7.08123631823059E-09	3.76360959514709E-07	7.73967785768757E-05
86.425	5.85862051720282E-10	2.50860637617317E-09	6.88031370646314E-09	3.79453193372032E-07	7.73037754400735E-05
86.5916666999999	4.30251827265395E-10	1.55673185004774E-09	6.53901536115519E-09	3.81712066854182E-07	7.72176204762824E-05
86.7583333	3.68797750779523E-10	2.16664815741474E-09	6.51597513525689E-09	3.83495651568617E-07	7.71317182969512E-05
86.925	5.91395789919823E-10	2.69488149565714E-09	7.03121169514527E-09	3.85572541138355E-07	7.70398531232239E-05
87.0916666999999	6.43386188848686E-10	2.52669469224683E-09	6.45249240436253E-09	3.84194833639364E-07	7.69529403912954E-05
87.2583333	7.1790797429677E-10	2.73954354365907E-09	6.26026729598006E-09	3.89389572975043E-07	7.68629416693153E-05
87.425	8.31979406624261E-10	2.22068234450607E-09	6.20976145755303E-09	3.89891010708144E-07	7.67718893396566E-05
87.5916666999999	6.56364403134166E-10	3.02787803087316E-09	6.33422538849632E-09	3.92698206635485E-07	7.66809288460034E-05
87.7583333	8.47623992319652E-10	3.12170654418707E-09	6.08238120212835E-09	3.93694997022032E-07	7.66027410348536E-05
87.925	9.59588293163976E-10	2.3630154930756E-09	6.30093088927911E-09	3.94038159859224E-07	7.65139206738422E-05
88.0916666999999	7.73612259130296E-10	3.41964994806247E-09	5.88538664568957E-09	3.9707239561874E-07	7.64242786692441E-05
88.2583333	6.00668626457133E-10	2.16058634654558E-09	5.93948339434628E-09	4.00529838375206E-07	7.6338435857094E-05
88.425	7.98945668282441E-10	2.14167096446148E-09	5.66341295313419E-09	3.99719213432456E-07	7.62556473420649E-05
88.5916666999999	7.50394368329465E-10	1.75574691983604E-09	5.93482425460451E-09	4.03571885988125E-07	7.61665788299201E-05
88.7583333	6.59948593020993E-10	1.23934945335337E-09	5.59635279947836E-09	4.06912369194903E-07	7.60818183429583E-05
88.925	4.73541708365035E-10	2.53701214122917E-09	5.5309493574441E-09	4.06497250743058E-07	7.59941589193159E-05
89.0916666999999	8.1092060474027E-10	2.22705054397393E-09	5.33661739282605E-09	4.07006439499927E-07	7.59096415425791E-05
89.2583333	8.69687673989634E-10	1.49931887486872E-09	5.49710583385801E-09	4.11094251937898E-07	7.58299039453495E-05
89.425	9.1941960327575E-10	2.40587653509241E-09	5.33104050415676E-09	4.14291762343832E-07	7.57471036062533E-05
89.5916666999999	6.68784383020602E-10	2.30719617196282E-09	5.08817305626459E-09	4.14728279404231E-07	7.56748622160699E-05
89.7583333	9.77510416609648E-10	3.00543997743029E-09	5.19040418860027E-09	4.18326971861829E-07	7.56029657581677E-05
89.925	7.30397411547144E-10	2.2147178304573E-09	4.81290206248133E-09	4.16885637658599E-07	7.5542375020194E-05
90.0916666999999	5.42721713006318E-10	1.35668385018666E-09	4.67649411011478E-09	4.23375987597948E-07	7.54793524582581E-05
90.2583333	8.20726315336291E-10	2.57614238907435E-09	5.16025035107906E-09	4.25424438439862E-07	7.54251351269968E-05
90.425	8.35124145602613E-10	2.92979309398448E-09	5.04142272813251E-09	4.26084685000035E-07	7.53747336245402E-05
90.5916666999999	8.75249732015763E-10	1.57063771619104E-09	4.70248060563963E-09	4.29026760574701E-07	7.53282853708208E-05
90.7583333	7.78708568633725E-10	1.6430867889006E-09	4.90945588697919E-09	4.31535269512406E-07	7.5290064934211E-05
90.925	7.49090276315024E-10	2.87696557264759E-09	4.61308793357612E-09	4.31112465470477E-07	7.52602357103277E-05
91.0916666999999	9.02652646159915E-10	1.52105643257948E-09	4.37924306052984E-09	4.34915218575354E-07	7.52303991139305E-05
91.2583333	6.8040446851721E-10	2.25439493132509E-09	4.16409061724375E-09	4.38322325332729E-07	7.52052630040747E-05
91.425	8.51060598554045E-10	2.76299724924169E-09	4.05443555970701E-09	4.34309949302311E-07	7.51827648367352E-05
91.5916666999999	7.80754318006807E-10	1.38057989271613E-09	3.56610887933451E-09	4.37197160920007E-07	7.51596655025672E-05
91.7583333	8.59862624203274E-10	2.30842624213247E-09	3.79670646519047E-09	4.41692229650693E-07	7.51355662978756E-05
91.925	7.52733436787917E-10	2.46075372010322E-09	3.86065425757539E-09	4.44231279803262E-07	7.51173546621618E-05
92.0916666999999	7.0629555552395E-10	2.4958228894799E-09	3.44968780256036E-09	4.40473011707095E-07	7.51067806531672E-05
92.2583333	5.11197402818833E-10	1.39733500168299E-09	3.59921213832913E-09	4.44456138327936E-07	7.50833551621646E-05
92.425	4.92143739693215E-10	2.4750842943878E-09	3.52160960051253E-09	4.44682707195339E-07	7.50683320201727E-05
92.5916666999999	5.00984219123439E-10	1.67970044616351E-09	3.31747480259062E-09	4.44916088587125E-07	7.50554165840089E-05
92.7583333	5.96470497103506E-10	2.44379567606576E-09	3.57714115240391E-09	4.49274074487328E-07	7.50368218467636E-05
92.925	5.18819872846114E-10	2.17399770565137E-09	3.13260864067349E-09	4.50904050875635E-07	7.50211598224203E-05
93.0916666999999	8.14420919714742E-10	2.6271121065748E-09	3.35897254843626E-09	4.5197669230894E-07	7.50109603856662E-05
93.2583333	6.16536068742834E-10	3.04749373373154E-09	2.97970383640945E-09	4.53313594269911E-07	7.50015391898086E-05
93.425	9.23827349995994E-10	4.12215931075772E-09	3.08650773056925E-09	4.53919446058928E-07	7.49860948060576E-05
93.5916666999999	4.6853223187089E-10	2.52255085805745E-09	3.19763101071378E-09	4.48187195550916E-07	7.49768413310536E-05
93.7583333	7.88046123878884E-10	2.13650390371156E-09	3.11106037147551E-09	4.57361375355281E-07	7.4960077843203E-05
93.925	6.09142587027824E-10	2.78692360443173E-09	2.79307374671683E-09	4.56903257116085E-07	7.49494513909658E-05
94.0916666999999	7.34994594011845E-10	2.02523857766479E-09	2.6610763338649E-09	4.54785348844699E-07	7.49420092563138E-05
94.2583333	5.59068653454321E-10	1.68059012153835E-09	2.808570798781E-09	4.54494076527395E-07	7.49389674277657E-05
94.425	7.53618980989888E-10	1.69420191616421E-09	3.00733938105492E-09	4.58285449458296E-07	7.49330403970526E-05
94.5916666999999	6.7359884686859E-10	1.56119169622168E-09	2.44159385176366E-09	4.60568344334217E-07	7.4924116563922E-05
94.7583333	7.33487639742355E-10	2.21123168729644E-09	2.85095922959544E-09	4.63993615307673E-07	7.49193930940079E-05
94.925	8.36597221480952E-10	1.64938810167987E-09	2.41456479170964E-09	4.61884434532722E-07	7.49183718809006E-05
95.0916666999999	8.1330529474566E-10	2.23677184456537E-09	2.39934481423044E-09	4.69320065051958E-07	7.49065647590036E-05
95.2583333	7.01537079043605E-10	1.39807485473612E-09	2.44519022259155E-09	4.66740839775498E-07	7.49072166096149E-05
95.425	6.67434336211925E-10	1.31809481950059E-09	2.56024226771944E-09	4.65292346468922E-07	7.49047444533782E-05
95.5916666999999	8.35947036611058E-10	2.15810046717834E-09	1.88850897304037E-09	4.68294820216472E-07	7.4904244629895E-05
95.7583333	9.30578160767553E-10	3.56541650457751E-09	2.53147278841063E-09	4.69233466072652E-07	7.49001231770009E-05
95.925	8.28230570297451E-10	1.68381725958083E-09	2.23000555978304E-09	4.70242037065422E-07	7.48992724712386E-05
96.0916666999999	1.07379729503834E-09	3.20553240611742E-09	2.30805326515239E-09	4.75682596626486E-07	7.48937108369742E-05
96.2583333	8.27776164792446E-10	9.57377638318405E-10	2.03117642832755E-09	4.6727535910946E-07	7.49005301945275E-05
96.425	4.79437559518683E-10	2.33837943315049E-09	2.1529548052881E-09	4.73363727361689E-07	7.48933101995546E-05
96.5916666999999	5.23652481958618E-10	1.55074542477458E-09	2.12625543008447E-09	4.77378085648368E-07	7.48899912233066E-05
96.7583333	5.21199275080743E-10	1.93222370304143E-09	1.88369801765315E-09	4.76601826203507E-07	7.48933470036341E-05
96.925	5.36814909434106E-10	1.71966307908769E-09	1.90863023582034E-09	4.75921581594087E-07	7.48924732576264E-05
97.0916666999999	3.51143969895695E-10	2.23535977303549E-09	1.910205930951E-09	4.74951208726808E-07	7.48973490354772E-05
97.2583333	5.01962483720081E-10	2.06128178444935E-09	2.07982171825966E-09	4.78281709926634E-07	7.48903666510453E-05
97.425	7.37366637174815E-10	1.92640792967767E-09	1.82762016308643E-09	4.84778158885125E-07	7.48900571032384E-05
97.5916666999999	7.27648054607705E-10	2.94615013811987E-09	1.57185336345159E-09	4.78706713895872E-07	7.48968570228361E-05
97.7583333	7.09855292788432E-10	2.83397680080015E-09	1.58876972956449E-09	4.82779577032087E-07	7.48926925754434E-05
97.925	6.81057755227741E-10	2.98462853274589E-09	2.02742328548971E-09	4.81146917506891E-07	7.489203547873E-05
98.0916666999999	5.88788828510481E-10	2.5167491115696E-09	1.49913798073528E-09	4.82893128977635E-07	7.48886372583688E-05
98.2583333	6.74946449787416E-10	2.17210076296491E-09	1.75773468988131E-09	4.85359963162809E-07	7.48875926375314E-05
98.425	7.8137551968369E-10	2.16639232305471E-09	1.56306885082458E-09	4.85665541482672E-07	7.4884640516531E-05
98.5916666999999	8.06226613533385E-10	1.62059103450774E-09	1.66065820332259E-09	4.87381460875132E-07	7.48906052098895E-05
98.7583333	3.5016565311775E-10	2.46983245687034E-09	1.42762054281642E-09	4.88530852653285E-07	7.48894514909273E-05
98.925	7.78147427312923E-10	2.24887415152919E-09	1.45163748835904E-09	4.86959633823562E-07	7.48930587567974E-05
99.0916666999999	6.22670229272123E-10	1.31663273360939E-09	1.4127604838575E-09	4.95835426353671E-07	7.48888213743031E-05
99.2583333	6.08250195949257E-10	2.07909706036006E-09	1.35019661145606E-09	4.90699178560697E-07	7.48890119371401E-05
99.425	5.27910748812308E-10	1.4536749707076E-09	1.44962131314861E-09	4.87319602126515E-07	7.48968403096117E-05
99.5916666999999	5.24430527654619E-10	1.7951572904633E-09	1.29996455205131E-09	4.95715712766823E-07	7.48885546046969E-05
99.7583333	6.45078893464562E-10	1.50623329097873E-09	1.27258178171995E-09	4.98585875082196E-07	7.48874595720285E-05
99.925	7.48149165529582E-10	1.55965830221878E-09	1.54686432415357E-09	4.96949437089947E-07	7.48947893090149E-05
100.091666999999	8.13011923519226E-10	3.09937627500736E-09	1.74066337416056E-09	4.9917414020136E-07	7.48961049467619E-05
100.258333	7.18928746897262E-10	1.62750004965172E-09	1.49180635265437E-09	4.96203025808973E-07	7.48983990907551E-05
100.425	6.91805086321644E-10	1.93318987804247E-09	1.49841742570269E-09	4.97949729254846E-07	7.48983833986395E-05
100.591666999999	8.38731712545465E-10	1.92181414397469E-09	1.23382096059403E-09	5.02480560111125E-07	7.48965666459325E-05
100.758333	6.4955659539265E-10	1.28884170023437E-09	1.26114424202393E-09	4.98567690835204E-07	7.49069667586924E-05
100.925	6.00510513654775E-10	1.48020899851073E-09	1.39534315442892E-09	5.04028794840467E-07	7.49005512767802E-05
101.091666999999	6.70226960151631E-10	2.35638107456413E-09	1.27027774409312E-09	5.05472310181527E-07	7.49011592182018E-05
101.258333	6.6338647498153E-10	1.41097882797017E-09	1.48381615836384E-09	5.03964568163921E-07	7.49042843934298E-05
101.425	9.26047660943823E-10	1.69045993297596E-09	1.10478235630445E-09	5.09225652504161E-07	7.4901166625073E-05
