time	HC	CO	NO	N2O	NH3	H2
0.091666667	9.74488E-05	0.000171272	2.95969E-05	2.00849E-06	2.04542E-08	5.36662E-05
0.258333333	9.74632E-05	0.000171195	2.96432E-05	2.00394E-06	2.07027E-08	5.3702E-05
0.425	9.74449E-05	0.000171287	2.96766E-05	1.99677E-06	2.06426E-08	5.372E-05
0.591666667	9.74572E-05	0.000171574	2.9709E-05	1.99103E-06	2.0455E-08	5.37336E-05
0.758333333	9.74829E-05	0.000171437	2.97014E-05	1.98484E-06	2.07051E-08	5.37431E-05
0.925	9.75008E-05	0.000171473	2.97399E-05	1.97797E-06	1.95952E-08	5.37612E-05
1.09166667	9.75749E-05	0.000171439	2.97769E-05	1.97142E-06	1.94705E-08	5.37867E-05
1.25833333	9.76956E-05	0.000171616	2.98104E-05	1.96731E-06	1.92587E-08	5.37975E-05
1.425	9.78077E-05	0.000171746	2.98493E-05	1.96304E-06	1.94146E-08	5.38172E-05
1.59166667	9.7729E-05	0.00017168	2.98724E-05	1.96072E-06	1.89779E-08	5.38335E-05
1.75833333	9.77527E-05	0.000171895	2.98924E-05	1.95567E-06	1.85023E-08	5.3843E-05
1.925	9.77206E-05	0.00017153	2.98867E-05	1.94963E-06	1.8238E-08	5.38522E-05
2.09166667	9.79349E-05	0.000171792	2.99199E-05	1.94569E-06	1.80727E-08	5.38715E-05
2.25833333	9.79362E-05	0.000171853	2.99244E-05	1.94375E-06	1.92873E-08	5.38819E-05
2.425	9.79036E-05	0.000172189	2.99547E-05	1.94154E-06	1.80411E-08	5.38919E-05
2.59166667	9.78858E-05	0.000172035	2.99749E-05	1.93866E-06	1.74611E-08	5.39032E-05
2.75833333	9.79268E-05	0.000171826	2.99868E-05	1.93395E-06	1.73188E-08	5.39141E-05
2.925	9.78804E-05	0.000172145	3.00125E-05	1.93585E-06	1.79902E-08	5.39184E-05
3.09166667	9.80231E-05	0.000171971	3.00077E-05	1.9312E-06	1.63698E-08	5.39306E-05
3.25833333	9.80906E-05	0.000172015	3.0028E-05	1.92709E-06	1.78151E-08	5.39401E-05
3.425	9.79905E-05	0.000171856	3.00611E-05	1.92543E-06	1.79382E-08	5.39433E-05
3.59166667	9.80209E-05	0.000172245	3.00835E-05	1.92459E-06	1.72161E-08	5.39493E-05
3.75833333	9.79801E-05	0.000172144	3.00737E-05	1.91718E-06	1.71423E-08	5.39601E-05
3.925	9.79698E-05	0.000172463	3.00988E-05	1.91581E-06	1.8184E-08	5.397E-05
4.09166667	9.79806E-05	0.000172534	3.01171E-05	1.91401E-06	1.66317E-08	5.39744E-05
4.25833333	9.79862E-05	0.000172154	3.01174E-05	1.90954E-06	1.67919E-08	5.39844E-05
4.425	9.79915E-05	0.000172372	3.01521E-05	1.90634E-06	1.66423E-08	5.39884E-05
4.59166667	9.79542E-05	0.00017215	3.01349E-05	1.90265E-06	1.63914E-08	5.39958E-05
4.75833333	9.79943E-05	0.000172274	3.01427E-05	1.89801E-06	1.65616E-08	5.40052E-05
4.925	9.79686E-05	0.000172616	3.01966E-05	1.89844E-06	1.68538E-08	5.40144E-05
5.09166667	9.79312E-05	0.000172279	3.01774E-05	1.89566E-06	1.62405E-08	5.40215E-05
5.25833333	9.80012E-05	0.000172443	3.02E-05	1.88918E-06	1.67443E-08	5.40286E-05
5.425	9.80435E-05	0.000172248	3.0216E-05	1.8791E-06	1.60895E-08	5.40397E-05
5.59166667	9.80289E-05	0.000172653	3.02198E-05	1.88114E-06	1.6869E-08	5.40423E-05
5.75833333	9.79756E-05	0.000172745	3.02324E-05	1.87952E-06	1.63533E-08	5.40476E-05
5.925	9.79952E-05	0.000172527	3.02535E-05	1.87535E-06	1.61875E-08	5.40557E-05
6.09166667	9.80315E-05	0.000172628	3.02628E-05	1.8748E-06	1.63565E-08	5.40638E-05
6.25833333	9.81847E-05	0.00017246	3.02465E-05	1.87021E-06	1.51312E-08	5.40629E-05
6.425	9.82248E-05	0.000172602	3.0258E-05	1.87011E-06	1.65082E-08	5.40691E-05
6.59166667	9.81611E-05	0.00017254	3.0259E-05	1.86802E-06	1.68002E-08	5.4074E-05
6.75833333	9.81317E-05	0.000172433	3.02624E-05	1.86618E-06	1.55475E-08	5.40844E-05
6.925	9.81876E-05	0.000172604	3.03039E-05	1.8655E-06	1.58994E-08	5.40892E-05
7.09166667	9.83787E-05	0.000172451	3.02984E-05	1.86252E-06	1.54844E-08	5.40916E-05
7.25833333	9.82998E-05	0.000172447	3.02919E-05	1.86189E-06	1.55188E-08	5.4098E-05
7.425	9.82575E-05	0.000172424	3.03264E-05	1.86074E-06	1.55565E-08	5.40972E-05
7.59166667	9.82283E-05	0.000172564	3.03248E-05	1.86096E-06	1.50402E-08	5.40992E-05
7.75833333	9.82261E-05	0.000172968	3.03237E-05	1.85869E-06	1.55676E-08	5.41066E-05
7.925	9.82708E-05	0.000172507	3.03309E-05	1.85672E-06	1.57951E-08	5.41136E-05
8.09166667	9.84549E-05	0.000172549	3.03266E-05	1.85675E-06	1.48119E-08	5.41148E-05
8.25833333	9.84154E-05	0.000172726	3.03406E-05	1.85537E-06	1.52151E-08	5.41221E-05
8.425	9.83425E-05	0.000172813	3.03506E-05	1.8522E-06	1.54815E-08	5.41227E-05
8.59166667	9.82954E-05	0.000172816	3.03529E-05	1.85113E-06	1.53085E-08	5.41252E-05
8.75833333	9.83086E-05	0.000172798	3.03406E-05	1.85079E-06	1.48779E-08	5.41268E-05
8.925	9.82622E-05	0.000172683	3.03466E-05	1.84958E-06	1.52236E-08	5.41313E-05
9.09166667	9.83067E-05	0.000172709	3.03632E-05	1.84823E-06	1.49219E-08	5.41354E-05
9.25833333	9.82318E-05	0.00017262	3.03551E-05	1.84706E-06	1.49453E-08	5.41361E-05
9.425	9.8249E-05	0.000172615	3.03609E-05	1.84514E-06	1.50614E-08	5.41417E-05
9.59166667	9.82518E-05	0.000172686	3.0375E-05	1.84597E-06	1.44285E-08	5.41423E-05
9.75833333	9.82216E-05	0.000172932	3.03844E-05	1.84726E-06	1.4925E-08	5.41434E-05
9.925	9.81973E-05	0.000172868	3.03997E-05	1.84627E-06	1.4383E-08	5.4146E-05
10.0916667	9.826E-05	0.000172757	3.03971E-05	1.8455E-06	1.5238E-08	5.41501E-05
10.2583333	9.82304E-05	0.000172889	3.03703E-05	1.84288E-06	1.51869E-08	5.41545E-05
10.425	9.82253E-05	0.000172914	3.03881E-05	1.84158E-06	1.42205E-08	5.41558E-05
10.5916667	9.82247E-05	0.000172734	3.04114E-05	1.84314E-06	1.52974E-08	5.41557E-05
10.7583333	9.8182E-05	0.00017255	3.03773E-05	1.83804E-06	1.45195E-08	5.41576E-05
10.925	9.81697E-05	0.000173037	3.03677E-05	1.83202E-06	1.53144E-08	5.41552E-05
11.0916667	9.81972E-05	0.000172929	3.03885E-05	1.83627E-06	1.44404E-08	5.41595E-05
11.2583333	9.83458E-05	0.000172831	3.03828E-05	1.84238E-06	1.42699E-08	5.41577E-05
11.425	9.83354E-05	0.000172953	3.03675E-05	1.85699E-06	1.3405E-08	5.41571E-05
11.5916667	9.83099E-05	0.000173075	3.03635E-05	1.86397E-06	1.4349E-08	5.41536E-05
11.7583333	9.82843E-05	0.000172721	3.03293E-05	1.87475E-06	1.47683E-08	5.41445E-05
11.925	9.82231E-05	0.00017266	3.02796E-05	1.88552E-06	1.46953E-08	5.41343E-05
12.0916667	9.84231E-05	0.000172643	3.02237E-05	1.89827E-06	1.49253E-08	5.41281E-05
12.2583333	9.82983E-05	0.000172481	3.01634E-05	1.92154E-06	1.57452E-08	5.41057E-05
12.425	9.81898E-05	0.000172538	3.01103E-05	1.94546E-06	1.56289E-08	5.40846E-05
12.5916667	9.81326E-05	0.000172458	3.00331E-05	1.96462E-06	1.60309E-08	5.40604E-05
12.7583333	9.8114E-05	0.000172334	2.99588E-05	1.98676E-06	1.6046E-08	5.4031E-05
12.925	9.802E-05	0.000172458	2.98937E-05	2.00656E-06	1.64273E-08	5.39975E-05
13.0916667	9.81141E-05	0.000172356	2.98011E-05	2.03074E-06	1.62751E-08	5.3958E-05
13.2583333	9.79448E-05	0.000172222	2.96858E-05	2.05197E-06	1.70708E-08	5.39077E-05
13.425	9.77608E-05	0.000171997	2.9591E-05	2.07592E-06	1.79406E-08	5.38664E-05
13.5916667	9.77196E-05	0.000171651	2.95E-05	2.10014E-06	1.83764E-08	5.38165E-05
13.7583333	9.76717E-05	0.000171547	2.94011E-05	2.12166E-06	1.81175E-08	5.3772E-05
13.925	9.7527E-05	0.000171493	2.92576E-05	2.14683E-06	1.94372E-08	5.37152E-05
14.0916667	9.74022E-05	0.000171433	2.91423E-05	2.17195E-06	1.99893E-08	5.36647E-05
14.2583333	9.73227E-05	0.000171275	2.90545E-05	2.19518E-06	2.06849E-08	5.35805E-05
14.425	9.71857E-05	0.000171065	2.89394E-05	2.22393E-06	2.21256E-08	5.35395E-05
14.5916667	9.707E-05	0.00017076	2.88185E-05	2.24886E-06	2.24063E-08	5.3461E-05
14.7583333	9.69508E-05	0.000170434	2.87039E-05	2.27516E-06	2.31416E-08	5.33687E-05
14.925	9.68755E-05	0.000170423	2.85765E-05	2.30385E-06	2.41887E-08	5.32659E-05
15.0916667	9.67035E-05	0.00017026	2.84463E-05	2.33247E-06	2.51411E-08	5.32446E-05
15.2583333	9.66855E-05	0.000170005	2.83205E-05	2.36325E-06	2.56853E-08	5.31116E-05
15.425	9.65179E-05	0.00017004	2.82127E-05	2.39212E-06	2.73192E-08	5.30334E-05
15.5916667	9.63999E-05	0.00016975	2.80319E-05	2.43222E-06	2.80553E-08	5.29081E-05
15.7583333	9.62929E-05	0.000169397	2.78607E-05	2.4716E-06	2.95486E-08	5.27731E-05
15.925	9.61815E-05	0.000169285	2.76879E-05	2.50642E-06	3.10018E-08	5.26824E-05
16.0916667	9.60842E-05	0.000169061	2.7521E-05	2.54438E-06	3.17987E-08	5.25241E-05
16.2583333	9.60845E-05	0.000168829	2.73457E-05	2.58155E-06	3.43561E-08	5.23512E-05
16.425	9.59145E-05	0.000168406	2.71723E-05	2.61443E-06	3.42246E-08	5.22151E-05
16.5916667	9.57026E-05	0.000168119	2.7015E-05	2.65416E-06	3.57972E-08	5.20351E-05
16.7583333	9.55335E-05	0.000167895	2.68121E-05	2.69306E-06	3.81911E-08	5.18827E-05
16.925	9.55515E-05	0.000167668	2.66394E-05	2.73851E-06	4.01192E-08	5.16733E-05
17.0916667	9.54721E-05	0.000167357	2.64885E-05	2.78227E-06	4.21701E-08	5.15198E-05
17.2583333	9.52383E-05	0.000167193	2.63198E-05	2.83138E-06	4.48369E-08	5.12574E-05
17.425	9.50381E-05	0.000166589	2.61036E-05	2.86807E-06	4.6584E-08	5.11026E-05
17.5916667	9.48753E-05	0.000166599	2.59077E-05	2.9062E-06	4.84531E-08	5.09492E-05
17.7583333	9.47104E-05	0.00016616	2.57198E-05	2.94873E-06	5.13276E-08	5.06341E-05
17.925	9.45932E-05	0.000166094	2.54704E-05	3.00146E-06	5.41009E-08	5.04924E-05
18.0916667	9.46193E-05	0.000165675	2.52797E-05	3.0631E-06	5.7204E-08	5.02552E-05
18.2583333	9.438E-05	0.000165224	2.50582E-05	3.11749E-06	5.93199E-08	5.00328E-05
18.425	9.41399E-05	0.000164879	2.48043E-05	3.18056E-06	6.1758E-08	4.98805E-05
18.5916667	9.40309E-05	0.000164625	2.45978E-05	3.22296E-06	6.61654E-08	4.95551E-05
18.7583333	9.3771E-05	0.000163999	2.43507E-05	3.26739E-06	6.91265E-08	4.93133E-05
18.925	9.35815E-05	0.000163698	2.40931E-05	3.30335E-06	7.32099E-08	4.91191E-05
19.0916667	9.34064E-05	0.000163222	2.38464E-05	3.33779E-06	7.62472E-08	4.88124E-05
19.2583333	9.32522E-05	0.000162979	2.36035E-05	3.38157E-06	8.02812E-08	4.86131E-05
19.425	9.30795E-05	0.000163061	2.33551E-05	3.42005E-06	8.40779E-08	4.82764E-05
19.5916667	9.28859E-05	0.000162325	2.3115E-05	3.47287E-06	8.96722E-08	4.80226E-05
19.7583333	9.27263E-05	0.00016202	2.28297E-05	3.51807E-06	9.38593E-08	4.77674E-05
19.925	9.24595E-05	0.000161587	2.25447E-05	3.56716E-06	9.84398E-08	4.73881E-05
20.0916667	9.23082E-05	0.000161282	2.22755E-05	3.6163E-06	1.03687E-07	4.72527E-05
20.2583333	9.21126E-05	0.000160799	2.19853E-05	3.66416E-06	1.0916E-07	4.68011E-05
20.425	9.19701E-05	0.000160102	2.17022E-05	3.71717E-06	1.15222E-07	4.65072E-05
20.5916667	9.17965E-05	0.000159863	2.14156E-05	3.78457E-06	1.21508E-07	4.63195E-05
20.7583333	9.15821E-05	0.000159381	2.11202E-05	3.83389E-06	1.28743E-07	4.5871E-05
20.925	9.1362E-05	0.000158911	2.08007E-05	3.89536E-06	1.34769E-07	4.56117E-05
21.0916667	9.12562E-05	0.000158267	2.04962E-05	3.94302E-06	1.41657E-07	4.53055E-05
21.2583333	9.11258E-05	0.00015789	2.0172E-05	3.98957E-06	1.48881E-07	4.48384E-05
21.425	9.08949E-05	0.000157411	1.98533E-05	4.03799E-06	1.57324E-07	4.4607E-05
21.5916667	9.0701E-05	0.000156934	1.95557E-05	4.08713E-06	1.65906E-07	4.42118E-05
21.7583333	9.04637E-05	0.000156247	1.92306E-05	4.12718E-06	1.75138E-07	4.38021E-05
21.925	9.04054E-05	0.000155937	1.89139E-05	4.17118E-06	1.82967E-07	4.34337E-05
22.0916667	9.02479E-05	0.000155502	1.85791E-05	4.21155E-06	1.93985E-07	4.30098E-05
22.2583333	8.99646E-05	0.000154612	1.82658E-05	4.26486E-06	2.04011E-07	4.25965E-05
22.425	8.97424E-05	0.000154249	1.79388E-05	4.32318E-06	2.1449E-07	4.22948E-05
22.5916667	8.9543E-05	0.000153822	1.76154E-05	4.3725E-06	2.25978E-07	4.17458E-05
22.7583333	8.93335E-05	0.000153098	1.73042E-05	4.41548E-06	2.37033E-07	4.13729E-05
22.925	8.929E-05	0.000152492	1.69716E-05	4.4565E-06	2.50287E-07	4.08653E-05
23.0916667	8.90555E-05	0.00015196	1.66285E-05	4.498E-06	2.63424E-07	4.0381E-05
23.2583333	8.87955E-05	0.000151327	1.62949E-05	4.53899E-06	2.76272E-07	3.99629E-05
23.425	8.85534E-05	0.000150738	1.59636E-05	4.5759E-06	2.91876E-07	3.93985E-05
23.5916667	8.83677E-05	0.000150276	1.56357E-05	4.60847E-06	3.05907E-07	3.89322E-05
23.7583333	8.81232E-05	0.000149429	1.529E-05	4.63956E-06	3.23691E-07	3.8492E-05
23.925	8.79082E-05	0.000148933	1.49775E-05	4.667E-06	3.39284E-07	3.78954E-05
24.0916667	8.76745E-05	0.000148149	1.46432E-05	4.70116E-06	3.57603E-07	3.73961E-05
24.2583333	8.74267E-05	0.000147587	1.43142E-05	4.72027E-06	3.76112E-07	3.67906E-05
24.425	8.72403E-05	0.000147064	1.39895E-05	4.75597E-06	3.94682E-07	3.62886E-05
24.5916667	8.70101E-05	0.000146285	1.36672E-05	4.77454E-06	4.15732E-07	3.57326E-05
24.7583333	8.68093E-05	0.000145416	1.33525E-05	4.79923E-06	4.33651E-07	3.51703E-05
24.925	8.65598E-05	0.000144762	1.30356E-05	4.81473E-06	4.54994E-07	3.45199E-05
25.0916667	8.63389E-05	0.000143891	1.27265E-05	4.82754E-06	4.78101E-07	3.39413E-05
25.2583333	8.61088E-05	0.000143062	1.24262E-05	4.83853E-06	5.02133E-07	3.32443E-05
25.425	8.58687E-05	0.000142256	1.2124E-05	4.83762E-06	5.27197E-07	3.26047E-05
25.5916667	8.56822E-05	0.000141454	1.18386E-05	4.84776E-06	5.53483E-07	3.18972E-05
25.7583333	8.54129E-05	0.000140507	1.15492E-05	4.84403E-06	5.81763E-07	3.12366E-05
25.925	8.52158E-05	0.000139598	1.12704E-05	4.8429E-06	6.077E-07	3.05004E-05
26.0916667	8.50589E-05	0.000138709	1.0994E-05	4.83709E-06	6.39503E-07	2.97274E-05
26.2583333	8.49338E-05	0.000137786	1.07366E-05	4.83467E-06	6.70382E-07	2.89614E-05
26.425	8.45782E-05	0.000136616	1.04704E-05	4.83489E-06	7.02964E-07	2.81688E-05
26.5916667	8.43312E-05	0.000135329	1.02102E-05	4.81764E-06	7.36006E-07	2.733E-05
26.7583333	8.40938E-05	0.000134533	9.96546E-06	4.80345E-06	7.71346E-07	2.65441E-05
26.925	8.40114E-05	0.000133348	9.73386E-06	4.78003E-06	8.06367E-07	2.57321E-05
27.0916667	8.37748E-05	0.000132069	9.52068E-06	4.7536E-06	8.43955E-07	2.48943E-05
27.2583333	8.34818E-05	0.000130852	9.31413E-06	4.73113E-06	8.82192E-07	2.40291E-05
27.425	8.32058E-05	0.000129548	9.11692E-06	4.69998E-06	9.19991E-07	2.31164E-05
27.5916667	8.29624E-05	0.000127946	8.93329E-06	4.66137E-06	9.57112E-07	2.22279E-05
27.7583333	8.27071E-05	0.000126551	8.78574E-06	4.62278E-06	9.95695E-07	2.13698E-05
27.925	8.25823E-05	0.000124774	8.66062E-06	4.57525E-06	1.03327E-06	2.04843E-05
28.0916667	8.23239E-05	0.000123147	8.56062E-06	4.52742E-06	1.07E-06	1.96404E-05
28.2583333	8.20281E-05	0.000121298	8.50087E-06	4.45628E-06	1.10338E-06	1.88222E-05
28.425	8.17535E-05	0.000119405	8.49577E-06	4.37426E-06	1.13464E-06	1.80733E-05
28.5916667	8.1455E-05	0.000117473	8.56029E-06	4.28894E-06	1.16218E-06	1.74194E-05
28.7583333	8.11486E-05	0.000115453	8.68114E-06	4.19775E-06	1.18206E-06	1.69674E-05
28.925	8.09486E-05	0.000113166	8.85881E-06	4.09035E-06	1.2014E-06	1.6658E-05
29.0916667	8.07098E-05	0.000111121	9.06232E-06	3.99828E-06	1.22252E-06	1.64981E-05
29.2583333	8.04262E-05	0.00010867	9.26329E-06	3.89635E-06	1.24548E-06	1.63487E-05
29.425	8.01577E-05	0.000106109	9.45197E-06	3.7729E-06	1.26579E-06	1.63225E-05
29.5916667	7.99155E-05	0.000103391	9.65426E-06	3.68761E-06	1.28902E-06	1.62543E-05
29.7583333	7.96634E-05	0.000100099	9.84673E-06	3.59869E-06	1.31079E-06	1.61966E-05
29.925	7.93663E-05	9.62464E-05	1.00395E-05	3.51027E-06	1.33297E-06	1.61469E-05
30.0916667	7.90885E-05	8.78834E-05	1.00917E-05	3.46898E-06	1.30981E-06	1.61223E-05
30.2583333	7.87682E-05	6.616E-05	9.74722E-06	3.62436E-06	1.07942E-06	1.60777E-05
30.425	7.82755E-05	4.02735E-05	9.22526E-06	3.87646E-06	7.42931E-07	1.60479E-05
30.5916667	7.7632E-05	1.6653E-05	8.77976E-06	4.13582E-06	3.53223E-07	1.60511E-05
30.7583333	7.68704E-05	4.49151E-06	8.73299E-06	4.21367E-06	1.23092E-07	1.60308E-05
30.925	7.60558E-05	2.38927E-07	9.03484E-06	4.13267E-06	1.73959E-08	1.59563E-05
31.0916667	7.5489E-05	4.56859E-08	9.50109E-06	3.97076E-06	5.7509E-09	1.59511E-05
31.2583333	7.50704E-05	3.54999E-08	1.00415E-05	3.7893E-06	3.80044E-09	1.59396E-05
31.425	7.47469E-05	3.27093E-08	1.06112E-05	3.60955E-06	3.08757E-09	1.59031E-05
31.5916667	7.44969E-05	2.93119E-08	1.12064E-05	3.44278E-06	2.84137E-09	1.58574E-05
31.7583333	7.43685E-05	3.17974E-08	1.17865E-05	3.27791E-06	2.20399E-09	1.58814E-05
31.925	7.42995E-05	2.80203E-08	1.23862E-05	3.11024E-06	1.16055E-09	1.58332E-05
32.0916667	7.41278E-05	2.71919E-08	1.29766E-05	2.95476E-06	1.75674E-09	1.57863E-05
32.2583333	7.39745E-05	2.17429E-08	1.35943E-05	2.80275E-06	1.43074E-09	1.57603E-05
32.425	7.37672E-05	2.05199E-08	1.42258E-05	2.65183E-06	1.56883E-09	1.57234E-05
32.5916667	7.36205E-05	2.1622E-08	1.4847E-05	2.48255E-06	9.01502E-10	1.56827E-05
32.7583333	7.35284E-05	2.12056E-08	1.55677E-05	2.29208E-06	8.82359E-10	1.56403E-05
32.925	7.34591E-05	1.89269E-08	1.63718E-05	2.09233E-06	1.42329E-09	1.56042E-05
33.0916667	7.33115E-05	1.48763E-08	1.73553E-05	1.85857E-06	4.90994E-10	1.55724E-05
33.2583333	7.31167E-05	1.73229E-08	1.83148E-05	1.63871E-06	6.71583E-10	1.55174E-05
33.425	7.29746E-05	1.42287E-08	1.91407E-05	1.44134E-06	5.41362E-10	1.55254E-05
33.5916667	7.28912E-05	1.77109E-08	1.98307E-05	1.28859E-06	6.98075E-10	1.5495E-05
33.7583333	7.2762E-05	1.32448E-08	2.03188E-05	1.16849E-06	1.03795E-09	1.54525E-05
33.925	7.25531E-05	1.56044E-08	2.06824E-05	1.07663E-06	8.86946E-10	1.54244E-05
34.0916667	7.23954E-05	1.32505E-08	2.09048E-05	1.00844E-06	5.56135E-10	1.53936E-05
34.2583333	7.22917E-05	1.45353E-08	2.10735E-05	9.46993E-07	4.20448E-10	1.53583E-05
34.425	7.20936E-05	1.34636E-08	2.12408E-05	8.95202E-07	2.19389E-10	1.53474E-05
34.5916667	7.19837E-05	1.52692E-08	2.1313E-05	8.48099E-07	6.2935E-10	1.52931E-05
34.7583333	7.18442E-05	1.70007E-08	2.13956E-05	8.08479E-07	8.90598E-10	1.52638E-05
34.925	7.16974E-05	1.04035E-08	2.14749E-05	7.73044E-07	4.22662E-10	1.52281E-05
35.0916667	7.15712E-05	1.54131E-08	2.15152E-05	7.42465E-07	5.37947E-10	1.52017E-05
35.2583333	7.14506E-05	1.0535E-08	2.15389E-05	7.17705E-07	9.33801E-10	1.51716E-05
35.425	7.12825E-05	1.13258E-08	2.1555E-05	6.95115E-07	7.03038E-10	1.51426E-05
35.5916667	7.118E-05	1.38698E-08	2.15603E-05	6.75909E-07	4.87562E-10	1.51284E-05
35.7583333	7.10259E-05	1.13586E-08	2.15742E-05	6.58257E-07	2.31998E-10	1.50748E-05
35.925	7.09383E-05	1.19582E-08	2.15673E-05	6.43352E-07	8.18616E-10	1.50507E-05
36.0916667	7.08914E-05	1.18192E-08	2.15675E-05	6.28874E-07	5.17553E-10	1.49896E-05
36.2583333	7.0756E-05	1.09312E-08	2.15696E-05	6.16975E-07	3.39131E-10	1.49692E-05
36.425	7.05653E-05	1.19587E-08	2.15942E-05	6.01589E-07	4.83288E-10	1.49459E-05
36.5916667	7.04406E-05	1.02578E-08	2.15766E-05	5.9112E-07	5.31478E-10	1.49034E-05
36.7583333	7.03949E-05	1.19308E-08	2.15682E-05	5.81883E-07	2.3169E-10	1.48895E-05
36.925	7.03094E-05	1.22772E-08	2.15614E-05	5.71471E-07	3.77024E-10	1.4847E-05
37.0916667	7.01638E-05	1.23758E-08	2.15813E-05	5.61805E-07	4.15103E-10	1.48449E-05
37.2583333	6.99696E-05	1.45662E-08	2.15676E-05	5.52369E-07	6.43045E-10	1.47841E-05
37.425	6.9876E-05	1.50924E-08	2.15601E-05	5.44241E-07	4.28217E-10	1.47634E-05
37.5916667	6.97434E-05	1.24048E-08	2.15667E-05	5.36346E-07	5.83702E-10	1.47445E-05
37.7583333	6.9659E-05	1.26084E-08	2.15464E-05	5.27978E-07	1.24631E-10	1.47124E-05
37.925	6.96272E-05	1.07851E-08	2.15576E-05	5.21942E-07	2.33782E-10	1.46781E-05
38.0916667	6.94436E-05	9.85058E-09	2.15401E-05	5.13001E-07	1.42516E-10	1.46716E-05
38.2583333	6.92866E-05	1.05699E-08	2.15529E-05	5.07224E-07	2.46359E-10	1.46408E-05
38.425	6.91528E-05	8.45102E-09	2.15435E-05	4.99872E-07	3.20649E-10	1.45955E-05
38.5916667	6.90342E-05	7.33368E-09	2.15367E-05	4.94447E-07	3.76234E-10	1.45687E-05
38.7583333	6.89226E-05	9.5273E-09	2.15414E-05	4.87416E-07	2.59874E-10	1.45234E-05
38.925	6.87884E-05	1.08408E-08	2.15532E-05	4.81281E-07	2.80909E-10	1.44904E-05
39.0916667	6.86812E-05	8.39982E-09	2.15628E-05	4.7671E-07	5.50257E-10	1.44884E-05
39.2583333	6.85513E-05	9.70576E-09	2.15522E-05	4.70701E-07	2.42087E-10	1.44783E-05
39.425	6.83904E-05	9.0796E-09	2.15563E-05	4.66524E-07	4.51373E-10	1.44486E-05
39.5916667	6.82921E-05	9.53046E-09	2.15479E-05	4.60676E-07	5.90856E-10	1.44342E-05
39.7583333	6.81374E-05	1.0501E-08	2.15399E-05	4.55353E-07	2.07908E-10	1.44052E-05
39.925	6.80501E-05	7.18536E-09	2.15601E-05	4.50066E-07	3.84023E-10	1.4365E-05
40.0916667	6.79028E-05	1.06379E-08	2.15762E-05	4.44836E-07	3.636E-10	1.43521E-05
40.2583333	6.78488E-05	8.09297E-09	2.15937E-05	4.40701E-07	4.89714E-10	1.43506E-05
40.425	6.76676E-05	9.52529E-09	2.15861E-05	4.35287E-07	4.40853E-10	1.43052E-05
40.5916667	6.75917E-05	8.88008E-09	2.15893E-05	4.29948E-07	3.55619E-10	1.43192E-05
40.7583333	6.74931E-05	8.91203E-09	2.15977E-05	4.24625E-07	1.56012E-10	1.42823E-05
40.925	6.73538E-05	8.65182E-09	2.1613E-05	4.20118E-07	2.65852E-10	1.42464E-05
41.0916667	6.7345E-05	7.78217E-09	2.16084E-05	4.15536E-07	1.53218E-10	1.42161E-05
41.2583333	6.72039E-05	8.82529E-09	2.15997E-05	4.1002E-07	3.50304E-10	1.41984E-05
41.425	6.70522E-05	8.21108E-09	2.16025E-05	4.05568E-07	1.77016E-10	1.41636E-05
41.5916667	6.6944E-05	6.61728E-09	2.16179E-05	4.01203E-07	3.21686E-10	1.41367E-05
41.7583333	6.69413E-05	9.07992E-09	2.16505E-05	3.96069E-07	1.99786E-10	1.41484E-05
41.925	6.68506E-05	6.88894E-09	2.16544E-05	3.91874E-07	3.61803E-10	1.41241E-05
42.0916667	6.67128E-05	7.56438E-09	2.16485E-05	3.87414E-07	4.92812E-10	1.41236E-05
42.2583333	6.6568E-05	9.98086E-09	2.16514E-05	3.82325E-07	4.88695E-10	1.40759E-05
42.425	6.64202E-05	7.71727E-09	2.16461E-05	3.77479E-07	4.41948E-10	1.4026E-05
42.5916667	6.62802E-05	5.3445E-09	2.16582E-05	3.74099E-07	3.3326E-10	1.40226E-05
42.7583333	6.62737E-05	5.66853E-09	2.16696E-05	3.69548E-07	3.83856E-10	1.40062E-05
42.925	6.62202E-05	5.80999E-09	2.16913E-05	3.65176E-07	3.66444E-10	1.39677E-05
43.0916667	6.60692E-05	9.07657E-09	2.16988E-05	3.61348E-07	1.56409E-10	1.3967E-05
43.2583333	6.59155E-05	7.30704E-09	2.17045E-05	3.56586E-07	2.28074E-10	1.39169E-05
43.425	6.58036E-05	4.69594E-09	2.17204E-05	3.52442E-07	1.04188E-10	1.39053E-05
43.5916667	6.56585E-05	6.90625E-09	2.1713E-05	3.46037E-07	3.32341E-10	1.38928E-05
43.7583333	6.55637E-05	4.48798E-09	2.16207E-05	3.37314E-07	2.4846E-10	1.38326E-05
43.925	6.54064E-05	3.71877E-09	2.16269E-05	3.32912E-07	3.35346E-10	1.38379E-05
44.0916667	6.52843E-05	8.43563E-09	2.16121E-05	3.28582E-07	2.6856E-10	1.38187E-05
44.2583333	6.52187E-05	4.13764E-09	2.15611E-05	3.23525E-07	4.20096E-11	1.38218E-05
44.425	6.50818E-05	7.69819E-09	2.15284E-05	3.17888E-07	3.25363E-10	1.379E-05
44.5916667	6.49754E-05	6.6032E-09	2.1523E-05	3.13987E-07	3.09332E-10	1.3763E-05
44.7583333	6.48389E-05	6.71212E-09	2.15281E-05	3.11008E-07	6.29137E-10	1.37463E-05
44.925	6.4764E-05	6.23072E-09	2.15428E-05	3.06673E-07	2.19788E-10	1.3713E-05
45.0916667	6.46407E-05	5.17496E-09	2.15407E-05	3.02503E-07	4.12817E-10	1.36835E-05
45.2583333	6.45092E-05	5.46353E-09	2.15324E-05	2.98588E-07	3.53552E-10	1.36821E-05
45.425	6.44036E-05	5.15734E-09	2.15305E-05	2.95498E-07	7.34455E-11	1.36526E-05
45.5916667	6.42901E-05	5.96718E-09	2.15475E-05	2.92205E-07	3.96773E-10	1.36514E-05
45.7583333	6.41967E-05	1.80156E-09	2.15402E-05	2.88737E-07	3.50452E-10	1.36502E-05
45.925	6.41638E-05	3.68556E-09	2.15218E-05	2.85483E-07	1.29778E-10	1.36268E-05
46.0916667	6.41209E-05	4.10682E-09	2.15304E-05	2.81051E-07	2.0833E-10	1.35996E-05
46.2583333	6.39469E-05	5.51117E-09	2.15285E-05	2.77423E-07	8.53653E-11	1.35715E-05
46.425	6.38118E-05	4.93052E-09	2.15324E-05	2.74005E-07	3.13641E-10	1.35656E-05
46.5916667	6.37227E-05	5.11764E-09	2.15187E-05	2.70748E-07	2.72347E-10	1.35346E-05
46.7583333	6.36777E-05	7.34051E-09	2.15234E-05	2.68104E-07	5.77382E-10	1.35253E-05
46.925	6.36338E-05	4.99066E-09	2.15496E-05	2.65499E-07	3.42871E-10	1.35322E-05
47.0916667	6.33961E-05	4.55696E-09	2.15417E-05	2.61003E-07	3.89001E-10	1.35004E-05
47.2583333	6.33023E-05	5.93666E-09	2.15266E-05	2.57923E-07	4.93954E-10	1.34568E-05
47.425	6.31758E-05	4.56279E-09	2.1523E-05	2.54083E-07	4.9225E-10	1.34464E-05
47.5916667	6.30514E-05	2.69104E-09	2.15203E-05	2.50985E-07	5.46831E-10	1.34505E-05
47.7583333	6.30089E-05	3.85583E-09	2.14876E-05	2.48284E-07	2.651E-10	1.3429E-05
47.925	6.29413E-05	3.71158E-09	2.15013E-05	2.44465E-07	1.3362E-10	1.33943E-05
48.0916667	6.27659E-05	5.19333E-09	2.15018E-05	2.41269E-07	3.41689E-10	1.33978E-05
48.2583333	6.26566E-05	2.76265E-09	2.14917E-05	2.38064E-07	6.44561E-10	1.33795E-05
48.425	6.25394E-05	3.60146E-09	2.14918E-05	2.34766E-07	2.42815E-10	1.33347E-05
48.5916667	6.24016E-05	4.98283E-09	2.14732E-05	2.32498E-07	1.32592E-10	1.33297E-05
48.7583333	6.23083E-05	4.36733E-09	2.14575E-05	2.29234E-07	2.21088E-11	1.33048E-05
48.925	6.21439E-05	4.32781E-09	2.14474E-05	2.26078E-07	3.97063E-10	1.3276E-05
49.0916667	6.2047E-05	2.44366E-09	2.14389E-05	2.23168E-07	1.76908E-10	1.32921E-05
49.2583333	6.18992E-05	5.00365E-09	2.14486E-05	2.20106E-07	1.45756E-10	1.32423E-05
49.425	6.18092E-05	4.71474E-09	2.14636E-05	2.19044E-07	1.45098E-10	1.32407E-05
49.5916667	6.16749E-05	6.11189E-09	2.14532E-05	2.15292E-07	5.97786E-10	1.32085E-05
49.7583333	6.15499E-05	4.93189E-09	2.14307E-05	2.12805E-07	3.71326E-10	1.32015E-05
49.925	6.14397E-05	4.34724E-09	2.14366E-05	2.09568E-07	5.87679E-11	1.31666E-05
50.0916667	6.12958E-05	6.07486E-09	2.14213E-05	2.07958E-07	1.67695E-10	1.31778E-05
50.2583333	6.11834E-05	4.14204E-09	2.14075E-05	2.05498E-07	3.68673E-10	1.312E-05
50.425	6.10882E-05	3.90147E-09	2.13956E-05	2.02877E-07	1.92616E-10	1.30929E-05
50.5916667	6.09334E-05	4.99233E-09	2.13838E-05	1.99726E-07	1.12062E-10	1.30881E-05
50.7583333	6.08135E-05	5.07018E-09	2.13714E-05	1.97321E-07	6.51407E-11	1.30616E-05
50.925	6.07599E-05	5.14328E-09	2.1374E-05	1.94897E-07	2.16137E-10	1.30712E-05
51.0916667	6.06599E-05	5.79766E-09	2.13568E-05	1.9215E-07	3.54978E-10	1.30491E-05
51.2583333	6.04891E-05	5.14016E-09	2.13438E-05	1.90183E-07	1.58873E-10	1.30267E-05
51.425	6.03735E-05	4.57825E-09	2.13312E-05	1.88006E-07	3.35586E-10	1.302E-05
51.5916667	6.02679E-05	5.0535E-09	2.13319E-05	1.85331E-07	3.85606E-10	1.29928E-05
51.7583333	6.02173E-05	5.28357E-09	2.13081E-05	1.8282E-07	3.33699E-10	1.29863E-05
51.925	6.00721E-05	4.61093E-09	2.1281E-05	1.81013E-07	1.89522E-10	1.29586E-05
52.0916667	5.99277E-05	3.80585E-09	2.12834E-05	1.78929E-07	8.7123E-11	1.29298E-05
52.2583333	5.97679E-05	4.6288E-09	2.12542E-05	1.763E-07	3.91152E-10	1.29226E-05
52.425	5.9644E-05	4.12693E-09	2.12307E-05	1.74893E-07	8.07168E-11	1.28939E-05
52.5916667	5.95129E-05	3.91095E-09	2.12285E-05	1.73117E-07	2.51435E-10	1.28738E-05
52.7583333	5.94441E-05	4.44776E-09	2.12066E-05	1.70083E-07	1.27697E-10	1.28312E-05
52.925	5.93031E-05	2.85174E-09	2.11911E-05	1.67965E-07	2.31608E-10	1.2829E-05
53.0916667	5.91526E-05	4.23941E-09	2.11886E-05	1.6555E-07	1.93471E-10	1.28037E-05
53.2583333	5.90129E-05	4.23356E-09	2.11693E-05	1.64126E-07	1.87862E-10	1.27663E-05
53.425	5.88482E-05	3.97926E-09	2.11559E-05	1.61172E-07	1.67045E-10	1.27352E-05
53.5916667	5.87007E-05	4.33564E-09	2.11263E-05	1.60035E-07	2.28249E-10	1.27127E-05
53.7583333	5.85737E-05	5.70225E-09	2.11241E-05	1.58407E-07	4.4023E-10	1.27008E-05
53.925	5.83755E-05	2.27197E-09	2.10988E-05	1.55825E-07	9.5329E-11	1.268E-05
54.0916667	5.83448E-05	4.58162E-09	2.10692E-05	1.53969E-07	1.94497E-10	1.268E-05
54.2583333	5.81204E-05	5.46592E-09	2.10665E-05	1.52071E-07	8.74751E-11	1.26792E-05
54.425	5.79846E-05	6.25158E-09	2.10449E-05	1.50379E-07	3.42629E-10	1.2648E-05
54.5916667	5.78283E-05	5.1044E-09	2.10087E-05	1.48046E-07	2.09791E-10	1.26551E-05
54.7583333	5.7637E-05	4.00775E-09	2.09983E-05	1.46035E-07	1.94743E-10	1.26214E-05
54.925	5.75131E-05	5.87958E-09	2.09896E-05	1.45121E-07	1.85601E-10	1.2633E-05
55.0916667	5.73621E-05	3.1014E-09	2.09621E-05	1.42705E-07	3.08144E-10	1.2618E-05
55.2583333	5.72177E-05	3.87071E-09	2.0931E-05	1.41142E-07	9.96012E-11	1.26095E-05
55.425	5.70553E-05	5.87375E-09	2.09251E-05	1.39017E-07	4.00988E-10	1.25971E-05
55.5916667	5.69067E-05	2.26391E-09	2.09135E-05	1.37173E-07	1.30763E-12	1.25995E-05
55.7583333	5.6735E-05	3.28923E-09	2.08674E-05	1.3548E-07	1.28033E-10	1.25757E-05
55.925	5.67001E-05	3.35818E-09	2.08357E-05	1.34143E-07	3.08685E-10	1.25755E-05
56.0916667	5.65187E-05	3.73252E-09	2.08212E-05	1.32613E-07	1.13762E-10	1.25643E-05
56.2583333	5.63209E-05	4.83768E-09	2.08109E-05	1.31047E-07	2.85743E-10	1.25835E-05
56.425	5.61329E-05	3.25433E-09	2.07694E-05	1.28786E-07	1.5121E-10	1.25589E-05
56.5916667	5.601E-05	4.45309E-09	2.07456E-05	1.27642E-07	2.31119E-10	1.25261E-05
56.7583333	5.59344E-05	3.5907E-09	2.07032E-05	1.26217E-07	2.90403E-10	1.25342E-05
56.925	5.57114E-05	3.83959E-09	2.069E-05	1.24549E-07	1.63246E-10	1.24984E-05
57.0916667	5.55007E-05	5.63017E-09	2.06563E-05	1.23176E-07	1.02004E-10	1.24826E-05
57.2583333	5.53552E-05	4.41957E-09	2.066E-05	1.21325E-07	3.04579E-10	1.24934E-05
57.425	5.51263E-05	2.10285E-09	2.06069E-05	1.2E-07	1.89355E-10	1.24478E-05
57.5916667	5.4979E-05	4.55762E-09	2.0585E-05	1.18377E-07	3.6976E-11	1.24357E-05
57.7583333	5.48865E-05	2.8039E-09	2.05569E-05	1.16807E-07	1.08081E-10	1.24512E-05
57.925	5.46692E-05	4.59973E-09	2.05228E-05	1.15678E-07	1.33454E-10	1.24322E-05
58.0916667	5.4447E-05	4.89556E-09	2.05112E-05	1.1488E-07	1.26747E-10	1.24182E-05
58.2583333	5.42551E-05	4.33043E-09	2.04874E-05	1.13365E-07	2.61314E-10	1.23997E-05
58.425	5.4056E-05	3.6129E-09	2.04525E-05	1.11771E-07	3.31547E-10	1.2394E-05
58.5916667	5.38534E-05	3.77625E-09	2.04141E-05	1.11354E-07	3.85477E-10	1.2386E-05
58.7583333	5.36468E-05	3.75785E-09	2.03851E-05	1.10198E-07	1.40888E-10	1.23697E-05
58.925	5.34388E-05	5.70046E-09	2.03581E-05	1.081E-07	4.24095E-10	1.2358E-05
59.0916667	5.32433E-05	4.54606E-09	2.0349E-05	1.07418E-07	1.79336E-10	1.23545E-05
59.2583333	5.30589E-05	4.90199E-09	2.03146E-05	1.05902E-07	3.28004E-10	1.23204E-05
59.425	5.28056E-05	3.30637E-09	2.02708E-05	1.04706E-07	6.21124E-11	1.22952E-05
59.5916667	5.25942E-05	3.52052E-09	2.02496E-05	1.03792E-07	1.72122E-10	1.22821E-05
59.7583333	5.23772E-05	3.04002E-09	2.02162E-05	1.03002E-07	4.36391E-11	1.22562E-05
59.925	5.21872E-05	4.14593E-09	2.0194E-05	1.01992E-07	2.3465E-10	1.22669E-05
60.0916667	5.19365E-05	2.24886E-09	2.01468E-05	1.011E-07	6.43648E-11	1.22357E-05
60.2583333	5.17173E-05	6.48872E-09	2.01367E-05	9.95437E-08	2.73419E-10	1.2222E-05
60.425	5.14837E-05	2.85174E-09	2.00892E-05	9.8018E-08	7.12119E-11	1.22259E-05
60.5916667	5.12498E-05	4.89848E-09	2.00616E-05	9.74956E-08	1.81054E-10	1.22022E-05
60.7583333	5.10405E-05	4.88357E-09	2.00384E-05	9.65837E-08	1.22463E-10	1.21904E-05
60.925	5.08669E-05	3.78856E-09	2.00038E-05	9.55818E-08	1.81203E-10	1.21793E-05
61.0916667	5.05814E-05	4.2586E-09	1.9973E-05	9.46558E-08	1.12404E-10	1.21633E-05
61.2583333	5.03409E-05	2.38244E-09	1.99443E-05	9.36817E-08	3.41906E-10	1.21355E-05
61.425	5.00857E-05	4.90648E-09	1.99267E-05	9.23832E-08	2.62478E-10	1.21271E-05
61.5916667	4.98541E-05	4.0065E-09	1.98887E-05	9.1461E-08	3.35664E-10	1.21437E-05
61.7583333	4.96587E-05	3.8599E-09	1.98414E-05	9.08422E-08	1.48819E-10	1.21005E-05
61.925	4.93717E-05	3.54395E-09	1.98196E-05	8.94648E-08	2.79706E-10	1.21272E-05
62.0916667	4.90739E-05	5.282E-09	1.98045E-05	8.8383E-08	2.46631E-10	1.21147E-05
62.2583333	4.88031E-05	3.62931E-09	1.97612E-05	8.8234E-08	2.53654E-10	1.21174E-05
62.425	4.84942E-05	2.98689E-09	1.97101E-05	8.73872E-08	1.7086E-10	1.21033E-05
62.5916667	4.82869E-05	3.70557E-09	1.9682E-05	8.65667E-08	1.52803E-10	1.21022E-05
62.7583333	4.80447E-05	3.64161E-09	1.96616E-05	8.5511E-08	5.46689E-11	1.21188E-05
62.925	4.77241E-05	4.11181E-09	1.96152E-05	8.46988E-08	1.75239E-10	1.21008E-05
63.0916667	4.74216E-05	5.9429E-09	1.96145E-05	8.37324E-08	1.56034E-10	1.21075E-05
63.2583333	4.70923E-05	5.56822E-09	1.95638E-05	8.31536E-08	2.04259E-10	1.20897E-05
63.425	4.67953E-05	3.67389E-09	1.95225E-05	8.18385E-08	1.61416E-10	1.20712E-05
63.5916667	4.64761E-05	3.32258E-09	1.949E-05	8.14111E-08	2.90767E-10	1.20418E-05
63.7583333	4.61694E-05	2.86342E-09	1.94684E-05	8.00967E-08	3.18202E-10	1.20415E-05
63.925	4.58393E-05	3.11349E-09	1.94235E-05	7.97515E-08	2.23895E-10	1.2039E-05
64.0916667	4.5515E-05	3.8109E-09	1.93782E-05	7.91845E-08	2.07025E-10	1.20269E-05
64.2583333	4.5195E-05	3.78398E-09	1.93607E-05	7.89383E-08	1.16296E-10	1.20426E-05
64.425	4.4844E-05	2.35192E-09	1.93131E-05	7.71151E-08	2.03791E-10	1.2029E-05
64.5916667	4.45261E-05	2.66813E-09	1.92895E-05	7.64836E-08	1.36704E-10	1.2021E-05
64.7583333	4.41767E-05	1.99076E-09	1.92504E-05	7.56146E-08	1.34428E-10	1.19778E-05
64.925	4.38105E-05	1.9549E-09	1.92138E-05	7.56629E-08	1.01368E-10	1.19803E-05
65.0916667	4.34664E-05	3.72368E-09	1.9185E-05	7.49273E-08	1.97672E-10	1.19604E-05
65.2583333	4.30916E-05	5.01488E-09	1.91514E-05	7.42322E-08	2.7406E-10	1.19714E-05
65.425	4.27106E-05	3.92567E-09	1.91176E-05	7.29136E-08	1.89631E-10	1.19511E-05
65.5916667	4.23713E-05	3.51208E-09	1.90653E-05	7.25208E-08	3.07991E-10	1.19546E-05
65.7583333	4.20539E-05	3.37411E-09	1.90284E-05	7.18092E-08	1.79652E-10	1.19648E-05
65.925	4.1704E-05	2.6733E-09	1.90069E-05	7.14337E-08	4.52439E-10	1.19629E-05
66.0916667	4.12862E-05	2.82668E-09	1.89745E-05	7.05634E-08	2.25243E-10	1.19448E-05
66.2583333	4.08883E-05	2.58303E-09	1.89431E-05	6.99265E-08	1.88013E-10	1.19689E-05
66.425	4.04529E-05	2.61647E-09	1.89025E-05	6.88887E-08	1.05492E-10	1.19615E-05
66.5916667	4.01242E-05	1.80352E-09	1.88826E-05	6.84067E-08	4.79817E-11	1.19548E-05
66.7583333	3.97271E-05	4.1417E-09	1.88248E-05	6.76882E-08	1.203E-10	1.19567E-05
66.925	3.92777E-05	3.10253E-09	1.88198E-05	6.70766E-08	2.23785E-10	1.19522E-05
67.0916667	3.88702E-05	2.23943E-09	1.87759E-05	6.67961E-08	1.30258E-10	1.19706E-05
67.2583333	3.84503E-05	3.44561E-09	1.8746E-05	6.5507E-08	1.54897E-10	1.19458E-05
67.425	3.80339E-05	3.7808E-09	1.87252E-05	6.51284E-08	1.03244E-10	1.19682E-05
67.5916667	3.76703E-05	3.6531E-09	1.86913E-05	6.46972E-08	4.5096E-11	1.19337E-05
67.7583333	3.72488E-05	4.85741E-09	1.86582E-05	6.41356E-08	1.15244E-10	1.19532E-05
67.925	3.67833E-05	2.94548E-09	1.86186E-05	6.30898E-08	3.45471E-10	1.19518E-05
68.0916667	3.63136E-05	4.56023E-09	1.85823E-05	6.25576E-08	2.58202E-10	1.19459E-05
68.2583333	3.58839E-05	1.44974E-09	1.85489E-05	6.13068E-08	3.20065E-10	1.19113E-05
68.425	3.54339E-05	3.4817E-09	1.85121E-05	6.15196E-08	1.51491E-10	1.19318E-05
68.5916667	3.4996E-05	3.43388E-09	1.84783E-05	6.03025E-08	1.37268E-10	1.195E-05
68.7583333	3.45497E-05	2.70749E-09	1.84661E-05	5.99811E-08	8.90003E-11	1.19421E-05
68.925	3.4088E-05	3.56582E-09	1.8438E-05	5.91266E-08	3.08358E-10	1.19435E-05
69.0916667	3.36396E-05	3.6587E-09	1.84267E-05	5.86212E-08	6.97343E-11	1.19362E-05
69.2583333	3.31822E-05	3.97552E-09	1.83872E-05	5.81232E-08	7.67903E-11	1.19499E-05
69.425	3.27578E-05	2.48845E-09	1.83509E-05	5.74276E-08	9.2202E-11	1.19606E-05
69.5916667	3.23099E-05	3.34919E-09	1.83205E-05	5.67867E-08	1.92805E-10	1.19693E-05
69.7583333	3.18673E-05	3.86604E-09	1.83054E-05	5.64021E-08	2.56859E-10	1.19777E-05
69.925	3.14345E-05	3.31475E-09	1.82666E-05	5.63665E-08	1.35556E-10	1.19766E-05
70.0916667	3.0977E-05	3.94912E-09	1.82342E-05	5.47888E-08	1.30954E-10	1.19977E-05
70.2583333	3.0563E-05	3.44837E-09	1.82027E-05	5.45962E-08	2.56228E-10	1.20181E-05
70.425	3.01249E-05	4.79716E-09	1.81638E-05	5.42109E-08	1.15205E-10	1.20211E-05
70.5916667	2.96666E-05	3.52867E-09	1.81695E-05	5.37707E-08	9.37545E-11	1.20282E-05
70.7583333	2.92697E-05	3.23943E-09	1.81422E-05	5.27475E-08	3.72664E-10	1.2049E-05
70.925	2.88652E-05	3.82547E-09	1.81091E-05	5.20571E-08	1.97904E-10	1.20437E-05
71.0916667	2.83889E-05	2.8483E-09	1.80772E-05	5.17332E-08	2.3738E-10	1.2052E-05
71.2583333	2.79686E-05	1.84881E-09	1.80249E-05	5.03092E-08	1.31737E-10	1.20574E-05
71.425	2.75399E-05	2.42986E-09	1.80029E-05	5.07726E-08	1.73686E-10	1.2076E-05
71.5916667	2.71697E-05	3.94359E-09	1.79678E-05	4.98499E-08	1.22428E-10	1.20761E-05
71.7583333	2.67433E-05	2.60979E-09	1.79438E-05	4.94126E-08	1.28381E-10	1.20775E-05
71.925	2.63332E-05	3.44947E-09	1.79157E-05	4.84196E-08	1.21584E-10	1.2093E-05
72.0916667	2.58868E-05	2.82758E-09	1.78881E-05	4.83701E-08	3.26078E-10	1.21021E-05
72.2583333	2.54952E-05	2.04324E-09	1.78415E-05	4.71802E-08	1.62882E-10	1.21365E-05
72.425	2.51027E-05	2.00657E-09	1.78104E-05	4.65659E-08	8.36731E-11	1.21358E-05
72.5916667	2.47424E-05	2.51271E-09	1.77872E-05	4.61073E-08	1.78144E-10	1.21588E-05
72.7583333	2.43688E-05	4.3315E-09	1.77523E-05	4.54936E-08	4.20648E-11	1.21644E-05
72.925	2.39447E-05	4.15658E-09	1.77304E-05	4.51516E-08	1.18954E-10	1.21802E-05
73.0916667	2.35604E-05	2.62397E-09	1.77098E-05	4.44417E-08	1.28414E-10	1.22001E-05
73.2583333	2.31942E-05	2.36764E-09	1.76704E-05	4.41813E-08	1.41968E-10	1.22028E-05
73.425	2.28271E-05	3.59719E-09	1.76465E-05	4.33109E-08	2.58089E-10	1.22431E-05
73.5916667	2.24775E-05	2.14526E-09	1.76225E-05	4.27888E-08	5.30114E-11	1.22414E-05
73.7583333	2.21433E-05	2.91916E-09	1.75966E-05	4.24018E-08	1.56182E-10	1.22457E-05
73.925	2.17951E-05	3.46035E-09	1.759E-05	4.20034E-08	4.68027E-11	1.2261E-05
74.0916667	2.14539E-05	4.777E-09	1.757E-05	4.18066E-08	8.19106E-11	1.22591E-05
74.2583333	2.11267E-05	2.93376E-09	1.75428E-05	4.05949E-08	1.32131E-10	1.22746E-05
74.425	2.07861E-05	3.87398E-09	1.75387E-05	4.05581E-08	2.63622E-10	1.22733E-05
74.5916667	2.04772E-05	3.69932E-09	1.7512E-05	4.0035E-08	1.24302E-11	1.22729E-05
74.7583333	2.016E-05	2.50093E-09	1.74939E-05	3.96929E-08	6.05467E-11	1.22635E-05
74.925	1.98688E-05	2.30948E-09	1.74611E-05	3.89867E-08	2.0105E-10	1.22564E-05
75.0916667	1.95666E-05	3.57933E-09	1.74532E-05	3.88305E-08	2.98828E-10	1.22835E-05
75.2583333	1.9279E-05	4.11814E-09	1.74433E-05	3.74942E-08	2.62058E-10	1.23018E-05
75.425	1.89885E-05	3.6649E-09	1.74183E-05	3.70498E-08	2.90157E-10	1.22985E-05
75.5916667	1.87361E-05	3.63581E-09	1.73854E-05	3.72117E-08	1.7612E-10	1.23402E-05
75.7583333	1.85231E-05	3.32338E-09	1.73672E-05	3.69403E-08	2.12462E-10	1.23453E-05
75.925	1.82289E-05	3.42544E-09	1.7355E-05	3.65711E-08	1.75145E-10	1.23582E-05
76.0916667	1.79749E-05	3.3517E-09	1.73214E-05	3.6095E-08	1.55468E-10	1.23614E-05
76.2583333	1.77221E-05	1.97323E-09	1.73117E-05	3.57508E-08	1.74749E-10	1.23803E-05
76.425	1.75029E-05	2.78454E-09	1.72863E-05	3.48207E-08	2.90697E-10	1.23884E-05
76.5916667	1.72889E-05	2.89016E-09	1.72713E-05	3.51172E-08	2.98377E-10	1.23873E-05
76.7583333	1.70552E-05	3.28674E-09	1.72373E-05	3.41099E-08	1.86853E-10	1.2414E-05
76.925	1.68203E-05	2.53931E-09	1.72331E-05	3.39213E-08	5.19705E-11	1.23902E-05
77.0916667	1.6625E-05	3.34654E-09	1.7188E-05	3.37812E-08	3.34348E-11	1.23854E-05
77.2583333	1.64168E-05	2.99305E-09	1.71744E-05	3.25504E-08	8.12147E-11	1.24189E-05
77.425	1.62346E-05	3.09474E-09	1.7146E-05	3.24799E-08	1.56239E-10	1.2426E-05
77.5916667	1.60361E-05	1.59941E-09	1.71294E-05	3.2462E-08	2.30212E-10	1.24272E-05
77.7583333	1.58397E-05	3.39288E-09	1.71158E-05	3.24216E-08	2.15553E-10	1.24351E-05
77.925	1.5646E-05	4.16472E-09	1.71046E-05	3.163E-08	7.54031E-11	1.24271E-05
78.0916667	1.54656E-05	2.08573E-09	1.70896E-05	3.10638E-08	1.03117E-10	1.24247E-05
78.2583333	1.53179E-05	2.77819E-09	1.70667E-05	3.10142E-08	1.06872E-10	1.24346E-05
78.425	1.51707E-05	2.19262E-09	1.70275E-05	3.07296E-08	1.30648E-10	1.24387E-05
78.5916667	1.50111E-05	1.71952E-09	1.70234E-05	2.99133E-08	2.11561E-10	1.24375E-05
78.7583333	1.48659E-05	2.18823E-09	1.70179E-05	3.01675E-08	9.91242E-11	1.24304E-05
78.925	1.4696E-05	3.4421E-09	1.70134E-05	3.00404E-08	6.84267E-11	1.24491E-05
79.0916667	1.45532E-05	2.29819E-09	1.69812E-05	2.92229E-08	1.01627E-10	1.24353E-05
79.2583333	1.44222E-05	2.57021E-09	1.6958E-05	2.90479E-08	1.03344E-10	1.24327E-05
79.425	1.42986E-05	1.91802E-09	1.69373E-05	2.89669E-08	1.42801E-10	1.24385E-05
79.5916667	1.41841E-05	2.60432E-09	1.69127E-05	2.89762E-08	8.54865E-11	1.2438E-05
79.7583333	1.40724E-05	4.75603E-09	1.68972E-05	2.78567E-08	1.64309E-10	1.24213E-05
79.925	1.39527E-05	3.03428E-09	1.68757E-05	2.85428E-08	1.38035E-10	1.24162E-05
80.0916667	1.38525E-05	2.39212E-09	1.68571E-05	2.81302E-08	2.10129E-10	1.24204E-05
80.2583333	1.37389E-05	1.90089E-09	1.68416E-05	2.82096E-08	2.25622E-10	1.24284E-05
80.425	1.36396E-05	2.60876E-09	1.68309E-05	2.77025E-08	1.93181E-10	1.24208E-05
80.5916667	1.35543E-05	3.22437E-09	1.68046E-05	2.81029E-08	2.31457E-10	1.2421E-05
80.7583333	1.3478E-05	4.07809E-09	1.6778E-05	2.77395E-08	1.30164E-10	1.24278E-05
80.925	1.33841E-05	2.85915E-09	1.67635E-05	2.73776E-08	1.89118E-10	1.24093E-05
81.0916667	1.33108E-05	4.21594E-09	1.67521E-05	2.75304E-08	2.27335E-11	1.24066E-05
81.2583333	1.32184E-05	3.24779E-09	1.67297E-05	2.75131E-08	2.48205E-10	1.24219E-05
81.425	1.316E-05	3.41545E-09	1.67198E-05	2.82494E-08	6.11927E-11	1.23941E-05
81.5916667	1.30954E-05	2.69589E-09	1.67105E-05	2.76901E-08	1.31929E-11	1.24027E-05
81.7583333	1.30193E-05	2.32553E-09	1.66963E-05	2.77741E-08	8.65945E-11	1.24233E-05
81.925	1.29496E-05	3.95621E-09	1.66799E-05	2.72629E-08	7.08397E-11	1.24082E-05
82.0916667	1.28967E-05	3.83891E-09	1.66582E-05	2.77388E-08	5.71442E-11	1.23829E-05
82.2583333	1.28419E-05	1.91627E-09	1.66442E-05	2.78654E-08	1.26917E-10	1.23956E-05
82.425	1.27988E-05	2.9934E-09	1.66372E-05	2.83906E-08	3.06122E-11	1.23851E-05
82.5916667	1.27515E-05	3.88617E-09	1.66163E-05	2.83475E-08	6.95311E-11	1.23592E-05
82.7583333	1.26936E-05	3.57614E-09	1.66033E-05	2.84049E-08	1.07286E-10	1.23641E-05
82.925	1.2642E-05	3.57178E-09	1.66024E-05	2.80556E-08	1.03791E-10	1.23565E-05
83.0916667	1.25967E-05	3.20586E-09	1.65681E-05	2.85711E-08	3.14972E-10	1.23659E-05
83.2583333	1.25596E-05	3.97344E-09	1.65639E-05	2.87626E-08	9.14019E-11	1.23523E-05
83.425	1.25324E-05	2.87455E-09	1.65272E-05	2.87853E-08	1.27274E-10	1.23486E-05
83.5916667	1.24894E-05	3.24822E-09	1.65105E-05	2.91703E-08	9.23229E-11	1.23443E-05
83.7583333	1.24546E-05	1.86639E-09	1.65072E-05	2.91893E-08	3.16695E-10	1.2354E-05
83.925	1.2426E-05	4.14498E-09	1.64803E-05	2.91835E-08	2.88548E-10	1.23288E-05
84.0916667	1.24136E-05	2.5453E-09	1.64694E-05	3.03518E-08	4.35243E-11	1.23094E-05
84.2583333	1.23877E-05	3.22252E-09	1.64465E-05	2.99809E-08	1.73506E-10	1.23104E-05
84.425	1.23598E-05	4.14477E-09	1.64287E-05	3.02039E-08	3.42821E-12	1.23102E-05
84.5916667	1.23291E-05	2.78719E-09	1.64023E-05	3.04155E-08	5.14447E-11	1.23282E-05
84.7583333	1.23237E-05	3.32951E-09	1.63885E-05	3.05793E-08	5.71144E-11	1.22926E-05
84.925	1.23047E-05	3.33768E-09	1.6384E-05	3.1027E-08	1.36353E-10	1.23023E-05
85.0916667	1.22984E-05	1.84454E-09	1.63592E-05	3.09999E-08	1.82834E-10	1.22806E-05
85.2583333	1.22823E-05	2.9982E-09	1.63435E-05	3.14482E-08	1.39542E-10	1.22825E-05
85.425	1.22782E-05	3.38128E-09	1.63294E-05	3.22141E-08	2.30557E-10	1.22755E-05
85.5916667	1.22741E-05	2.16404E-09	1.63075E-05	3.18935E-08	1.45601E-10	1.22531E-05
85.7583333	1.22868E-05	2.78798E-09	1.62862E-05	3.19194E-08	2.83749E-10	1.22507E-05
85.925	1.2267E-05	2.54468E-09	1.62732E-05	3.22319E-08	7.21326E-12	1.2249E-05
86.0916667	1.2257E-05	3.89826E-09	1.62453E-05	3.16561E-08	1.37154E-10	1.22508E-05
86.2583333	1.22547E-05	2.81631E-09	1.61884E-05	3.20404E-08	1.17256E-10	1.22608E-05
86.425	1.22586E-05	1.71694E-09	1.61502E-05	3.10875E-08	2.23463E-10	1.22441E-05
86.5916667	1.22678E-05	2.84286E-09	1.61079E-05	3.08537E-08	1.58934E-10	1.22292E-05
86.7583333	1.22558E-05	3.26988E-09	1.60318E-05	3.12327E-08	3.00503E-10	1.22418E-05
86.925	1.22338E-05	2.84054E-09	1.59467E-05	3.14057E-08	5.42239E-10	1.22002E-05
87.0916667	1.22162E-05	2.37388E-09	1.58759E-05	3.13122E-08	1.17732E-09	1.22047E-05
87.2583333	1.21866E-05	3.34639E-09	1.57522E-05	3.13675E-08	2.09756E-09	1.21836E-05
87.425	1.21867E-05	6.09972E-09	1.56452E-05	3.22682E-08	3.1329E-09	1.21762E-05
87.5916667	1.21654E-05	6.56657E-09	1.55141E-05	3.1932E-08	4.79048E-09	1.21775E-05
87.7583333	1.21404E-05	6.10828E-09	1.53832E-05	3.21602E-08	6.22981E-09	1.2169E-05
87.925	1.21104E-05	7.35947E-09	1.52561E-05	3.18437E-08	8.11906E-09	1.21635E-05
88.0916667	1.20797E-05	1.09216E-08	1.5124E-05	3.20674E-08	1.23328E-08	1.215E-05
88.2583333	1.20545E-05	1.45366E-08	1.49825E-05	3.21834E-08	1.46195E-08	1.21538E-05
88.425	1.20285E-05	1.36731E-08	1.48425E-05	3.20403E-08	1.71272E-08	1.21521E-05
88.5916667	1.19998E-05	1.81473E-08	1.4716E-05	3.23072E-08	1.96507E-08	1.21476E-05
88.7583333	1.19787E-05	2.46687E-08	1.45685E-05	3.23137E-08	2.2486E-08	1.21655E-05
88.925	1.19569E-05	2.54579E-08	1.44429E-05	3.30056E-08	2.52715E-08	1.21383E-05
89.0916667	1.19349E-05	2.74712E-08	1.43158E-05	3.29127E-08	2.73574E-08	1.21228E-05
89.2583333	1.19202E-05	3.23084E-08	1.41844E-05	3.35132E-08	2.9861E-08	1.21213E-05
89.425	1.19117E-05	3.6284E-08	1.40653E-05	3.3346E-08	3.15266E-08	1.21112E-05
89.5916667	1.19099E-05	3.90127E-08	1.39416E-05	3.28383E-08	3.27279E-08	1.2123E-05
89.7583333	1.19016E-05	4.08768E-08	1.38429E-05	3.34355E-08	3.52958E-08	1.21173E-05
89.925	1.18979E-05	4.34877E-08	1.37229E-05	3.41639E-08	3.66136E-08	1.21206E-05
90.0916667	1.19208E-05	4.74751E-08	1.36046E-05	3.39121E-08	3.76908E-08	1.2116E-05
90.2583333	1.19235E-05	4.88998E-08	1.3516E-05	3.41885E-08	3.93825E-08	1.21165E-05
90.425	1.19607E-05	5.05087E-08	1.34272E-05	3.41446E-08	4.08198E-08	1.21067E-05
90.5916667	1.20159E-05	5.37312E-08	1.33355E-05	3.38365E-08	4.16827E-08	1.21076E-05
90.7583333	1.20767E-05	5.47672E-08	1.32674E-05	3.34667E-08	4.21221E-08	1.21182E-05
90.925	1.21188E-05	6.03728E-08	1.32048E-05	3.34454E-08	4.39591E-08	1.21215E-05
91.0916667	1.21716E-05	6.34272E-08	1.31493E-05	3.38786E-08	4.53694E-08	1.21197E-05
91.2583333	1.2229E-05	6.2588E-08	1.3077E-05	3.33358E-08	4.5324E-08	1.21304E-05
91.425	1.22963E-05	6.62104E-08	1.30399E-05	3.33807E-08	4.58127E-08	1.2129E-05
91.5916667	1.23648E-05	6.63013E-08	1.30093E-05	3.33645E-08	4.62038E-08	1.21214E-05
91.7583333	1.24172E-05	6.75981E-08	1.29905E-05	3.33137E-08	4.66388E-08	1.21228E-05
91.925	1.24774E-05	6.84306E-08	1.29649E-05	3.33967E-08	4.65463E-08	1.20925E-05
92.0916667	1.2539E-05	6.94737E-08	1.2951E-05	3.3503E-08	4.69023E-08	1.20849E-05
92.2583333	1.26031E-05	6.89475E-08	1.29259E-05	3.34118E-08	4.72059E-08	1.20868E-05
92.425	1.26737E-05	7.22041E-08	1.29258E-05	3.35436E-08	4.69531E-08	1.20906E-05
92.5916667	1.27439E-05	7.23306E-08	1.29115E-05	3.30191E-08	4.67226E-08	1.20623E-05
92.7583333	1.27999E-05	7.23741E-08	1.29136E-05	3.39853E-08	4.62339E-08	1.20718E-05
92.925	1.28446E-05	7.43746E-08	1.29213E-05	3.33733E-08	4.55482E-08	1.20607E-05
93.0916667	1.29237E-05	7.27478E-08	1.29097E-05	3.32432E-08	4.50379E-08	1.20362E-05
93.2583333	1.29808E-05	7.30216E-08	1.2922E-05	3.38469E-08	4.45457E-08	1.20326E-05
93.425	1.30348E-05	7.21625E-08	1.29279E-05	3.34848E-08	4.42416E-08	1.20311E-05
93.5916667	1.30972E-05	7.4093E-08	1.29325E-05	3.34646E-08	4.29692E-08	1.20236E-05
93.7583333	1.31587E-05	7.25613E-08	1.29526E-05	3.38266E-08	4.28189E-08	1.20326E-05
93.925	1.32128E-05	7.07267E-08	1.29586E-05	3.3619E-08	4.21312E-08	1.20167E-05
94.0916667	1.32735E-05	7.02839E-08	1.29707E-05	3.39015E-08	4.13187E-08	1.20193E-05
94.2583333	1.33387E-05	6.90309E-08	1.29913E-05	3.39203E-08	4.03649E-08	1.20252E-05
94.425	1.33943E-05	7.1106E-08	1.30017E-05	3.36504E-08	4.02055E-08	1.2001E-05
94.5916667	1.34683E-05	6.62613E-08	1.30098E-05	3.42853E-08	3.89216E-08	1.19845E-05
94.7583333	1.35265E-05	6.95261E-08	1.30479E-05	3.43267E-08	3.75415E-08	1.19898E-05
94.925	1.35901E-05	6.53441E-08	1.3072E-05	3.39248E-08	3.71083E-08	1.19674E-05
95.0916667	1.36596E-05	6.79213E-08	1.3096E-05	3.42213E-08	3.62024E-08	1.19607E-05
95.2583333	1.37237E-05	6.88561E-08	1.31126E-05	3.44604E-08	3.55589E-08	1.19435E-05
95.425	1.3779E-05	6.51829E-08	1.31463E-05	3.38697E-08	3.4767E-08	1.19284E-05
95.5916667	1.38667E-05	6.27331E-08	1.31608E-05	3.44481E-08	3.42754E-08	1.194E-05
95.7583333	1.39323E-05	6.49139E-08	1.31965E-05	3.46874E-08	3.38305E-08	1.19059E-05
95.925	1.39941E-05	6.34587E-08	1.32242E-05	3.40874E-08	3.29585E-08	1.19158E-05
96.0916667	1.40468E-05	6.18494E-08	1.32493E-05	3.42527E-08	3.27368E-08	1.19098E-05
96.2583333	1.41265E-05	6.55478E-08	1.32709E-05	3.45158E-08	3.22167E-08	1.19017E-05
96.425	1.42106E-05	6.30265E-08	1.3305E-05	3.43015E-08	3.17283E-08	1.19155E-05
96.5916667	1.42694E-05	6.16181E-08	1.33542E-05	3.4739E-08	3.11488E-08	1.18941E-05
96.7583333	1.43275E-05	6.04996E-08	1.33805E-05	3.40939E-08	3.10054E-08	1.1867E-05
96.925	1.43935E-05	6.05034E-08	1.3422E-05	3.42753E-08	3.06825E-08	1.18607E-05
97.0916667	1.4452E-05	5.89748E-08	1.34374E-05	3.4281E-08	3.02116E-08	1.18574E-05
97.2583333	1.45171E-05	5.79911E-08	1.34775E-05	3.4218E-08	2.97676E-08	1.18578E-05
97.425	1.46087E-05	5.62247E-08	1.35113E-05	3.36939E-08	2.93899E-08	1.18312E-05
97.5916667	1.46634E-05	5.76732E-08	1.3538E-05	3.38509E-08	2.93464E-08	1.18336E-05
97.7583333	1.4725E-05	5.71971E-08	1.35656E-05	3.36392E-08	2.86335E-08	1.17996E-05
97.925	1.47777E-05	5.55037E-08	1.36146E-05	3.33443E-08	2.83233E-08	1.18131E-05
98.0916667	1.48284E-05	5.56572E-08	1.36399E-05	3.34566E-08	2.78953E-08	1.17838E-05
98.2583333	1.49056E-05	5.29765E-08	1.36732E-05	3.34424E-08	2.75167E-08	1.17921E-05
98.425	1.49586E-05	5.25219E-08	1.37104E-05	3.24839E-08	2.68947E-08	1.1778E-05
98.5916667	1.50253E-05	5.25553E-08	1.37462E-05	3.25335E-08	2.66446E-08	1.17697E-05
98.7583333	1.50995E-05	4.98355E-08	1.3797E-05	3.21796E-08	2.60295E-08	1.17739E-05
98.925	1.51617E-05	4.98929E-08	1.38336E-05	3.17373E-08	2.5727E-08	1.17563E-05
99.0916667	1.52256E-05	4.78958E-08	1.38602E-05	3.15643E-08	2.5484E-08	1.17572E-05
99.2583333	1.52958E-05	4.69945E-08	1.38906E-05	3.1363E-08	2.5401E-08	1.1762E-05
99.425	1.53532E-05	4.71543E-08	1.3925E-05	3.07712E-08	2.44359E-08	1.17505E-05
99.5916667	1.5422E-05	4.59508E-08	1.39621E-05	3.08004E-08	2.35956E-08	1.17517E-05
99.7583333	1.54879E-05	4.42047E-08	1.40182E-05	3.05898E-08	2.2947E-08	1.17561E-05
99.925	1.55634E-05	4.40937E-08	1.4056E-05	3.02298E-08	2.22089E-08	1.1751E-05
100.091667	1.5623E-05	4.12831E-08	1.40912E-05	2.99495E-08	2.16862E-08	1.17331E-05
100.258333	1.56918E-05	4.06597E-08	1.41336E-05	2.99751E-08	2.10452E-08	1.17365E-05
100.425	1.57518E-05	3.95912E-08	1.4177E-05	3.02322E-08	2.08109E-08	1.1731E-05
100.591667	1.58373E-05	3.88903E-08	1.42208E-05	3.00404E-08	2.0569E-08	1.17077E-05
100.758333	1.58976E-05	3.86692E-08	1.42361E-05	2.94919E-08	1.97454E-08	1.17148E-05
100.925	1.59481E-05	3.80856E-08	1.42694E-05	2.93295E-08	1.95254E-08	1.16888E-05
101.091667	1.60018E-05	3.66066E-08	1.4273E-05	2.95316E-08	1.8981E-08	1.16868E-05
101.258333	1.60697E-05	3.44944E-08	1.4284E-05	2.96098E-08	1.84181E-08	1.16686E-05
101.425	1.61285E-05	3.48652E-08	1.43069E-05	2.94249E-08	1.81658E-08	1.16714E-05
101.591667	1.61718E-05	3.49017E-08	1.43348E-05	2.94367E-08	1.79943E-08	1.16553E-05
101.758333	1.62114E-05	3.31814E-08	1.43582E-05	2.97721E-08	1.75494E-08	1.16514E-05
101.8944433	1.62473E-05	3.56097E-08	1.43604E-05	2.89348E-08	1.72452E-08	1.16453E-05
102.0055547	1.62758E-05	3.51784E-08	1.43737E-05	2.91843E-08	1.65092E-08	1.16322E-05
102.1166653	1.631E-05	3.39154E-08	1.43734E-05	2.89771E-08	1.62928E-08	1.1628E-05
102.2277767	1.63664E-05	3.33467E-08	1.43605E-05	2.91519E-08	1.6199E-08	1.16379E-05
102.338888	1.63843E-05	3.37328E-08	1.43798E-05	2.90001E-08	1.58196E-08	1.16226E-05
102.446665	1.6392E-05	3.3584E-08	1.43817E-05	2.91469E-08	1.64062E-08	1.16254E-05
102.5138867	1.64014E-05	3.33353E-08	1.43769E-05	2.96595E-08	1.65658E-08	1.16364E-05
