time	T_in	T_mid	T_out
0.091666667	380.5238944	380.7420526	379.1999191
0.258333333	380.4385997	380.6620886	379.0739166
0.425	380.3097996	380.5332735	378.9475933
0.591666667	380.1686633	380.3692004	378.827544
0.758333333	380.0844476	380.2821545	378.7175932
0.925	379.9882246	380.1700242	378.6221764
1.09166667	379.9080449	380.0990152	378.4732832
1.25833333	379.8583187	379.9993633	378.3915824
1.425	379.7911409	379.8954588	378.2604693
1.59166667	379.6908727	379.8022108	378.1380511
1.75833333	379.6602956	379.7272711	378.0807767
1.925	379.604496	379.6441455	377.9777652
2.09166667	379.5468968	379.5664823	377.8771587
2.25833333	379.4944635	379.5303489	377.8056771
2.425	379.4448035	379.4978827	377.7404007
2.59166667	379.4266561	379.4663342	377.6595116
2.75833333	379.3860637	379.4179116	377.5826514
2.925	379.3051819	379.3329444	377.5249598
3.09166667	379.2544419	379.2808757	377.4656219
3.25833333	379.1844271	379.2106212	377.3967203
3.425	379.1711637	379.2017658	377.3754702
3.59166667	379.1086462	379.165229	377.2927877
3.75833333	379.0692849	379.1248149	377.2608631
3.925	378.9877781	379.0450765	377.1878628
4.09166667	378.9489595	378.987872	377.1564832
4.25833333	378.89961	378.9710999	377.0905299
4.425	378.9025239	378.9591309	377.0650597
4.59166667	378.8403261	378.8956139	377.0091124
4.75833333	378.8093422	378.8593047	376.9469964
4.925	378.7804487	378.8160799	376.8839702
5.09166667	378.7154938	378.7569946	376.8341381
5.25833333	378.6718838	378.6981528	376.7823705
5.425	378.6147115	378.6243837	376.699521
5.59166667	378.6243913	378.6213988	376.684201
5.75833333	378.5790574	378.5882145	376.6479436
5.925	378.5554613	378.5664192	376.5906507
6.09166667	378.5362584	378.5513121	376.5380849
6.25833333	378.5540866	378.5552369	376.5434652
6.425	378.5253538	378.5284327	376.4995712
6.59166667	378.4975255	378.5128699	376.4692123
6.75833333	378.462805	378.4860135	376.3974166
6.925	378.4348329	378.434886	376.3606589
7.09166667	378.4368501	378.4083963	376.3428277
7.25833333	378.4022721	378.3810852	376.2971269
7.425	378.3559644	378.3849373	376.3026817
7.59166667	378.3821215	378.3981055	376.2862879
7.75833333	378.3802613	378.4126795	376.2381088
7.925	378.3317959	378.3484593	376.1958113
8.09166667	378.32099	378.3569529	376.1856631
8.25833333	378.2839796	378.3160226	376.1371898
8.425	378.3005209	378.3381287	376.1295202
8.59166667	378.2820294	378.2946417	376.1110361
8.75833333	378.2857363	378.31286	376.0976713
8.925	378.2753486	378.3160118	376.0706595
9.09166667	378.2937527	378.2693739	376.042051
9.25833333	378.2753476	378.2710382	376.032433
9.425	378.2518654	378.2403524	375.9909791
9.59166667	378.2527642	378.2486998	375.990053
9.75833333	378.2576676	378.2572699	375.9850486
9.925	378.2317952	378.2221541	375.9684734
10.0916667	378.2206874	378.2239456	375.9367048
10.2583333	378.2110181	378.2036026	375.9053375
10.425	378.2320041	378.2094949	375.8976754
10.5916667	378.2525344	378.2102604	375.8927999
10.7583333	378.2844721	378.2320883	375.8822619
10.925	378.359226	378.2554552	375.9041171
11.0916667	378.4040266	378.2565525	375.8765331
11.2583333	378.5254495	378.2990001	375.8852625
11.425	378.7298191	378.3937202	375.8888584
11.5916667	378.9325266	378.4756923	375.915775
11.7583333	379.183557	378.6541581	375.9763192
11.925	379.4766948	378.7951935	376.0499326
12.0916667	379.8006201	378.9659784	376.0926201
12.2583333	380.1745505	379.2446001	376.2468576
12.425	380.5578834	379.4989909	376.3872253
12.5916667	380.9408203	379.8011037	376.5608699
12.7583333	381.3672673	380.1181831	376.7693358
12.925	381.8103739	380.4914395	377.0036537
13.0916667	382.2264734	380.858798	377.2792511
13.2583333	382.7051784	381.2611043	377.5937819
13.425	383.146578	381.6540579	377.906298
13.5916667	383.5979816	382.0890813	378.2331428
13.7583333	384.0268605	382.4786325	378.5620488
13.925	384.5068359	382.891703	378.904663
14.0916667	384.9700688	383.3490878	379.2575282
14.2583333	385.4678273	383.7830978	379.6282646
14.425	385.9565295	384.2149755	379.9966565
14.5916667	386.43998	384.6464147	380.3458252
14.7583333	387.005079	385.1872036	380.7574738
14.925	387.5614885	385.6584148	381.1548058
15.0916667	388.0854152	386.1472897	381.5598138
15.2583333	388.6881	386.6264041	381.9843802
15.425	389.3149167	387.1575693	382.4168725
15.5916667	389.9333429	387.7282187	382.8599742
15.7583333	390.6138973	388.321465	383.3488932
15.925	391.2940919	388.9048819	383.8256503
16.0916667	391.972612	389.5141699	384.3413479
16.2583333	392.6493258	390.128077	384.8500978
16.425	393.288913	390.7434848	385.3730548
16.5916667	394.0372017	391.3931443	385.9186905
16.7583333	394.7400351	392.0953144	386.510719
16.925	395.470879	392.7797806	387.0705467
17.0916667	396.225022	393.4651239	387.6758909
17.2583333	396.9155224	394.164057	388.2725146
17.425	397.653011	394.8491784	388.8843417
17.5916667	398.3973166	395.5538679	389.527098
17.7583333	399.0722214	396.2363095	390.1236171
17.925	399.8468572	396.9860109	390.7678964
18.0916667	400.5676605	397.6988485	391.3760589
18.2583333	401.3364512	398.4503636	392.0190931
18.425	402.1458042	399.2027892	392.6979964
18.5916667	402.90722	399.9663466	393.3800286
18.7583333	403.7266296	400.7749078	394.0713074
18.925	404.5350527	401.5591914	394.7629678
19.0916667	405.3655182	402.3348893	395.4455159
19.2583333	406.1657229	403.1332951	396.1733186
19.425	406.9955096	403.9854819	396.9048283
19.5916667	407.828462	404.8168644	397.6428242
19.7583333	408.631312	405.6392466	398.3780497
19.925	409.5241991	406.4812842	399.1347688
20.0916667	410.3742189	407.3424597	399.9258919
20.2583333	411.2204052	408.245624	400.7008022
20.425	412.0900858	409.1339766	401.4978704
20.5916667	412.9675355	410.0361069	402.2904726
20.7583333	413.8250892	410.9464434	403.1010254
20.925	414.7243921	411.8636489	403.9704144
21.0916667	415.5910936	412.812619	404.7942007
21.2583333	416.5259624	413.7420121	405.6277813
21.425	417.4044652	414.6652852	406.494491
21.5916667	418.2543533	415.6253929	407.3485818
21.7583333	419.1401015	416.5726906	408.2032564
21.925	420.0542707	417.5604878	409.0845166
22.0916667	420.9396321	418.520118	409.9747414
22.2583333	421.8473869	419.5285628	410.9049271
22.425	422.7259465	420.4874061	411.7960366
22.5916667	423.6401392	421.5313689	412.7260681
22.7583333	424.5477114	422.5422263	413.6186571
22.925	425.4848052	423.5605105	414.5588427
23.0916667	426.4335811	424.6308703	415.5376639
23.2583333	427.3439461	425.6769259	416.5144287
23.425	428.2647271	426.7256093	417.4509751
23.5916667	429.2027705	427.7904481	418.4256743
23.7583333	430.1403892	428.8748723	419.4519998
23.925	431.059797	429.9425104	420.4312484
24.0916667	431.99729	431.0686389	421.4681987
24.2583333	432.9421824	432.2259841	422.5048593
24.425	433.8985619	433.3312161	423.5236314
24.5916667	434.8195165	434.4535161	424.5401731
24.7583333	435.7749553	435.6339193	425.6469657
24.925	436.7432729	436.8311847	426.7286917
25.0916667	437.6593235	437.9948184	427.7992362
25.2583333	438.6384824	439.2053668	428.9355809
25.425	439.6054102	440.4230295	430.0425802
25.5916667	440.541618	441.6387638	431.1396521
25.7583333	441.5181615	442.8972775	432.2874371
25.925	442.4746391	444.1699267	433.4661728
26.0916667	443.4143383	445.4675874	434.6080063
26.2583333	444.4183587	446.7873944	435.7927579
26.425	445.3454178	448.1086959	437.022602
26.5916667	446.3148926	449.4694484	438.2338288
26.7583333	447.2301856	450.8480693	439.4675895
26.925	448.2092957	452.2395462	440.7372921
27.0916667	449.2168371	453.6756	442.0136261
27.2583333	450.1426105	455.0786311	443.2888356
27.425	451.1599926	456.6025676	444.6287955
27.5916667	452.1231959	458.1049155	445.923197
27.7583333	453.1565766	459.664009	447.2999458
27.925	454.1407172	461.2204393	448.6836011
28.0916667	455.0882658	462.8281307	450.0564972
28.2583333	456.0831102	464.4516245	451.4719893
28.425	457.0568271	466.1404883	452.9113886
28.5916667	458.0302763	467.8556535	454.3399553
28.7583333	459.0139881	469.5751272	455.7507804
28.925	460.0124667	471.334234	457.1651781
29.0916667	460.9910908	473.1298625	458.5750639
29.2583333	461.9814675	474.9092979	459.9780222
29.425	462.958152	476.7111058	461.3819021
29.5916667	463.9330087	478.4979826	462.8316416
29.7583333	464.9201684	480.3836535	464.2818327
29.925	465.9243691	482.6664723	465.8271546
30.0916667	466.9067733	485.7124981	467.5273595
30.2583333	467.911094	492.7621367	469.7303497
30.425	468.8885379	501.5564913	472.8083351
30.5916667	469.9726712	508.9526997	477.1462607
30.7583333	470.9363713	514.2256575	482.2017866
30.925	471.9427525	517.190857	487.283111
31.0916667	472.9519921	519.0360425	491.4851695
31.2583333	474.010734	520.4542368	494.5007231
31.425	475.0414167	521.7078439	496.5174715
31.5916667	476.0520054	522.9195542	497.9422858
31.7583333	477.0822844	524.027689	499.0960189
31.925	478.1296906	525.0604482	500.1563673
32.0916667	479.1512999	526.0618587	501.1516306
32.2583333	480.1876872	527.03941	502.1387107
32.425	481.2668931	528.0664479	503.1383622
32.5916667	482.2919991	528.9884302	504.11205
32.7583333	483.3177402	529.929179	505.0370249
32.925	484.4648615	530.8616177	505.9794564
33.0916667	485.5923519	531.7329937	506.933255
33.2583333	486.751352	532.5248827	507.8188058
33.425	487.8945289	533.3077876	508.6526556
33.5916667	488.9917398	534.1553884	509.473898
33.7583333	490.1213913	535.182969	510.2976615
33.925	491.2526238	536.1568536	511.2078693
34.0916667	492.3745293	537.1504092	512.1976244
34.2583333	493.4922902	538.0896641	513.1668125
34.425	494.6094776	539.0616088	514.1824349
34.5916667	495.6753881	540.0244713	515.2086576
34.7583333	496.7800318	540.9672606	516.1658849
34.925	497.918304	541.9839541	517.1157104
35.0916667	498.9367712	542.9626635	518.1041199
35.2583333	500.019253	543.9309154	519.0794111
35.425	501.1003067	544.9251286	520.0705707
35.5916667	502.1832979	545.9297641	520.9932969
35.7583333	503.2471931	546.9376399	521.9414766
35.925	504.3278762	547.9366525	522.9214067
36.0916667	505.3810513	548.8933272	523.8578783
36.2583333	506.4386798	549.9350767	524.8269725
36.425	507.5202355	550.9086369	525.7646959
36.5916667	508.5468532	551.8692446	526.6743427
36.7583333	509.6286423	552.8970627	527.6343109
36.925	510.6844056	553.8664493	528.5630474
37.0916667	511.6986798	554.8808941	529.4948773
37.2583333	512.7438267	555.8547734	530.4033318
37.425	513.8329291	556.8386591	531.3339593
37.5916667	514.8493446	557.8973314	532.2597471
37.7583333	515.9097789	558.8847927	533.1623184
37.925	516.9571091	559.8634217	534.074703
38.0916667	518.0427635	560.8871305	535.0409589
38.2583333	519.0678121	561.8597301	535.9254263
38.425	520.110654	562.8405688	536.7946814
38.5916667	521.1738346	563.8665822	537.7197097
38.7583333	522.2428531	564.8792335	538.6319664
38.925	523.2476537	565.8871207	539.5354574
39.0916667	524.2808915	566.8674877	540.4421124
39.2583333	525.3290505	567.8751214	541.3393087
39.425	526.356104	568.8558252	542.2524111
39.5916667	527.3539523	569.8314962	543.1296358
39.7583333	528.4262975	570.835397	544.0543166
39.925	529.4260988	571.8076346	544.9548418
40.0916667	530.4641657	572.8136282	545.829912
40.2583333	531.4914043	573.8071773	546.7239723
40.425	532.5042432	574.7940136	547.6223099
40.5916667	533.5590353	575.812912	548.5059775
40.7583333	534.5479145	576.7728492	549.38414
40.925	535.5430403	577.7704557	550.3062931
41.0916667	536.6330563	578.7527964	551.1716945
41.2583333	537.6758298	579.7286606	552.0526372
41.425	538.6898999	580.7391304	552.9537377
41.5916667	539.7452525	581.6951115	553.8367304
41.7583333	540.7482311	582.6594438	554.6812576
41.925	541.770737	583.6469374	555.5690532
42.0916667	542.784729	584.6703186	556.4400498
42.2583333	543.8273331	585.6698637	557.3455824
42.425	544.868725	586.6734467	558.2292001
42.5916667	545.8882702	587.6419564	559.1264756
42.7583333	546.9012072	588.6259836	559.9696604
42.925	547.8974151	589.6126057	560.837475
43.0916667	548.9644592	590.6476378	561.7279061
43.2583333	549.9713148	591.6338131	562.6119671
43.425	550.9756266	592.6059893	563.5015694
43.5916667	551.9870221	593.5850136	564.3687111
43.7583333	553.0347189	594.5942765	565.2746528
43.925	554.018939	595.5816697	566.1356204
44.0916667	555.0675627	596.5766034	567.0185032
44.2583333	556.1327009	597.5836185	567.8928223
44.425	557.1110397	598.5827846	568.741161
44.5916667	558.1498025	599.5747051	569.59552
44.7583333	559.1711542	600.5795534	570.4973939
44.925	560.1708524	601.565203	571.3544739
45.0916667	561.1506787	602.5445843	572.216354
45.2583333	562.125419	603.4902296	573.0627493
45.425	563.1880091	604.5111178	573.9644504
45.5916667	564.2284036	605.5085428	574.8359379
45.7583333	565.2677183	606.5037885	575.6894732
45.925	566.2283243	607.4785085	576.5563197
46.0916667	567.2001021	608.4521147	577.3875268
46.2583333	568.2448676	609.4782499	578.2628261
46.425	569.2549074	610.4948063	579.1515126
46.5916667	570.239209	611.4420679	579.9809091
46.7583333	571.2367931	612.435769	580.8616024
46.925	572.2594012	613.4436694	581.7175026
47.0916667	573.2609744	614.446537	582.5873115
47.2583333	574.2712805	615.4150389	583.4343929
47.425	575.3200623	616.4280227	584.336311
47.5916667	576.2690209	617.411577	585.1701853
47.7583333	577.3093643	618.4024784	586.0308052
47.925	578.3081742	619.4118959	586.9034838
48.0916667	579.3431594	620.4250394	587.7562061
48.2583333	580.3766697	621.4596938	588.6203743
48.425	581.3170208	622.4493408	589.4552039
48.5916667	582.3211541	623.4185631	590.3338923
48.7583333	583.3582561	624.4133212	591.2054523
48.925	584.2908098	625.415422	592.0726171
49.0916667	585.3274826	626.3932847	592.9384009
49.2583333	586.3476937	627.3999392	593.8011494
49.425	587.3342113	628.3539381	594.634953
49.5916667	588.3378724	629.3916003	595.4881594
49.7583333	589.3519421	630.4039881	596.3671505
49.925	590.2864144	631.3975403	597.2204965
50.0916667	591.2929323	632.3703734	598.0822927
50.2583333	592.299347	633.3644333	598.9182003
50.425	593.3184116	634.3747653	599.8022881
50.5916667	594.3184068	635.36736	600.6261192
50.7583333	595.3216523	636.3667113	601.530827
50.925	596.3005844	637.3549999	602.3938186
51.0916667	597.2855996	638.3600014	603.2410037
51.2583333	598.2862584	639.365325	604.1097442
51.425	599.2881527	640.3355213	604.9688194
51.5916667	600.2788979	641.3495839	605.8109984
51.7583333	601.3041365	642.4024018	606.6803181
51.925	602.2655286	643.349705	607.5208906
52.0916667	603.2620727	644.3846059	608.4162945
52.2583333	604.252021	645.372433	609.2795902
52.425	605.2311748	646.3869543	610.1358429
52.5916667	606.2202469	647.3946519	611.0021965
52.7583333	607.2358481	648.4451143	611.8917741
52.925	608.2228567	649.4456629	612.7675222
53.0916667	609.2112459	650.4615914	613.6336695
53.2583333	610.2094033	651.4587945	614.48728
53.425	611.2021847	652.4803316	615.3712088
53.5916667	612.1992735	653.5002369	616.2403421
53.7583333	613.2118279	654.5150925	617.0995714
53.925	614.1793265	655.5327438	618.012912
54.0916667	615.1355568	656.5228661	618.8730993
54.2583333	616.1488743	657.5395196	619.7396821
54.425	617.1194429	658.5630251	620.5997211
54.5916667	618.1046607	659.6066004	621.5158995
54.7583333	619.1248989	660.6095601	622.3706492
54.925	620.1059397	661.6192142	623.2604094
55.0916667	621.0936587	662.6510751	624.1474884
55.2583333	622.0698776	663.6964741	625.0048647
55.425	623.0916503	664.7207795	625.8744912
55.5916667	624.1142663	665.7499705	626.7422226
55.7583333	625.0834365	666.7935815	627.6941896
55.925	626.0580145	667.8351711	628.5832227
56.0916667	627.0395948	668.8497004	629.4740734
56.2583333	628.0182254	669.8537976	630.3405486
56.425	629.0063664	670.9267954	631.2514159
56.5916667	630.01155	671.9914975	632.1220878
56.7583333	630.9771659	672.9936825	633.0170316
56.925	631.9871916	674.0579735	633.9782086
57.0916667	632.9644699	675.1123103	634.856492
57.2583333	634.0355131	676.1653122	635.6974407
57.425	634.9215735	677.1906201	636.6310908
57.5916667	635.9094925	678.1871563	637.5541032
57.7583333	636.8754351	679.2641992	638.4849873
57.925	637.8738965	680.3397581	639.3734523
58.0916667	638.8324708	681.3610164	640.2853358
58.2583333	639.8186342	682.4290187	641.187288
58.425	640.8033252	683.5146814	642.0850875
58.5916667	641.7565047	684.5484173	643.02747
58.7583333	642.7537534	685.6213792	643.9537279
58.925	643.779836	686.6855201	644.8507489
59.0916667	644.6931935	687.7249333	645.7924559
59.2583333	645.6737207	688.8113846	646.712537
59.425	646.6903146	689.9337456	647.669871
59.5916667	647.6309198	690.9689538	648.5751887
59.7583333	648.6140193	692.0725844	649.5177239
59.925	649.5936299	693.1272627	650.4797404
60.0916667	650.5619813	694.2384867	651.4184675
60.2583333	651.5737454	695.3101739	652.3580343
60.425	652.5911607	696.4024036	653.292624
60.5916667	653.5002282	697.4489643	654.2665855
60.7583333	654.4996536	698.5487841	655.2240754
60.925	655.4662746	699.6568567	656.1718692
61.0916667	656.4359069	700.7679114	657.1050509
61.2583333	657.391952	701.8312195	658.0447905
61.425	658.3751294	702.9482782	659.0438339
61.5916667	659.3427586	704.059274	660.0312846
61.7583333	660.3223684	705.1741661	660.9785999
61.925	661.2439688	706.2814685	661.9613146
62.0916667	662.1982461	707.4097689	662.9656079
62.2583333	663.2354458	708.5363606	663.9240095
62.425	664.1792314	709.6515981	664.9418794
62.5916667	665.1807872	710.7546715	665.9112736
62.7583333	666.1763246	711.9177568	666.9487938
62.925	667.1361519	713.0212731	667.9031748
63.0916667	668.0904529	714.165475	668.8978883
63.2583333	669.0529158	715.3434495	669.9714611
63.425	670.0207607	716.4875561	670.9507082
63.5916667	671.0169252	717.6571279	671.9983157
63.7583333	671.9963163	718.8358475	673.0267625
63.925	672.9801496	719.9939189	674.0565376
64.0916667	673.9324712	721.1645305	675.1135753
64.2583333	674.8753322	722.299751	676.1060007
64.425	675.845229	723.5017839	677.164894
64.5916667	676.7672194	724.638053	678.206005
64.7583333	677.7279247	725.803794	679.3053536
64.925	678.7019032	727.0103478	680.342468
65.0916667	679.6518023	728.2042005	681.3790933
65.2583333	680.6264459	729.4209811	682.4572199
65.425	681.5628954	730.6273809	683.5678298
65.5916667	682.526901	731.803253	684.6404357
65.7583333	683.5165932	733.0303207	685.7247684
65.925	684.4842604	734.2146209	686.8196425
66.0916667	685.4321292	735.4087395	687.8843407
66.2583333	686.3872872	736.6618677	688.9769706
66.425	687.3550463	737.9154287	690.1144724
66.5916667	688.3084881	739.1287462	691.2330635
66.7583333	689.3065032	740.3588271	692.3508836
66.925	690.2248671	741.5968483	693.5216794
67.0916667	691.1458049	742.8149699	694.609029
67.2583333	692.170139	744.0641208	695.7271655
67.425	693.0983109	745.2710895	696.8705831
67.5916667	694.0589496	746.4962631	698.0648006
67.7583333	695.0164278	747.7697118	699.1767053
67.925	695.9861572	749.036047	700.2719449
68.0916667	696.898957	750.3446681	701.4200052
68.2583333	697.8175864	751.5672275	702.5963573
68.425	698.7814188	752.7740426	703.7093742
68.5916667	699.7677558	754.0066161	704.8353582
68.7583333	700.7200594	755.2465486	706.0330836
68.925	701.6511117	756.5040876	707.1723105
69.0916667	702.6083952	757.7872464	708.3473599
69.2583333	703.5509199	759.054721	709.5385215
69.425	704.4773519	760.2511562	710.6714163
69.5916667	705.5025034	761.4560174	711.7728186
69.7583333	706.3930454	762.7221981	712.9346581
69.925	707.3067991	763.9336564	714.0806014
70.0916667	708.2901896	765.1694991	715.2227313
70.2583333	709.2880241	766.3801011	716.3913321
70.425	710.1550566	767.5469961	717.5787169
70.5916667	711.0696138	768.7870965	718.6522583
70.7583333	712.0138581	770.0483383	719.6865444
70.925	712.9497586	771.2803524	720.8143381
71.0916667	713.9346508	772.5195243	721.989052
71.2583333	714.8855239	773.6756679	723.15143
71.425	715.8096199	774.8703213	724.2866012
71.5916667	716.7118329	776.0521746	725.4353695
71.7583333	717.7003136	777.2592354	726.5571938
71.925	718.6124096	778.4582783	727.689822
72.0916667	719.4971261	779.6294651	728.7873559
72.2583333	720.4616517	780.8511975	729.8369535
72.425	721.3960435	782.0344176	730.898845
72.5916667	722.4391795	783.2061471	731.9625379
72.7583333	723.3781189	784.3650106	733.0476834
72.925	724.2327145	785.5692278	734.0974187
73.0916667	725.1581759	786.7512431	735.1543016
73.2583333	726.1299503	787.9660678	736.2435795
73.425	727.0878696	789.0811698	737.3416491
73.5916667	727.9764475	790.2157354	738.3824181
73.7583333	728.9049394	791.3489212	739.4249665
73.925	729.8430076	792.4784269	740.4282312
74.0916667	730.7374573	793.6089032	741.4915716
74.2583333	731.745375	794.722031	742.4980153
74.425	732.6712365	795.8508351	743.4717095
74.5916667	733.5819183	796.9643609	744.4359137
74.7583333	734.5003395	798.0671649	745.5053892
74.925	735.3925323	799.1788156	746.5824587
75.0916667	736.4332706	800.2491959	747.4900399
75.2583333	737.4295871	801.3848235	748.4546829
75.425	738.2455958	802.4833386	749.4329192
75.5916667	739.1479551	803.5554281	750.4514788
75.7583333	740.0750407	804.5489609	751.4210092
75.925	741.0686814	805.5968734	752.3533808
76.0916667	741.9480771	806.6411462	753.2787939
76.2583333	742.850787	807.7158125	754.2154977
76.425	743.7689991	808.7526571	755.1188761
76.5916667	744.6702255	809.769973	756.0874046
76.7583333	745.6252433	810.8030405	757.0101416
76.925	746.6442456	811.8599663	757.9095225
77.0916667	747.4508371	812.8965712	758.8667606
77.2583333	748.3850407	813.8286066	759.7380618
77.425	749.3871549	814.7968955	760.6170597
77.5916667	750.3011534	815.8502288	761.5202413
77.7583333	751.2020183	816.884366	762.401769
77.925	752.1248401	817.8888218	763.2217969
78.0916667	753.0491249	818.8897559	764.0615608
78.2583333	753.8766852	819.8353893	764.9061842
78.425	754.8204591	820.7746074	765.8423288
78.5916667	755.7488589	821.693083	766.735953
78.7583333	756.6362528	822.6291924	767.6187319
78.925	757.58177	823.6132329	768.3424338
79.0916667	758.5085852	824.5727575	769.1456563
79.2583333	759.4118987	825.5002402	770.0025375
79.425	760.3828001	826.4234866	770.887414
79.5916667	761.3044778	827.3523048	771.6941568
79.7583333	762.1958081	828.269969	772.4751961
79.925	763.1543233	829.1661304	773.1412871
80.0916667	763.9637913	830.0884657	773.9962892
80.2583333	764.8640881	830.9728047	774.8139677
80.425	765.8261683	831.8446606	775.6181652
80.5916667	766.7756207	832.7422625	776.3915799
80.7583333	767.674809	833.6723286	777.2273672
80.925	768.5856099	834.5461662	777.9797672
81.0916667	769.5022934	835.4124033	778.729904
81.2583333	770.3642671	836.2620233	779.4918225
81.425	771.224509	837.1060738	780.2977223
81.5916667	772.1607669	837.9721088	781.1356692
81.7583333	773.136222	838.8437992	781.8514133
81.925	774.0465151	839.7024698	782.6019913
82.0916667	774.863527	840.528214	783.3383504
82.2583333	775.8001235	841.391053	784.0766971
82.425	776.7105275	842.1899221	784.7966402
82.5916667	777.625908	843.0567261	785.5789938
82.7583333	778.5593402	843.8684214	786.2990614
82.925	779.4463141	844.6841143	786.991903
83.0916667	780.2865674	845.5292987	787.7452332
83.2583333	781.2023151	846.3635694	788.5163333
83.425	782.1491437	847.1274578	789.1802027
83.5916667	783.0541519	847.9405038	789.910189
83.7583333	783.9849918	848.7479427	790.6262714
83.925	784.9032017	849.5503294	791.3612446
84.0916667	785.7906395	850.3436379	792.1019034
84.2583333	786.7032338	851.1087012	792.812603
84.425	787.5978691	851.9272478	793.5052073
84.5916667	788.5024292	852.6869605	794.2076884
84.7583333	789.5435317	853.4890616	794.8675706
84.925	790.3690788	854.2546357	795.5550865
85.0916667	791.1383118	855.0267961	796.2501993
85.2583333	792.1425158	855.7947432	796.914925
85.425	793.0615987	856.5461088	797.6546438
85.5916667	793.9864556	857.362834	798.3483701
85.7583333	794.8711907	858.1117317	799.0123663
85.925	795.7359216	858.8606175	799.7075891
86.0916667	796.7159326	859.5893608	800.3775575
86.2583333	797.6219877	860.3741256	801.0586867
86.425	798.3578912	861.0963655	801.7941977
86.5916667	799.2381018	861.8230676	802.5170061
86.7583333	800.2038627	862.5519425	803.1740708
86.925	801.1544473	863.2890368	803.8085393
87.0916667	802.0182656	864.0245054	804.4052182
87.2583333	802.9104703	864.774956	805.1021226
87.425	803.8022937	865.5097931	805.7785793
87.5916667	804.6781582	866.2397991	806.4583384
87.7583333	805.5356072	866.9394595	807.1716258
87.925	806.4890101	867.6293484	807.7909209
88.0916667	807.3373954	868.3095328	808.5036141
88.2583333	808.219817	869.0413963	809.133449
88.425	809.0638599	869.7759569	809.7323592
88.5916667	809.8987899	870.4762268	810.4570513
88.7583333	810.7703031	871.1596779	811.1183933
88.925	811.6366616	871.8401443	811.8148436
89.0916667	812.5007759	872.5314996	812.4582308
89.2583333	813.2936792	873.1935104	813.1045762
89.425	813.9841437	873.8818342	813.7836584
89.5916667	814.7226707	874.5200046	814.3918715
89.7583333	815.3090947	875.0782204	814.948762
89.925	815.8228709	875.6369125	815.6368715
90.0916667	816.2827614	876.0636077	816.2750035
90.2583333	816.6055108	876.437053	816.8282967
90.425	816.9227835	876.7955466	817.4535961
90.5916667	817.2967711	877.0147638	817.9723599
90.7583333	817.4907941	877.21997	818.4462029
90.925	817.582685	877.3468605	818.8856276
91.0916667	817.7282039	877.4513076	819.2583672
91.2583333	818.0235752	877.5325204	819.6272674
91.425	817.9540924	877.5234591	819.9042227
91.5916667	818.1309073	877.5201549	820.2174495
91.7583333	818.3363328	877.535597	820.5289109
91.925	818.4766052	877.5007709	820.7711324
92.0916667	818.7180109	877.5112055	820.9698158
92.2583333	818.9094516	877.5144585	821.2191674
92.425	819.0096835	877.5130914	821.3963654
92.5916667	819.165537	877.5515311	821.6302894
92.7583333	819.239643	877.4917979	821.8535067
92.925	819.3660004	877.5080013	821.9720313
93.0916667	819.4467115	877.4813714	822.1889633
93.2583333	819.5890388	877.4443118	822.3879774
93.425	819.7115947	877.4324916	822.5842205
93.5916667	819.8032491	877.3995676	822.7535405
93.7583333	819.9277285	877.3658934	822.8996538
93.925	819.9819883	877.3450738	823.0433091
94.0916667	820.004865	877.2858686	823.1994025
94.2583333	820.0767734	877.2199247	823.3237898
94.425	820.1225863	877.1692241	823.5200465
94.5916667	820.0349764	877.0624331	823.7664383
94.7583333	820.088376	876.9794012	823.8125858
94.925	820.1974294	876.9118953	823.8659558
95.0916667	820.2693946	876.8322898	823.9328368
95.2583333	820.3397647	876.7545343	823.9727553
95.425	820.2922152	876.680734	824.0677146
95.5916667	820.3191425	876.6107984	824.1336474
95.7583333	820.291354	876.4615287	824.1977878
95.925	820.3025115	876.372389	824.2740886
96.0916667	820.323655	876.2479893	824.3450093
96.2583333	820.3555364	876.1601917	824.2617434
96.425	820.308318	876.037024	824.3697061
96.5916667	820.3098881	875.9251578	824.4381191
96.7583333	820.3460247	875.8456069	824.5204146
96.925	820.2161631	875.7399464	824.5593069
97.0916667	820.309811	875.6420666	824.5611209
97.2583333	820.4027383	875.5294865	824.5681163
97.425	820.4054156	875.451357	824.6191401
97.5916667	820.3957441	875.336052	824.6615066
97.7583333	820.5064341	875.2398076	824.7114139
97.925	820.4650339	875.1513574	824.6259902
98.0916667	820.3680303	875.0983704	824.7594389
98.2583333	820.3449499	874.9818476	824.781488
98.425	820.340509	874.8766843	824.7854903
98.5916667	820.3538947	874.753436	824.7968765
98.7583333	820.3983732	874.6793123	824.780625
98.925	820.3476138	874.5518247	824.7917066
99.0916667	820.3396574	874.4418885	824.8545
99.2583333	820.3360168	874.3422543	824.8012222
99.425	820.1963878	874.2426408	824.7940551
99.5916667	820.2171909	874.0918579	824.8241579
99.7583333	820.1774822	874.0001284	824.8341431
99.925	820.2330147	873.8924312	824.853575
100.091667	820.1692472	873.7720196	824.8283245
100.258333	820.2060663	873.6623919	824.8065563
100.425	820.1779019	873.583094	824.829219
100.591667	820.1650725	873.4453338	824.8064033
100.758333	820.132592	873.3727879	824.7528458
100.925	820.1206588	873.2411012	824.7463267
101.091667	820.1935659	873.1248887	824.7996116
101.258333	820.0970289	873.0121708	824.700177
101.425	819.8770688	872.8898913	824.7432143
101.591667	820.0345804	872.7827224	824.6455452
101.758333	819.991311	872.6989603	824.6933992
101.8944433	819.9476192	872.6232663	824.6579941
102.0055547	819.9308327	872.5452122	824.6232771
102.1166653	819.9395088	872.4959046	824.6570992
102.2277767	819.9130609	872.4336825	824.6150432
102.338888	819.8909041	872.3670954	824.5834124
102.446665	819.7834336	872.2833365	824.570573
102.5138867	819.7383975	872.2301973	824.5716436
