time	NH3	NO	NO2	N2O
0.091666667	-8.5626E-10	-2.89449E-09	-8.29984E-09	-1.19812E-09
0.258333333	-1.67148E-09	-1.60045E-09	-8.9008E-09	-3.58576E-09
0.425	-5.76517E-10	-1.04459E-09	-8.74674E-09	-3.01323E-09
0.591666667	-4.92335E-10	-2.20824E-09	-1.02399E-08	-1.96587E-09
0.758333333	-9.85912E-10	-6.59314E-09	-8.20217E-09	-2.87863E-09
0.925	-3.05066E-10	-9.5692E-11	-7.97364E-09	-3.13059E-09
1.09166667	-1.06349E-09	-1.64202E-09	-8.00556E-09	-3.05416E-09
1.25833333	-8.95297E-10	-8.50477E-10	-7.32574E-09	-2.9181E-09
1.425	-1.07171E-09	-2.66759E-09	-7.10235E-09	-2.82825E-09
1.59166667	-8.57558E-10	-3.23332E-09	-7.43442E-09	-1.23207E-09
1.75833333	-6.83267E-10	-5.15128E-09	-8.29755E-09	-2.56829E-09
1.925	-8.43002E-10	-1.40065E-09	-9.10157E-09	-2.99083E-09
2.09166667	-4.63844E-10	6.30681E-10	-9.12024E-09	-2.52539E-09
2.25833333	3.13843E-09	3.31004E-11	-8.67382E-09	-2.0305E-09
2.425	7.85802E-09	-1.32814E-09	-8.36432E-09	-2.43922E-09
2.59166667	1.79697E-08	3.03927E-09	-9.40141E-09	-1.87775E-09
2.75833333	2.98611E-08	-1.93002E-09	-7.92123E-09	-2.16838E-09
2.925	4.78905E-08	-3.31832E-09	-7.97233E-09	-1.40328E-09
3.09166667	6.75035E-08	1.4155E-09	-9.35999E-09	-1.46997E-09
3.25833333	9.27058E-08	1.63901E-09	-8.79518E-09	-1.16041E-09
3.425	1.23825E-07	-1.46086E-09	-9.91737E-09	-1.74417E-09
3.59166667	1.59274E-07	-2.9251E-09	-8.01498E-09	-1.93201E-09
3.75833333	2.02024E-07	-1.9151E-09	-7.90038E-09	-9.06519E-10
3.925	2.53596E-07	2.19321E-09	-9.37142E-09	-7.85031E-10
4.09166667	3.15159E-07	2.86237E-10	-7.0317E-09	-1.30014E-09
4.25833333	3.80874E-07	2.26178E-09	-8.10979E-09	-1.74175E-09
4.425	4.60543E-07	-1.29166E-09	-9.68476E-09	-9.58842E-10
4.59166667	5.542E-07	2.46383E-09	-7.04428E-09	-1.13137E-10
4.75833333	6.62617E-07	4.81757E-09	-7.27237E-09	-1.35898E-09
4.925	7.87857E-07	-5.05584E-10	-6.77469E-09	-8.91921E-10
5.09166667	9.28422E-07	5.37425E-09	-9.26474E-09	-9.36812E-10
5.25833333	1.08778E-06	2.52955E-09	-8.42078E-09	-1.19752E-09
5.425	1.26537E-06	2.23511E-09	-9.24431E-09	-1.51051E-09
5.59166667	1.46193E-06	8.255E-09	-8.13567E-09	-1.1034E-09
5.75833333	1.6737E-06	2.97189E-09	-5.96666E-09	-8.82555E-10
5.925	1.89331E-06	1.01541E-08	-8.32643E-09	-5.61344E-10
6.09166667	2.13257E-06	7.95677E-09	-8.1639E-09	-6.07462E-10
6.25833333	2.37616E-06	6.3445E-09	-6.75081E-09	6.347E-10
6.425	2.62175E-06	8.75597E-09	-8.28119E-09	-5.55083E-11
6.59166667	2.86019E-06	1.28971E-08	-9.28135E-09	-2.7355E-10
6.75833333	3.09086E-06	7.28189E-09	-9.9724E-09	-2.27231E-10
6.925	3.3127E-06	1.19879E-08	-8.5775E-09	-2.31477E-10
7.09166667	3.51254E-06	1.06651E-08	-9.04336E-09	-1.5992E-09
7.25833333	3.71139E-06	1.65686E-08	-9.1139E-09	1.38625E-10
7.425	3.89809E-06	1.38836E-08	-8.33529E-09	-7.6678E-10
7.59166667	4.07126E-06	1.31529E-08	-8.98049E-09	-1.71949E-10
7.75833333	4.24695E-06	1.39049E-08	-6.60183E-09	-4.45432E-10
7.925	4.42245E-06	1.61391E-08	-8.4989E-09	-1.0834E-09
8.09166667	4.59453E-06	8.1551E-09	-8.38027E-09	-1.53908E-10
8.25833333	4.7671E-06	9.29429E-09	-9.12242E-09	4.05768E-10
8.425	4.93119E-06	8.90043E-09	-7.96166E-09	-9.33515E-10
8.59166667	5.09898E-06	1.05395E-08	-8.70578E-09	2.43316E-10
8.75833333	5.26986E-06	1.11561E-08	-9.75145E-09	-7.23642E-10
8.925	5.42507E-06	1.04859E-08	-8.48888E-09	-4.18615E-10
9.09166667	5.57049E-06	1.5725E-08	-8.62561E-09	-1.50713E-10
9.25833333	5.69995E-06	5.11262E-09	-1.0075E-08	-6.56234E-10
9.425	5.81773E-06	1.06666E-08	-1.04519E-08	2.47927E-10
9.59166667	5.9229E-06	1.05475E-08	-8.26324E-09	-6.26792E-10
9.75833333	6.01214E-06	1.61185E-08	-6.81984E-09	-9.90302E-10
9.925	6.089E-06	1.53348E-08	-8.56488E-09	-9.01411E-10
10.0916667	6.15217E-06	1.30953E-08	-8.03338E-09	-1.45438E-09
10.2583333	6.20691E-06	1.21213E-08	-8.89322E-09	-1.49654E-09
10.425	6.25618E-06	1.65118E-08	-7.79059E-09	-1.57863E-09
10.5916667	6.30262E-06	1.7051E-08	-9.72159E-09	-2.07932E-09
10.7583333	6.34469E-06	1.18325E-08	-7.41837E-09	-2.39839E-09
10.925	6.37959E-06	1.52111E-08	-8.61094E-09	-1.10608E-09
11.0916667	6.42163E-06	1.34626E-08	-8.70433E-09	-2.02654E-09
11.2583333	6.45685E-06	1.20125E-08	-8.6369E-09	-2.5523E-09
11.425	6.4985E-06	1.2786E-08	-8.46472E-09	-1.47733E-09
11.5916667	6.52631E-06	1.05426E-08	-9.77914E-09	-1.83348E-09
11.7583333	6.55389E-06	1.51007E-08	-7.2951E-09	-2.61074E-09
11.925	6.5786E-06	1.24184E-08	-7.90979E-09	-1.24538E-09
12.0916667	6.60695E-06	1.61167E-08	-9.315E-09	-2.19746E-09
12.2583333	6.63593E-06	1.05165E-08	-8.74151E-09	-2.23545E-09
12.425	6.65572E-06	1.29469E-08	-9.2277E-09	-2.51706E-09
12.5916667	6.67191E-06	8.67293E-09	-8.99932E-09	-3.84517E-09
12.7583333	6.6986E-06	1.56297E-08	-8.26517E-09	-2.82561E-09
12.925	6.71225E-06	1.0853E-08	-9.9242E-09	-2.6126E-09
13.0916667	6.72865E-06	1.08934E-08	-7.3567E-09	-2.97946E-09
13.2583333	6.74471E-06	1.27907E-08	-8.9109E-09	-2.49656E-09
13.425	6.7567E-06	1.60247E-08	-9.7507E-09	-1.33582E-09
13.5916667	6.76332E-06	1.48595E-08	-1.00142E-08	-3.06911E-09
13.7583333	6.77962E-06	1.11426E-08	-1.03687E-08	-3.12653E-09
13.925	6.78635E-06	1.44082E-08	-1.02747E-08	-1.59379E-09
14.0916667	6.79379E-06	1.23212E-08	-8.33884E-09	-2.57733E-09
14.2583333	6.8034E-06	1.27873E-08	-7.92158E-09	-2.42197E-09
14.425	6.81554E-06	1.21694E-08	-1.05452E-08	-3.40853E-09
14.5916667	6.8197E-06	1.49552E-08	-9.7974E-09	-2.08507E-09
14.7583333	6.82125E-06	1.5274E-08	-8.06028E-09	-1.9625E-09
14.925	6.82377E-06	1.11892E-08	-8.9939E-09	-2.23246E-09
15.0916667	6.82964E-06	1.47483E-08	-9.34217E-09	-2.88809E-09
15.2583333	6.83781E-06	1.46057E-08	-1.0144E-08	-2.85423E-09
15.425	6.83918E-06	1.82583E-08	-9.51881E-09	-2.13304E-09
15.5916667	6.84445E-06	1.09081E-08	-9.37822E-09	-3.09996E-09
15.7583333	6.84732E-06	1.19702E-08	-8.46893E-09	-3.4716E-09
15.925	6.85287E-06	9.55754E-09	-9.49658E-09	-2.14638E-09
16.0916667	6.85393E-06	1.42087E-08	-9.48749E-09	-3.05523E-09
16.2583333	6.86337E-06	1.13675E-08	-1.1004E-08	-2.30194E-09
16.425	6.8722E-06	1.18825E-08	-1.00307E-08	-3.49328E-09
16.5916667	6.87641E-06	1.50578E-08	-1.20711E-08	-2.96153E-09
16.7583333	6.87739E-06	1.44114E-08	-1.0509E-08	-2.98281E-09
16.925	6.87875E-06	1.32436E-08	-1.11718E-08	-2.6813E-09
17.0916667	6.88838E-06	1.86249E-08	-1.04079E-08	-2.66945E-09
17.2583333	6.89076E-06	1.31157E-08	-8.10778E-09	-2.37741E-09
17.425	6.89835E-06	1.12996E-08	-9.38148E-09	-3.40479E-09
17.5916667	6.89511E-06	1.48563E-08	-7.89321E-09	-2.76404E-09
17.7583333	6.90021E-06	8.17196E-09	-9.73185E-09	-3.51026E-09
17.925	6.90346E-06	1.83271E-08	-1.03822E-08	-1.53556E-09
18.0916667	6.90617E-06	1.30421E-08	-9.82147E-09	-2.73206E-09
18.2583333	6.90994E-06	9.65756E-09	-9.23505E-09	-3.24427E-09
18.425	6.91239E-06	1.48313E-08	-9.87032E-09	-3.01554E-09
18.5916667	6.91345E-06	1.42256E-08	-1.05327E-08	-3.10977E-09
18.7583333	6.9171E-06	1.52762E-08	-9.81093E-09	-2.69451E-09
18.925	6.91459E-06	1.12067E-08	-1.02242E-08	-3.3215E-09
19.0916667	6.92093E-06	1.27633E-08	-8.64912E-09	-3.40215E-09
19.2583333	6.91853E-06	1.41075E-08	-8.85379E-09	-3.79808E-09
19.425	6.92314E-06	1.54879E-08	-8.65134E-09	-4.17278E-09
19.5916667	6.91869E-06	1.26681E-08	-1.13515E-08	-3.70979E-09
19.7583333	6.92653E-06	1.45319E-08	-9.15821E-09	-3.13269E-09
19.925	6.92528E-06	1.55835E-08	-9.07221E-09	-3.15483E-09
20.0916667	6.93246E-06	1.71054E-08	-1.01873E-08	-2.51322E-09
20.2583333	6.93174E-06	1.38896E-08	-1.21447E-08	-3.28375E-09
20.425	6.93636E-06	1.41039E-08	-9.80169E-09	-3.30932E-09
20.5916667	6.93974E-06	1.65447E-08	-8.5855E-09	-1.63571E-09
20.7583333	6.93917E-06	9.65636E-09	-1.05007E-08	-2.5928E-09
20.925	6.94148E-06	1.01513E-08	-8.17275E-09	-2.94273E-09
21.0916667	6.94259E-06	1.39257E-08	-8.92729E-09	-3.21552E-09
21.2583333	6.94943E-06	1.32891E-08	-1.04176E-08	-3.27792E-09
21.425	6.94797E-06	1.19811E-08	-1.12912E-08	-3.19643E-09
21.5916667	6.94937E-06	1.16555E-08	-9.98607E-09	-2.80946E-09
21.7583333	6.95146E-06	1.53626E-08	-9.42061E-09	-1.94706E-09
21.925	6.95322E-06	1.45546E-08	-6.83416E-09	-3.03182E-09
22.0916667	6.95606E-06	1.22559E-08	-9.19438E-09	-4.33504E-09
22.2583333	6.95909E-06	1.38823E-08	-9.35384E-09	-4.72119E-09
22.425	6.96088E-06	1.1388E-08	-9.88725E-09	-3.32084E-09
22.5916667	6.95863E-06	8.41026E-09	-8.63742E-09	-3.39724E-09
22.7583333	6.95613E-06	1.19584E-08	-8.69514E-09	-3.9435E-09
22.925	6.95352E-06	1.30875E-08	-1.07009E-08	-1.85851E-09
23.0916667	6.95131E-06	1.55313E-08	-1.01972E-08	-3.70366E-09
23.2583333	6.95558E-06	1.3508E-08	-9.39585E-09	-1.6374E-09
23.425	6.95084E-06	1.01449E-08	-8.72998E-09	-2.94232E-09
23.5916667	6.95182E-06	9.88703E-09	-1.00115E-08	-3.32447E-09
23.7583333	6.95386E-06	1.583E-08	-9.78452E-09	-2.73456E-09
23.925	6.95884E-06	1.41734E-08	-1.10162E-08	-2.93589E-09
24.0916667	6.96056E-06	1.56539E-08	-1.183E-08	-3.53889E-09
24.2583333	6.96297E-06	1.0331E-08	-9.8955E-09	-2.85969E-09
24.425	6.96701E-06	1.48912E-08	-1.08987E-08	-2.66623E-09
24.5916667	6.96888E-06	1.41962E-08	-1.10874E-08	-4.86683E-09
24.7583333	6.9689E-06	1.2166E-08	-1.21527E-08	-2.65704E-09
24.925	6.97241E-06	1.23828E-08	-8.67126E-09	-3.79251E-09
25.0916667	6.97759E-06	1.44597E-08	-8.82298E-09	-4.36477E-09
25.2583333	6.97479E-06	1.41273E-08	-9.32794E-09	-2.99263E-09
25.425	6.97592E-06	1.15206E-08	-9.73202E-09	-3.59099E-09
25.5916667	6.97775E-06	9.54384E-09	-9.64148E-09	-4.89065E-09
25.7583333	6.97405E-06	1.00799E-08	-9.69428E-09	-3.29361E-09
25.925	6.97265E-06	1.38083E-08	-9.53366E-09	-3.49978E-09
26.0916667	6.96275E-06	1.4984E-08	-9.30302E-09	-3.66839E-09
26.2583333	6.97525E-06	1.2591E-08	-8.7897E-09	-3.0801E-09
26.425	6.9747E-06	1.23641E-08	-1.16375E-08	-2.64815E-09
26.5916667	6.97467E-06	1.30015E-08	-1.03029E-08	-2.45865E-09
26.7583333	6.96605E-06	1.06021E-08	-1.02056E-08	-2.59158E-09
26.925	6.96904E-06	1.14502E-08	-9.87462E-09	-2.49856E-09
27.0916667	6.97011E-06	1.2806E-08	-9.70976E-09	-3.05357E-09
27.2583333	6.97135E-06	1.39002E-08	-9.21976E-09	-2.57626E-09
27.425	6.97673E-06	1.25597E-08	-9.11104E-09	-4.1827E-09
27.5916667	6.97346E-06	1.24643E-08	-1.0406E-08	-3.75511E-09
27.7583333	6.9743E-06	1.33745E-08	-9.59884E-09	-3.69262E-09
27.925	6.98164E-06	1.11412E-08	-1.00453E-08	-4.54966E-09
28.0916667	6.94529E-06	9.7039E-09	-1.04113E-08	-3.89112E-09
28.2583333	6.97116E-06	1.20785E-08	-8.32174E-09	-4.619E-09
28.425	6.98108E-06	1.36568E-08	-9.55829E-09	-3.93266E-09
28.5916667	6.93784E-06	1.48503E-08	-1.00856E-08	-3.61085E-09
28.7583333	6.98084E-06	1.274E-08	-7.93612E-09	-3.22665E-09
28.925	6.96601E-06	1.37155E-08	-9.56498E-09	-3.38245E-09
29.0916667	6.97751E-06	8.29801E-09	-1.09585E-08	-2.08594E-09
29.2583333	6.96535E-06	1.60825E-08	-9.45327E-09	-3.63793E-09
29.425	6.98136E-06	1.40161E-08	-9.30371E-09	-2.60061E-09
29.5916667	6.97921E-06	1.50554E-08	-8.0184E-09	-4.3138E-09
29.7583333	6.9767E-06	8.88499E-09	-1.01324E-08	-3.35931E-09
29.925	7.10397E-06	1.29402E-08	-7.78628E-09	-9.63784E-10
30.0916667	7.62572E-06	1.16446E-08	-6.75507E-09	1.26705E-09
30.2583333	7.76229E-06	1.39015E-08	-8.81748E-09	1.73855E-09
30.425	7.7107E-06	1.24398E-08	-6.92721E-09	2.40937E-09
30.5916667	7.61385E-06	1.15371E-08	-6.27367E-09	1.07872E-09
30.7583333	7.53072E-06	1.2405E-08	-6.89863E-09	1.46103E-09
30.925	7.44086E-06	6.88372E-09	-7.87777E-09	5.65645E-10
31.0916667	7.34928E-06	1.48058E-08	-6.63965E-09	2.36685E-09
31.2583333	7.23999E-06	1.04805E-08	-6.0905E-09	1.84913E-09
31.425	7.17542E-06	9.56259E-09	-7.02817E-09	1.26189E-09
31.5916667	7.0874E-06	9.15178E-09	-7.95409E-09	2.23411E-09
31.7583333	7.03866E-06	1.11338E-08	-6.55696E-09	1.37082E-09
31.925	6.97894E-06	8.5434E-09	-6.63909E-09	1.05009E-09
32.0916667	6.96725E-06	7.46922E-09	-4.39542E-09	1.43606E-09
32.2583333	6.95522E-06	1.12486E-08	-6.72768E-09	1.25524E-09
32.425	6.91831E-06	1.17113E-08	-6.03104E-09	2.71401E-09
32.5916667	6.89246E-06	5.22483E-09	-5.05037E-09	1.28959E-09
32.7583333	6.86718E-06	1.11119E-08	-5.99222E-09	1.56667E-09
32.925	6.84792E-06	9.45775E-09	-5.36037E-09	1.60705E-09
33.0916667	6.82922E-06	7.11513E-09	-6.0277E-09	8.36488E-10
33.2583333	6.8175E-06	1.13022E-08	-7.26141E-09	2.28235E-09
33.425	6.80398E-06	6.69174E-09	-5.21361E-09	1.54084E-09
33.5916667	6.79211E-06	9.20844E-09	-5.81751E-09	2.02026E-09
33.7583333	6.78583E-06	8.96173E-09	-6.24177E-09	1.49319E-09
33.925	6.77786E-06	1.15285E-08	-5.62531E-09	1.33952E-09
34.0916667	6.76824E-06	1.1084E-08	-5.88233E-09	1.18636E-09
34.2583333	6.76539E-06	1.17662E-08	-6.05832E-09	6.38561E-10
34.425	6.76096E-06	8.14675E-09	-6.77107E-09	5.79935E-10
34.5916667	6.75381E-06	1.20182E-08	-6.04484E-09	1.31902E-09
34.7583333	6.74405E-06	1.15571E-08	-5.9018E-09	1.92534E-09
34.925	6.74531E-06	1.21868E-08	-4.5693E-09	1.79313E-09
35.0916667	6.74522E-06	1.18301E-08	-5.45642E-09	2.22491E-09
35.2583333	6.74021E-06	7.58651E-09	-5.93309E-09	1.53324E-09
35.425	6.73679E-06	1.04615E-08	-5.48066E-09	1.93437E-09
35.5916667	6.74038E-06	9.50759E-09	-7.05295E-09	2.5547E-09
35.7583333	6.73329E-06	9.24749E-09	-6.64046E-09	1.06142E-09
35.925	6.72598E-06	1.13286E-08	-6.06743E-09	1.63226E-09
36.0916667	6.73037E-06	9.36271E-09	-4.71242E-09	6.17544E-10
36.2583333	6.7355E-06	8.15848E-09	-4.34615E-09	1.36049E-09
36.425	6.72682E-06	8.31271E-09	-7.10199E-09	-4.11441E-10
36.5916667	6.73161E-06	6.19591E-09	-5.20622E-09	1.39979E-09
36.7583333	6.73364E-06	1.09309E-08	-5.93401E-09	1.32678E-09
36.925	6.73191E-06	8.60642E-09	-5.38969E-09	2.45554E-09
37.0916667	6.73134E-06	9.84986E-09	-6.65322E-09	1.12902E-09
37.2583333	6.73003E-06	1.06783E-08	-4.9169E-09	2.08898E-09
37.425	6.72517E-06	1.15639E-08	-5.65192E-09	1.31001E-09
37.5916667	6.72649E-06	1.17987E-08	-6.38217E-09	1.61037E-09
37.7583333	6.73383E-06	1.13274E-08	-5.91325E-09	2.17253E-09
37.925	6.72994E-06	5.58916E-09	-6.41875E-09	1.20659E-09
38.0916667	6.72598E-06	8.01618E-09	-4.57654E-09	1.58645E-09
38.2583333	6.73302E-06	1.00696E-08	-6.29321E-09	1.91993E-09
38.425	6.73175E-06	7.46379E-09	-6.70713E-09	1.44216E-09
38.5916667	6.73547E-06	1.05877E-08	-5.95641E-09	1.23506E-09
38.7583333	6.73418E-06	1.19259E-08	-6.32181E-09	1.95402E-09
38.925	6.73297E-06	9.31347E-09	-4.6658E-09	1.07737E-09
39.0916667	6.7297E-06	1.03961E-08	-5.42042E-09	1.94617E-09
39.2583333	6.72838E-06	9.97648E-09	-5.40965E-09	1.58219E-09
39.425	6.72626E-06	1.07128E-08	-5.2717E-09	1.21003E-09
39.5916667	6.72455E-06	6.71112E-09	-6.39523E-09	1.78397E-09
39.7583333	6.72261E-06	8.17197E-09	-7.17641E-09	2.01393E-09
39.925	6.71966E-06	7.95708E-09	-6.51693E-09	1.32942E-09
40.0916667	6.72187E-06	1.07276E-08	-7.17689E-09	1.54158E-09
40.2583333	6.72163E-06	1.21664E-08	-6.32991E-09	2.75963E-09
40.425	6.7254E-06	7.37976E-09	-6.48342E-09	2.12792E-09
40.5916667	6.73228E-06	1.10997E-08	-6.02826E-09	1.8293E-09
40.7583333	6.18728E-06	1.34181E-07	2.73676E-08	2.26367E-07
40.925	4.78299E-06	2.32702E-07	2.0656E-08	1.99226E-07
41.0916667	3.73681E-06	2.94364E-07	1.47728E-08	1.69592E-07
41.2583333	2.95616E-06	3.45972E-07	1.05671E-08	1.52142E-07
41.425	2.36606E-06	3.93442E-07	9.21108E-09	1.38142E-07
41.5916667	1.91712E-06	4.51881E-07	7.36587E-09	1.26828E-07
41.7583333	1.56523E-06	5.08625E-07	4.97054E-09	1.18588E-07
41.925	1.28171E-06	5.72252E-07	5.60392E-09	1.11059E-07
42.0916667	1.05469E-06	6.35977E-07	3.66421E-09	1.02927E-07
42.2583333	8.68809E-07	7.09148E-07	4.11652E-09	9.68359E-08
42.425	7.17751E-07	7.97024E-07	1.97232E-09	8.97133E-08
42.5916667	5.88928E-07	8.86592E-07	2.70701E-09	8.48486E-08
42.7583333	4.83895E-07	9.88419E-07	2.70412E-09	7.96386E-08
42.925	3.9717E-07	1.09423E-06	2.52347E-09	7.42176E-08
43.0916667	3.25958E-07	1.20998E-06	1.27043E-09	6.9315E-08
43.2583333	2.67166E-07	1.33599E-06	1.71514E-09	6.48993E-08
43.425	2.17575E-07	1.4703E-06	1.15754E-09	6.12477E-08
43.5916667	1.77361E-07	1.6134E-06	-1.20311E-09	5.59646E-08
43.7583333	1.44709E-07	1.75942E-06	-1.33715E-09	5.19736E-08
43.925	1.17408E-07	1.91937E-06	-1.07638E-09	4.88956E-08
44.0916667	9.69368E-08	2.08599E-06	-3.38264E-10	4.4401E-08
44.2583333	7.94385E-08	2.25631E-06	4.91138E-10	4.15854E-08
44.425	6.38591E-08	2.43538E-06	-5.64799E-11	3.95425E-08
44.5916667	5.33283E-08	2.62738E-06	-7.34435E-10	3.69049E-08
44.7583333	4.48243E-08	2.82112E-06	2.09313E-09	3.25651E-08
44.925	3.67608E-08	3.02085E-06	5.93785E-11	2.9899E-08
45.0916667	3.0057E-08	3.22218E-06	7.20711E-10	2.65327E-08
45.2583333	2.60283E-08	3.4178E-06	5.07087E-10	2.45168E-08
45.425	2.24496E-08	3.62749E-06	3.22979E-09	2.2519E-08
45.5916667	1.7757E-08	3.8414E-06	3.66757E-09	2.08928E-08
45.7583333	1.51589E-08	4.05441E-06	6.11694E-09	1.93096E-08
45.925	1.28504E-08	4.26548E-06	6.59382E-09	1.71045E-08
46.0916667	1.14339E-08	4.48547E-06	9.39833E-09	1.52471E-08
46.2583333	8.88754E-09	4.68553E-06	1.01399E-08	1.36427E-08
46.425	8.00683E-09	4.89632E-06	1.22372E-08	1.18983E-08
46.5916667	6.77829E-09	5.09192E-06	1.62244E-08	1.12895E-08
46.7583333	5.51776E-09	5.27847E-06	1.96277E-08	8.91889E-09
46.925	5.39973E-09	5.46109E-06	2.13796E-08	9.19001E-09
47.0916667	4.29363E-09	5.62577E-06	2.72276E-08	7.35285E-09
47.2583333	3.16486E-09	5.7808E-06	3.14402E-08	5.55914E-09
47.425	2.95098E-09	5.91979E-06	3.68769E-08	3.91742E-09
47.5916667	1.52776E-09	6.05215E-06	4.03291E-08	5.09597E-09
47.7583333	1.73408E-09	6.16828E-06	4.71961E-08	5.06133E-09
47.925	1.60837E-09	6.2727E-06	5.41713E-08	2.1209E-09
48.0916667	1.99809E-09	6.35702E-06	5.87113E-08	2.84165E-09
48.2583333	9.63108E-10	6.42872E-06	6.48107E-08	2.31661E-09
48.425	1.70234E-09	6.49281E-06	7.2015E-08	1.51039E-09
48.5916667	6.14862E-10	6.53949E-06	7.61045E-08	1.32434E-09
48.7583333	1.18404E-09	6.58831E-06	8.20758E-08	8.2282E-10
48.925	1.72132E-09	6.62084E-06	8.60623E-08	1.30243E-09
49.0916667	1.48178E-09	6.6406E-06	9.2179E-08	1.74264E-09
49.2583333	6.92375E-10	6.66728E-06	9.67887E-08	1.57859E-10
49.425	1.00902E-09	6.68934E-06	9.93287E-08	-8.32126E-10
49.5916667	-1.17993E-11	6.70122E-06	1.05311E-07	-1.1299E-10
49.7583333	-2.41615E-10	6.71253E-06	1.08236E-07	3.9353E-10
49.925	9.09748E-10	6.72498E-06	1.11451E-07	2.04805E-10
50.0916667	3.09057E-10	6.73514E-06	1.17507E-07	-1.484E-09
50.2583333	-3.1964E-10	6.7426E-06	1.17387E-07	-3.23567E-10
50.425	-6.25443E-10	6.74555E-06	1.21616E-07	-1.99068E-10
50.5916667	8.4561E-10	6.75126E-06	1.251E-07	-6.05039E-11
50.7583333	2.12168E-10	6.75574E-06	1.25498E-07	1.09318E-10
50.925	2.58048E-10	6.75922E-06	1.28683E-07	-8.59264E-10
51.0916667	1.35391E-10	6.75473E-06	1.32243E-07	-1.84345E-09
51.2583333	9.14299E-10	6.76098E-06	1.32815E-07	-7.39985E-10
51.425	9.4838E-10	6.76353E-06	1.33877E-07	5.20209E-10
51.5916667	-2.44823E-10	6.76067E-06	1.37598E-07	-7.39428E-10
51.7583333	-1.42847E-10	6.75917E-06	1.377E-07	3.62846E-10
51.925	-8.02532E-11	6.76469E-06	1.38566E-07	-4.72148E-10
52.0916667	1.24175E-09	6.76024E-06	1.39851E-07	-4.03109E-10
52.2583333	-9.17169E-11	6.76412E-06	1.4209E-07	-1.1298E-09
52.425	-2.04311E-10	6.75973E-06	1.41455E-07	-3.03347E-10
52.5916667	-8.33696E-10	6.7615E-06	1.41623E-07	-4.29797E-11
52.7583333	-6.3669E-10	6.75871E-06	1.4491E-07	-5.6445E-10
52.925	8.38717E-11	6.7597E-06	1.46295E-07	1.10371E-10
53.0916667	2.12969E-10	6.75211E-06	1.4511E-07	-1.44893E-09
53.2583333	8.05048E-11	6.76206E-06	1.46624E-07	-2.59328E-10
53.425	-4.73956E-10	6.75593E-06	1.47091E-07	-4.93449E-10
53.5916667	-3.61649E-10	6.75869E-06	1.45527E-07	-1.24317E-09
53.7583333	5.00253E-10	6.74851E-06	1.48403E-07	-9.8845E-10
53.925	5.21666E-10	6.75523E-06	1.4578E-07	-9.63584E-11
54.0916667	-1.31323E-09	6.74984E-06	1.45768E-07	-5.06404E-10
54.2583333	-2.54229E-11	6.75284E-06	1.4689E-07	-5.77742E-10
54.425	-9.83456E-10	6.76136E-06	1.47429E-07	-2.60719E-10
54.5916667	2.74354E-10	6.75308E-06	1.46633E-07	-7.25066E-10
54.7583333	5.69674E-10	6.75303E-06	1.50021E-07	-1.80123E-09
54.925	-5.19983E-10	6.76321E-06	1.47514E-07	-1.16328E-09
55.0916667	-8.87508E-11	6.76358E-06	1.4811E-07	-4.80638E-11
55.2583333	1.30911E-09	6.75884E-06	1.49339E-07	-1.27461E-09
55.425	2.18196E-10	6.75254E-06	1.48875E-07	-1.45566E-09
55.5916667	1.55569E-10	6.75466E-06	1.4753E-07	-5.02639E-10
55.7583333	2.92647E-10	6.75688E-06	1.49463E-07	-1.70885E-09
55.925	-2.8438E-11	6.7506E-06	1.50083E-07	-5.3322E-10
56.0916667	-4.90786E-10	6.32495E-06	1.40213E-07	7.0119E-09
56.2583333	1.15271E-09	4.93161E-06	1.06327E-07	3.13003E-08
56.425	3.39324E-09	4.21326E-06	8.68947E-08	4.39627E-08
56.5916667	5.65999E-09	3.71012E-06	6.93176E-08	5.34747E-08
56.7583333	8.81207E-09	3.32844E-06	5.76293E-08	6.04584E-08
56.925	1.05003E-08	3.00937E-06	4.7587E-08	6.70542E-08
57.0916667	1.48025E-08	2.76042E-06	4.03603E-08	7.34831E-08
57.2583333	1.59693E-08	2.5472E-06	3.31887E-08	7.81755E-08
57.425	1.9194E-08	2.37149E-06	2.91897E-08	8.15745E-08
57.5916667	2.23603E-08	2.21666E-06	2.64539E-08	8.63309E-08
57.7583333	2.43779E-08	2.08606E-06	2.09415E-08	9.03831E-08
57.925	2.69679E-08	1.96632E-06	1.73828E-08	9.25796E-08
58.0916667	3.11422E-08	1.86289E-06	1.59808E-08	9.66372E-08
58.2583333	3.26737E-08	1.7682E-06	1.58069E-08	9.78099E-08
58.425	3.60938E-08	1.68588E-06	1.34445E-08	1.00413E-07
58.5916667	3.84795E-08	1.61214E-06	1.27454E-08	1.02485E-07
58.7583333	4.12639E-08	1.54502E-06	1.0877E-08	1.05066E-07
58.925	4.34659E-08	1.4872E-06	7.93619E-09	1.05041E-07
59.0916667	4.58792E-08	1.42807E-06	7.41253E-09	1.07311E-07
59.2583333	4.85657E-08	1.378E-06	6.90936E-09	1.10324E-07
59.425	5.09686E-08	1.32694E-06	5.23489E-09	1.10642E-07
59.5916667	5.37599E-08	1.28617E-06	6.40268E-09	1.12469E-07
59.7583333	5.61754E-08	1.24178E-06	5.62935E-09	1.12408E-07
59.925	5.90527E-08	1.2063E-06	3.2456E-09	1.13731E-07
60.0916667	6.21197E-08	1.1698E-06	5.20895E-09	1.16053E-07
60.2583333	6.37256E-08	1.13372E-06	3.00902E-09	1.1582E-07
60.425	6.69358E-08	1.10147E-06	2.72702E-09	1.17343E-07
60.5916667	6.83204E-08	1.0752E-06	2.43716E-09	1.1921E-07
60.7583333	7.16172E-08	1.05006E-06	2.46191E-09	1.19141E-07
60.925	7.36781E-08	1.02205E-06	2.3026E-09	1.199E-07
61.0916667	7.68414E-08	1.00277E-06	3.75283E-09	1.21486E-07
61.2583333	7.79265E-08	9.77823E-07	2.08866E-09	1.21754E-07
61.425	8.11109E-08	9.50878E-07	1.66407E-09	1.22253E-07
61.5916667	8.29137E-08	9.31161E-07	2.807E-09	1.22902E-07
61.7583333	8.61951E-08	9.13182E-07	1.042E-09	1.25062E-07
61.925	8.87151E-08	8.92341E-07	1.33784E-09	1.243E-07
62.0916667	9.16761E-08	8.7716E-07	1.12087E-09	1.25194E-07
62.2583333	9.23864E-08	8.60739E-07	-8.78032E-10	1.27156E-07
62.425	9.45514E-08	8.46787E-07	2.37876E-09	1.25977E-07
62.5916667	9.71634E-08	8.27282E-07	9.26333E-10	1.27201E-07
62.7583333	1.00364E-07	8.09789E-07	5.14911E-10	1.27737E-07
62.925	1.01814E-07	7.95988E-07	2.39932E-10	1.28254E-07
63.0916667	1.03877E-07	7.83619E-07	1.04253E-09	1.28403E-07
63.2583333	1.04948E-07	7.74503E-07	7.28178E-10	1.29496E-07
63.425	1.0798E-07	7.58302E-07	6.35432E-10	1.29743E-07
63.5916667	1.11241E-07	7.52341E-07	-1.01376E-09	1.3147E-07
63.7583333	1.12752E-07	7.40033E-07	1.99435E-09	1.31328E-07
63.925	1.15344E-07	7.24964E-07	5.01702E-10	1.30219E-07
64.0916667	1.17238E-07	7.15176E-07	5.31254E-10	1.29942E-07
64.2583333	1.19331E-07	7.07564E-07	2.47656E-10	1.32148E-07
64.425	1.21252E-07	6.99076E-07	3.66355E-10	1.32783E-07
64.5916667	1.22473E-07	6.86953E-07	-3.40669E-10	1.33876E-07
64.7583333	1.25651E-07	6.80053E-07	-6.13464E-10	1.32958E-07
64.925	1.27012E-07	6.70125E-07	1.05796E-09	1.33866E-07
65.0916667	1.29138E-07	6.60897E-07	6.6393E-10	1.32989E-07
65.2583333	1.32645E-07	6.55101E-07	6.2075E-10	1.34053E-07
65.425	1.34086E-07	6.44546E-07	-4.01732E-10	1.35078E-07
65.5916667	1.35739E-07	6.39954E-07	-1.06128E-09	1.34365E-07
65.7583333	1.39045E-07	6.31045E-07	-1.1154E-09	1.35238E-07
65.925	1.40469E-07	6.22088E-07	-3.96809E-10	1.35007E-07
66.0916667	1.42762E-07	6.18824E-07	-1.18284E-09	1.36236E-07
66.2583333	1.4472E-07	6.08765E-07	-7.05503E-10	1.36615E-07
66.425	1.4589E-07	6.04001E-07	-8.1112E-10	1.36138E-07
66.5916667	1.48486E-07	5.99169E-07	-1.84288E-09	1.36461E-07
66.7583333	1.49799E-07	5.93178E-07	9.9163E-10	1.35861E-07
66.925	1.52858E-07	5.8656E-07	-9.74283E-10	1.3729E-07
67.0916667	1.54365E-07	5.77601E-07	-9.43948E-10	1.37566E-07
67.2583333	1.56254E-07	5.75915E-07	-9.19357E-10	1.38346E-07
67.425	1.58475E-07	5.69226E-07	-1.4416E-09	1.3772E-07
67.5916667	1.59263E-07	5.63762E-07	1.70577E-10	1.37181E-07
67.7583333	1.61468E-07	5.57705E-07	-9.82876E-10	1.39111E-07
67.925	1.64133E-07	5.58102E-07	6.60486E-10	1.38416E-07
68.0916667	1.65671E-07	5.49555E-07	9.23176E-10	1.38577E-07
68.2583333	1.67835E-07	5.44913E-07	-6.1119E-10	1.39127E-07
68.425	1.69168E-07	5.3981E-07	2.09244E-10	1.39348E-07
68.5916667	1.71141E-07	5.34436E-07	-9.40959E-11	1.39182E-07
68.7583333	1.73991E-07	5.29619E-07	-5.45423E-10	1.39559E-07
68.925	1.75976E-07	5.26367E-07	8.93338E-10	1.40477E-07
69.0916667	1.77161E-07	5.21476E-07	-1.22194E-09	1.38925E-07
69.2583333	1.78504E-07	5.20373E-07	-1.80778E-10	1.40573E-07
69.425	1.8081E-07	5.16479E-07	1.37838E-10	1.39951E-07
69.5916667	1.82761E-07	5.12297E-07	-2.98768E-10	1.39679E-07
69.7583333	1.845E-07	5.10704E-07	-4.16327E-10	1.4252E-07
69.925	1.85206E-07	5.06341E-07	-5.60016E-10	1.40743E-07
70.0916667	1.87501E-07	5.01436E-07	-9.22529E-11	1.39651E-07
70.2583333	1.90012E-07	4.9803E-07	-3.67742E-10	1.41136E-07
70.425	1.91585E-07	4.96392E-07	-9.46039E-10	1.41571E-07
70.5916667	1.93718E-07	4.97035E-07	-1.95925E-10	1.40291E-07
70.7583333	1.93828E-07	4.91153E-07	-6.3329E-10	1.42123E-07
70.925	1.97183E-07	4.85326E-07	2.08591E-10	1.42367E-07
71.0916667	1.98192E-07	4.8536E-07	-1.38328E-09	1.42174E-07
71.2583333	2.00411E-07	4.815E-07	-1.35635E-09	1.41533E-07
71.425	2.01723E-07	4.77967E-07	8.03364E-10	1.42659E-07
71.5916667	2.03757E-07	4.78801E-07	-2.69365E-10	1.42713E-07
71.7583333	2.0422E-07	4.7253E-07	-9.82424E-10	1.42144E-07
71.925	2.06341E-07	4.69595E-07	-4.42542E-11	1.42827E-07
72.0916667	2.08679E-07	4.68475E-07	-5.51401E-11	1.43019E-07
72.2583333	2.09957E-07	4.6829E-07	8.39966E-10	1.42307E-07
72.425	2.11229E-07	4.58149E-07	-7.77743E-10	1.43814E-07
72.5916667	2.13122E-07	4.64283E-07	-1.29268E-09	1.42046E-07
72.7583333	2.14401E-07	4.55893E-07	-5.32582E-10	1.42756E-07
72.925	2.16395E-07	4.54854E-07	4.25263E-10	1.44213E-07
73.0916667	2.16742E-07	4.57526E-07	7.22982E-10	1.4426E-07
73.2583333	2.18976E-07	4.5544E-07	-2.48521E-10	1.43245E-07
73.425	2.20374E-07	4.47374E-07	-9.12325E-10	1.42604E-07
73.5916667	2.21987E-07	4.47051E-07	6.52688E-11	1.4492E-07
73.7583333	2.23878E-07	4.50524E-07	-1.53987E-09	1.44003E-07
73.925	2.24844E-07	4.43507E-07	-1.7331E-09	1.42381E-07
74.0916667	2.25847E-07	4.45196E-07	-2.11147E-10	1.45397E-07
74.2583333	2.28372E-07	4.45294E-07	-3.45828E-10	1.4498E-07
74.425	2.30023E-07	4.41253E-07	-1.65873E-09	1.44544E-07
74.5916667	2.31153E-07	4.42916E-07	2.07885E-10	1.44205E-07
74.7583333	2.32941E-07	4.38739E-07	1.19351E-09	1.44275E-07
74.925	2.34062E-07	4.36809E-07	-6.76636E-10	1.44763E-07
75.0916667	2.35825E-07	4.33346E-07	-1.90003E-09	1.45493E-07
75.2583333	2.37622E-07	4.26784E-07	-9.35334E-10	1.44588E-07
75.425	2.37794E-07	4.3034E-07	-1.4106E-09	1.44096E-07
75.5916667	2.39925E-07	4.26997E-07	-2.69195E-10	1.44482E-07
75.7583333	2.41193E-07	4.28496E-07	-1.22382E-09	1.44787E-07
75.925	2.42731E-07	4.25196E-07	-8.63579E-10	1.4571E-07
76.0916667	2.4401E-07	4.25017E-07	1.60336E-10	1.46021E-07
76.2583333	2.45419E-07	4.22158E-07	-2.69247E-10	1.45778E-07
76.425	2.46653E-07	4.19345E-07	2.26544E-10	1.4636E-07
76.5916667	2.48803E-07	4.21254E-07	5.40646E-10	1.44891E-07
76.7583333	2.49207E-07	4.18294E-07	-4.57455E-10	1.45542E-07
76.925	2.49571E-07	4.1398E-07	7.13287E-10	1.45242E-07
77.0916667	2.51023E-07	4.14024E-07	8.61419E-10	1.45037E-07
77.2583333	2.52462E-07	4.16271E-07	-9.34829E-10	1.45197E-07
77.425	2.54639E-07	4.19226E-07	3.63203E-10	1.46451E-07
77.5916667	2.55191E-07	4.14193E-07	1.11124E-10	1.45849E-07
77.7583333	2.57334E-07	4.14602E-07	-2.4097E-09	1.45142E-07
77.925	2.56828E-07	4.08034E-07	-1.48752E-09	1.46316E-07
78.0916667	2.60257E-07	4.10607E-07	-1.52615E-10	1.45936E-07
78.2583333	2.60192E-07	4.11972E-07	1.59579E-10	1.45871E-07
78.425	2.6226E-07	4.03914E-07	2.01235E-10	1.46599E-07
78.5916667	2.62639E-07	4.08926E-07	6.21409E-10	1.46517E-07
78.7583333	2.64135E-07	4.03187E-07	1.35491E-10	1.4599E-07
78.925	2.65807E-07	4.04757E-07	3.78597E-10	1.47154E-07
79.0916667	2.65812E-07	4.01755E-07	-9.4664E-10	1.46811E-07
79.2583333	2.66663E-07	4.0181E-07	-1.5302E-09	1.46021E-07
79.425	2.68325E-07	3.97213E-07	-4.6886E-10	1.47405E-07
79.5916667	2.69617E-07	3.97634E-07	2.77096E-10	1.46584E-07
79.7583333	2.71263E-07	4.00849E-07	1.92745E-10	1.4701E-07
79.925	2.72402E-07	3.98989E-07	-2.53656E-10	1.46881E-07
80.0916667	2.72908E-07	3.9866E-07	-6.30317E-10	1.46983E-07
80.2583333	2.7484E-07	4.01566E-07	-6.92226E-10	1.46456E-07
80.425	2.75411E-07	3.94613E-07	9.4454E-10	1.47428E-07
80.5916667	2.76496E-07	3.94968E-07	-1.45149E-10	1.48423E-07
80.7583333	2.76779E-07	3.94482E-07	-4.7449E-10	1.47279E-07
80.925	2.78119E-07	3.97649E-07	4.18331E-10	1.47379E-07
81.0916667	2.80408E-07	3.96958E-07	3.07802E-10	1.47649E-07
81.2583333	2.80686E-07	3.91383E-07	1.70546E-09	1.47529E-07
81.425	2.82248E-07	3.92166E-07	2.41717E-10	1.47026E-07
81.5916667	2.82146E-07	3.91687E-07	5.21824E-10	1.47279E-07
81.7583333	2.83962E-07	3.91536E-07	7.98175E-11	1.47066E-07
81.925	2.85546E-07	3.90453E-07	2.72627E-10	1.46972E-07
82.0916667	2.85623E-07	3.84747E-07	-1.61758E-10	1.48121E-07
82.2583333	2.85874E-07	3.90008E-07	-1.74153E-09	1.47447E-07
82.425	2.88165E-07	3.94667E-07	-5.94479E-10	1.47676E-07
82.5916667	2.88026E-07	3.87533E-07	2.86876E-10	1.47377E-07
82.7583333	2.89891E-07	3.85156E-07	2.90233E-09	1.47285E-07
82.925	2.90926E-07	3.84745E-07	1.20967E-09	1.47235E-07
83.0916667	2.9109E-07	3.82757E-07	1.39977E-09	1.48977E-07
83.2583333	2.92074E-07	3.84372E-07	3.56853E-10	1.46954E-07
83.425	2.93049E-07	3.86776E-07	-6.95369E-10	1.47338E-07
83.5916667	2.93624E-07	3.86098E-07	-6.02832E-10	1.48285E-07
83.7583333	2.95504E-07	3.81803E-07	5.67625E-10	1.48004E-07
83.925	2.95268E-07	3.84477E-07	1.60926E-10	1.48921E-07
84.0916667	2.9713E-07	3.83387E-07	3.57147E-11	1.47388E-07
84.2583333	2.97404E-07	3.80631E-07	-3.30174E-10	1.47719E-07
84.425	2.98219E-07	3.79953E-07	1.42426E-09	1.48509E-07
84.5916667	2.97832E-07	3.81463E-07	-2.04162E-10	1.48271E-07
84.7583333	3.00757E-07	3.77563E-07	5.35156E-10	1.48608E-07
84.925	3.00814E-07	3.80233E-07	1.00781E-09	1.4793E-07
85.0916667	3.01996E-07	3.81305E-07	-1.50319E-09	1.4789E-07
85.2583333	3.03198E-07	3.81039E-07	-3.77868E-10	1.48118E-07
85.425	3.02595E-07	3.80337E-07	-1.73844E-09	1.49628E-07
85.5916667	3.03398E-07	3.80192E-07	2.62347E-10	1.49292E-07
85.7583333	3.04866E-07	3.82617E-07	-1.33291E-09	1.48484E-07
85.925	3.05136E-07	3.73368E-07	4.05651E-10	1.48382E-07
86.0916667	3.05611E-07	3.75581E-07	-4.54293E-10	1.48604E-07
86.2583333	3.06536E-07	3.7849E-07	7.41606E-10	1.49176E-07
86.425	3.08586E-07	3.75683E-07	-6.6218E-10	1.4781E-07
86.5916667	3.0881E-07	3.77325E-07	-5.1567E-10	1.48589E-07
86.7583333	3.09344E-07	3.72957E-07	1.38527E-09	1.47864E-07
86.925	3.10934E-07	3.74498E-07	1.00613E-10	1.48205E-07
87.0916667	3.11732E-07	3.76796E-07	9.12626E-11	1.47526E-07
87.2583333	3.11522E-07	3.71753E-07	-2.55823E-10	1.48174E-07
87.425	3.11957E-07	3.77603E-07	-1.38895E-10	1.47768E-07
87.5916667	3.11699E-07	3.74435E-07	-5.13809E-10	1.48769E-07
87.7583333	3.14212E-07	3.73591E-07	-3.53924E-10	1.48403E-07
87.925	3.13541E-07	3.73071E-07	-4.02121E-10	1.4888E-07
88.0916667	3.1467E-07	3.7318E-07	-8.4245E-10	1.49076E-07
88.2583333	3.15342E-07	3.7943E-07	1.02442E-09	1.47877E-07
88.425	3.16018E-07	3.69146E-07	-1.13263E-09	1.48052E-07
88.5916667	3.16328E-07	3.6981E-07	3.62508E-10	1.47597E-07
88.7583333	3.18289E-07	3.67359E-07	-1.09266E-09	1.49238E-07
88.925	3.18329E-07	3.70707E-07	-1.08258E-09	1.48862E-07
89.0916667	3.19172E-07	3.72828E-07	2.54085E-10	1.47738E-07
89.2583333	3.18869E-07	3.7068E-07	-2.47139E-10	1.488E-07
89.425	3.19218E-07	3.72486E-07	1.19732E-09	1.49181E-07
89.5916667	3.21122E-07	3.73518E-07	-1.06091E-09	1.49017E-07
89.7583333	3.20908E-07	3.74386E-07	-6.93E-10	1.49228E-07
89.925	3.20992E-07	3.70279E-07	5.32444E-10	1.49248E-07
90.0916667	3.218E-07	3.72606E-07	2.37982E-10	1.4936E-07
90.2583333	3.22878E-07	3.71158E-07	-3.65749E-10	1.50121E-07
90.425	3.23473E-07	3.67671E-07	-1.29194E-09	1.49957E-07
90.5916667	3.24149E-07	3.67766E-07	4.77432E-10	1.49257E-07
90.7583333	3.24016E-07	3.64969E-07	3.71609E-10	1.51402E-07
90.925	3.25295E-07	3.64842E-07	4.99787E-10	1.48843E-07
91.0916667	3.2622E-07	3.67907E-07	6.09547E-10	1.49702E-07
91.2583333	3.27039E-07	3.6763E-07	-4.85818E-10	1.48939E-07
91.425	3.27481E-07	3.6208E-07	2.76085E-11	1.49685E-07
91.5916667	3.27122E-07	3.62768E-07	-8.98173E-10	1.48721E-07
91.7583333	3.27652E-07	3.63927E-07	-7.1527E-10	1.49E-07
91.925	3.28607E-07	3.64363E-07	-4.27148E-10	1.50339E-07
92.0916667	3.2997E-07	3.66648E-07	1.04567E-09	1.48834E-07
92.2583333	3.29914E-07	3.66469E-07	9.26825E-10	1.47926E-07
92.425	3.30372E-07	3.65879E-07	3.55912E-10	1.49331E-07
92.5916667	3.29924E-07	3.60284E-07	5.90192E-10	1.4749E-07
92.7583333	3.3155E-07	3.68182E-07	-2.80591E-10	1.49403E-07
92.925	3.31818E-07	3.66361E-07	1.07507E-09	1.48265E-07
93.0916667	3.32595E-07	3.64955E-07	-1.10898E-09	1.49221E-07
93.2583333	3.31597E-07	3.62261E-07	-7.22955E-10	1.48803E-07
93.425	3.32849E-07	3.63217E-07	-1.68744E-09	1.4941E-07
93.5916667	3.34128E-07	3.65812E-07	-6.2836E-10	1.50736E-07
93.7583333	3.34816E-07	3.63545E-07	-1.87023E-09	1.48869E-07
93.925	3.35256E-07	3.64328E-07	1.31096E-09	1.50011E-07
94.0916667	3.35505E-07	3.60272E-07	-6.73122E-10	1.49738E-07
94.2583333	3.35645E-07	3.62866E-07	-5.20892E-10	1.4947E-07
94.425	3.36541E-07	3.6231E-07	1.73146E-09	1.49457E-07
94.5916667	3.37494E-07	3.57309E-07	-2.88933E-10	1.49402E-07
94.7583333	3.37018E-07	3.61305E-07	-1.11487E-09	1.49983E-07
94.925	3.37356E-07	3.6071E-07	1.17259E-09	1.49476E-07
95.0916667	3.38522E-07	3.62021E-07	-2.03886E-09	1.49613E-07
95.2583333	3.37456E-07	3.60564E-07	8.67815E-10	1.49566E-07
95.425	3.3931E-07	3.56833E-07	-7.88342E-11	1.50575E-07
95.5916667	3.39654E-07	3.59401E-07	-6.86082E-10	1.5009E-07
95.7583333	3.39986E-07	3.63888E-07	1.57349E-09	1.4847E-07
95.925	3.40272E-07	3.61612E-07	-1.11923E-10	1.49855E-07
96.0916667	3.4091E-07	3.63714E-07	-1.16149E-09	1.49416E-07
96.2583333	3.40838E-07	3.58624E-07	-3.94304E-10	1.50512E-07
96.425	3.42019E-07	3.57441E-07	-1.33254E-10	1.49562E-07
96.5916667	3.41575E-07	3.62569E-07	-3.03757E-10	1.50709E-07
96.7583333	3.42743E-07	3.61563E-07	-6.41746E-10	1.49829E-07
96.925	3.42644E-07	3.59841E-07	7.95798E-11	1.49767E-07
97.0916667	3.428E-07	3.57391E-07	-3.13128E-10	1.49732E-07
97.2583333	3.43817E-07	3.60017E-07	-5.68448E-10	1.49765E-07
97.425	3.44258E-07	3.60473E-07	-6.78775E-10	1.50304E-07
97.5916667	3.43544E-07	3.60798E-07	6.53368E-10	1.50196E-07
97.7583333	3.4492E-07	3.62564E-07	6.98888E-10	1.50303E-07
97.925	3.44668E-07	3.59575E-07	-3.60908E-10	1.50702E-07
98.0916667	3.45534E-07	3.62121E-07	-7.68563E-10	1.49778E-07
98.2583333	3.4536E-07	3.60609E-07	6.09881E-10	1.51325E-07
98.425	3.46001E-07	3.58212E-07	7.45365E-10	1.50295E-07
98.5916667	3.47035E-07	3.62756E-07	-9.39794E-11	1.51626E-07
98.7583333	3.46672E-07	3.61422E-07	1.01894E-09	1.49788E-07
98.925	3.47313E-07	3.55653E-07	2.1803E-10	1.50272E-07
99.0916667	3.47986E-07	3.59834E-07	3.57986E-10	1.50027E-07
99.2583333	3.48486E-07	3.59352E-07	1.72366E-09	1.50925E-07
99.425	3.48583E-07	3.61653E-07	-3.70377E-10	1.50554E-07
99.5916667	3.50036E-07	3.57194E-07	-7.02483E-10	1.49647E-07
99.7583333	3.49851E-07	3.56555E-07	-2.21893E-10	1.49021E-07
99.925	3.50785E-07	3.5823E-07	1.57054E-09	1.511E-07
100.091667	3.49796E-07	3.52845E-07	1.23697E-09	1.51252E-07
100.258333	3.50562E-07	3.584E-07	1.30731E-09	1.50909E-07
100.425	3.51247E-07	3.56672E-07	7.15808E-10	1.49979E-07
100.591667	3.5176E-07	3.56433E-07	-6.36189E-10	1.50372E-07
100.758333	3.51144E-07	3.56961E-07	-6.01951E-10	1.51029E-07
100.925	3.5194E-07	3.60476E-07	-1.92966E-10	1.50096E-07
101.091667	3.52431E-07	3.60679E-07	-1.11718E-09	1.51208E-07
101.258333	3.51697E-07	3.57047E-07	6.12753E-10	1.50701E-07
101.425	3.2954E-07	3.81684E-07	-9.25537E-10	1.41179E-07
101.591667	2.72759E-07	4.52459E-07	-1.76337E-10	1.21101E-07
101.758333	2.2441E-07	5.35699E-07	-3.31013E-10	1.04303E-07
101.925	1.83923E-07	6.33913E-07	-1.22532E-09	9.09097E-08
102.091667	1.50093E-07	7.43101E-07	-8.17092E-10	8.16184E-08
102.258333	1.21988E-07	8.69545E-07	-2.22508E-09	7.38183E-08
102.425	9.93493E-08	9.92521E-07	-3.48818E-09	6.62845E-08
102.591667	8.13844E-08	1.13379E-06	-1.97821E-09	5.79807E-08
102.758333	6.60603E-08	1.2743E-06	-1.70913E-09	5.40506E-08
102.925	5.2932E-08	1.4232E-06	-4.07801E-09	4.94221E-08
103.091667	4.30864E-08	1.58345E-06	-2.17404E-09	4.39596E-08
103.258333	3.555E-08	1.74633E-06	-3.16116E-09	4.09107E-08
103.425	2.97571E-08	1.92187E-06	-2.35045E-09	3.74255E-08
103.591667	2.43209E-08	2.10409E-06	-1.59993E-09	3.51518E-08
103.758333	1.91074E-08	2.29598E-06	-7.45542E-10	3.14306E-08
103.925	1.6377E-08	2.49111E-06	-2.1687E-09	2.94343E-08
104.091667	1.41503E-08	2.71088E-06	-1.31186E-09	2.66967E-08
104.258333	1.11516E-08	2.9382E-06	-1.53803E-10	2.48436E-08
104.425	8.78652E-09	3.17711E-06	-1.81306E-09	2.32545E-08
104.591667	8.15864E-09	3.4209E-06	-4.02266E-10	2.08017E-08
104.758333	6.72222E-09	3.68101E-06	3.02018E-10	1.85623E-08
104.925	5.08787E-09	3.94589E-06	2.49985E-09	1.63939E-08
105.091667	5.28786E-09	4.22037E-06	1.87003E-09	1.50439E-08
105.258333	3.3899E-09	4.49905E-06	6.92128E-09	1.32321E-08
105.425	3.60609E-09	4.78641E-06	7.19482E-09	1.00413E-08
105.591667	1.94458E-09	5.05859E-06	1.09345E-08	1.02136E-08
105.758333	2.69269E-09	5.32164E-06	1.23929E-08	9.37579E-09
105.925	1.4717E-09	5.55447E-06	1.61055E-08	6.47554E-09
106.091667	1.49729E-09	5.79401E-06	2.03669E-08	5.63243E-09
106.258333	1.83282E-09	6.00026E-06	2.39462E-08	4.91135E-09
106.425	5.87857E-10	6.18296E-06	3.01435E-08	3.56022E-09
106.591667	6.47699E-10	6.33108E-06	3.50226E-08	2.44384E-09
106.758333	-3.64857E-10	6.46922E-06	4.05531E-08	1.22783E-09
106.925	8.75975E-11	6.55968E-06	4.76985E-08	8.91893E-10
107.091667	1.51652E-09	6.641E-06	5.48309E-08	9.1041E-10
107.258333	4.49015E-10	6.69973E-06	6.08374E-08	1.96682E-10
107.425	2.61986E-10	6.7287E-06	6.93378E-08	-1.34948E-10
107.591667	8.61204E-10	6.75945E-06	7.58798E-08	2.60681E-10
107.758333	7.47699E-10	6.77366E-06	8.38534E-08	2.00459E-10
107.925	-1.64337E-11	6.78166E-06	8.99335E-08	-6.9179E-10
108.091667	-2.28972E-11	6.78533E-06	9.42115E-08	-8.3485E-12
108.258333	-7.93888E-10	6.79022E-06	9.82657E-08	-5.48838E-10
108.425	-3.06562E-11	6.78896E-06	1.03397E-07	-2.28003E-10
108.591667	-5.2603E-10	6.78867E-06	1.07952E-07	-6.72703E-11
108.758333	4.40166E-10	6.789E-06	1.13113E-07	-2.29719E-09
108.925	1.02976E-10	6.78363E-06	1.15503E-07	4.00758E-10
109.091667	-8.15541E-10	6.77884E-06	1.19506E-07	-8.04042E-10
109.258333	-6.3487E-10	6.78082E-06	1.23086E-07	-2.70092E-10
109.425	-7.32475E-10	6.7807E-06	1.25367E-07	-2.21101E-09
109.591667	-4.50287E-10	6.768E-06	1.28869E-07	-3.88407E-10
109.758333	-2.22234E-10	6.77544E-06	1.30478E-07	-7.19E-10
109.925	-3.46878E-10	6.77484E-06	1.3256E-07	-6.54132E-10
110.091667	1.54246E-10	6.76906E-06	1.3489E-07	-2.44413E-10
110.258333	-1.13357E-09	6.76928E-06	1.34981E-07	-6.35483E-10
110.425	-1.84874E-10	6.76544E-06	1.36055E-07	-1.8042E-09
110.591667	-1.13198E-09	6.75501E-06	1.3784E-07	-6.22421E-10
110.758333	-5.72518E-10	6.7641E-06	1.39482E-07	-4.79145E-10
110.925	-5.21207E-10	6.76683E-06	1.40689E-07	1.06326E-10
111.091667	-9.77676E-10	6.76322E-06	1.42348E-07	-6.51395E-10
111.258333	4.41282E-10	6.76418E-06	1.41705E-07	7.45796E-10
111.425	-9.67729E-10	6.75926E-06	1.4309E-07	5.31708E-10
111.591667	1.63946E-10	6.76628E-06	1.43757E-07	1.28058E-10
111.758333	-1.27154E-10	6.76705E-06	1.43308E-07	-9.00901E-10
111.925	4.66006E-11	6.75826E-06	1.44397E-07	-1.07939E-09
112.091667	-2.3575E-10	6.75779E-06	1.4506E-07	-1.70008E-09
112.258333	-7.83843E-10	6.76543E-06	1.44798E-07	-1.18953E-09
112.425	-8.46949E-10	6.75499E-06	1.43461E-07	9.95528E-11
112.591667	-9.65392E-10	6.75572E-06	1.44438E-07	-9.47306E-10
112.758333	-1.96044E-10	6.76946E-06	1.45443E-07	-1.36756E-09
112.925	1.40617E-10	6.76653E-06	1.4423E-07	-1.62E-09
113.091667	-1.69075E-09	6.75222E-06	1.44789E-07	-3.42584E-11
113.258333	-6.85164E-10	6.75459E-06	1.4559E-07	2.92214E-10
113.425	-1.75015E-09	6.75539E-06	1.46552E-07	-7.64839E-10
113.591667	2.75454E-10	6.76285E-06	1.46564E-07	-1.81342E-10
113.758333	1.569E-10	6.75892E-06	1.45927E-07	-3.22471E-10
113.925	-8.71047E-10	6.75324E-06	1.45142E-07	-6.73353E-10
114.091667	-5.96455E-10	6.75546E-06	1.46546E-07	-9.42338E-10
114.258333	-3.93651E-10	6.75325E-06	1.47225E-07	-3.33492E-10
114.425	5.01096E-11	6.76307E-06	1.46568E-07	-1.08992E-09
114.591667	-3.23557E-10	6.75815E-06	1.45736E-07	-9.27603E-10
114.758333	-8.23707E-10	6.76812E-06	1.46251E-07	-5.01427E-10
114.925	-7.03823E-10	6.76377E-06	1.45571E-07	-4.68511E-10
115.091667	-7.58541E-10	6.76098E-06	1.45918E-07	-9.75166E-10
115.258333	-6.61344E-10	6.75854E-06	1.46954E-07	-1.14701E-09
115.425	-9.85917E-10	6.76258E-06	1.46404E-07	-1.14623E-09
115.591667	-4.54104E-10	6.75705E-06	1.47114E-07	4.04936E-11
115.758333	-2.00564E-10	6.75141E-06	1.46112E-07	6.18457E-10
115.925	1.20136E-11	6.76261E-06	1.45228E-07	-6.94265E-10
116.091667	7.28801E-10	6.74765E-06	1.47713E-07	-5.44938E-10
116.258333	-3.2496E-10	6.76145E-06	1.47619E-07	6.23772E-11
116.425	-8.28936E-10	6.75528E-06	1.4578E-07	1.80302E-10
116.591667	2.42332E-10	6.75247E-06	1.48219E-07	-8.28605E-10
116.758333	-5.48069E-10	6.66733E-06	1.45652E-07	8.05081E-10
116.925	-2.05161E-10	6.93645E-06	3.93619E-07	3.36824E-10
117.091667	-1.5517E-09	5.01309E-06	1.51733E-06	-8.91236E-12
117.258333	-1.27993E-09	4.07013E-06	2.39296E-06	-2.15381E-10
117.425	-1.5909E-09	3.725E-06	2.80676E-06	-1.90778E-09
117.591667	-1.07165E-09	3.61005E-06	3.04652E-06	-9.86136E-10
117.758333	-3.24389E-10	3.54609E-06	3.1718E-06	-1.33267E-09
117.925	-1.72091E-09	3.50777E-06	3.26541E-06	-7.01239E-10
118.091667	-1.13352E-09	3.48122E-06	3.31281E-06	-6.62891E-10
118.258333	-1.61323E-09	3.46516E-06	3.3507E-06	-1.77143E-09
118.425	-1.60476E-09	3.44927E-06	3.37234E-06	-1.65966E-09
118.591667	-1.17123E-09	3.43946E-06	3.39019E-06	-1.04943E-09
118.758333	-2.43208E-09	3.44289E-06	3.39735E-06	-9.22125E-10
118.925	-1.39591E-09	3.4375E-06	3.40497E-06	-1.30346E-09
119.091667	-1.36878E-09	3.43164E-06	3.41419E-06	-7.29784E-10
119.258333	-2.41593E-09	3.43282E-06	3.41209E-06	-1.00627E-09
119.425	-2.05912E-09	3.4281E-06	3.41872E-06	-2.07977E-09
119.591667	-1.39295E-09	3.42483E-06	3.42439E-06	-1.90708E-09
119.758333	-1.74507E-09	3.42828E-06	3.42532E-06	-1.75281E-09
119.925	-1.60584E-09	3.4267E-06	3.4254E-06	-2.93843E-09
120.091667	-1.43082E-09	3.42005E-06	3.42718E-06	-1.35503E-09
120.258333	-1.59724E-09	3.42615E-06	3.42989E-06	-1.41424E-09
120.425	-2.19713E-09	3.42377E-06	3.4309E-06	-1.05208E-09
120.591667	-1.58861E-09	3.42129E-06	3.42839E-06	-1.71024E-09
120.758333	-2.17554E-09	3.4223E-06	3.43261E-06	-1.24617E-09
120.925	-1.91876E-09	3.42579E-06	3.43722E-06	-9.46248E-11
121.091667	-9.28163E-10	3.42511E-06	3.43437E-06	-3.10822E-09
121.258333	-1.17427E-09	3.42238E-06	3.43458E-06	-9.26077E-10
121.425	-1.18306E-09	3.42147E-06	3.42957E-06	-1.10154E-09
121.591667	-2.52117E-09	3.41897E-06	3.43198E-06	-2.12205E-09
121.758333	-1.05791E-09	3.42061E-06	3.43849E-06	-1.74672E-09
121.925	-4.86853E-10	3.42136E-06	3.43415E-06	-1.34582E-09
122.091667	-1.67051E-09	3.41981E-06	3.43375E-06	-1.72033E-09
122.258333	-1.27245E-09	3.42311E-06	3.43435E-06	-1.01363E-09
122.425	-1.38669E-09	3.42314E-06	3.43904E-06	-1.32153E-09
122.591667	-1.76952E-09	3.42599E-06	3.43773E-06	-6.37077E-10
122.758333	-2.77175E-09	3.41698E-06	3.43814E-06	-2.37749E-10
122.925	-1.9868E-09	3.42679E-06	3.43872E-06	-2.14039E-09
123.091667	-1.92398E-09	3.41765E-06	3.44393E-06	-8.78978E-10
123.258333	-1.78612E-09	3.41978E-06	3.43888E-06	-1.75222E-09
123.425	-2.25221E-09	3.42157E-06	3.44949E-06	-1.93654E-09
123.591667	-1.23419E-09	3.42873E-06	3.44584E-06	-2.24834E-09
123.758333	-2.51624E-09	3.42048E-06	3.44403E-06	-1.87609E-09
123.925	-2.07904E-09	3.41616E-06	3.44104E-06	3.28916E-10
124.091667	-1.01042E-09	3.41691E-06	3.44072E-06	-1.74903E-09
124.258333	-2.00562E-09	3.41778E-06	3.44234E-06	-1.01038E-09
124.425	-1.48319E-09	3.41646E-06	3.4439E-06	-1.01375E-09
124.591667	-2.48363E-09	3.4202E-06	3.43997E-06	-1.20899E-09
124.758333	-2.18687E-09	3.4142E-06	3.44993E-06	-1.32626E-09
124.925	-1.48684E-09	3.4204E-06	3.44653E-06	-4.94167E-10
125.091667	-1.9003E-09	3.42585E-06	3.44584E-06	-1.88197E-09
125.258333	-1.04619E-09	3.41995E-06	3.44653E-06	-5.16192E-10
125.425	-1.70754E-09	3.41747E-06	3.45602E-06	3.15395E-10
125.591667	-1.24426E-09	3.4184E-06	3.45313E-06	-2.37714E-09
125.758333	-2.15801E-09	3.4149E-06	3.45626E-06	-1.58486E-09
125.925	-1.44696E-09	3.41393E-06	3.45904E-06	-1.38441E-09
126.091667	-1.2693E-09	3.41836E-06	3.45106E-06	-1.05405E-09
126.258333	-2.41544E-09	3.41213E-06	3.45646E-06	-7.80327E-10
126.425	-2.56294E-09	3.41381E-06	3.45362E-06	-2.28112E-09
126.591667	-9.73682E-10	3.41324E-06	3.45319E-06	-1.10085E-09
126.758333	-9.09061E-10	3.41345E-06	3.44548E-06	-1.38748E-09
126.925	-1.61449E-09	3.41272E-06	3.45361E-06	-2.01878E-09
127.091667	-2.01765E-09	3.41435E-06	3.45274E-06	-1.10874E-09
127.258333	-2.47062E-09	3.41272E-06	3.45309E-06	-2.23475E-09
127.425	-2.26076E-09	3.41746E-06	3.45613E-06	-1.01917E-09
127.591667	-2.18339E-09	3.41789E-06	3.45177E-06	-1.36114E-09
127.758333	-2.1321E-09	3.41415E-06	3.45701E-06	-3.00149E-09
127.925	-1.78836E-09	3.41502E-06	3.45403E-06	-1.59761E-09
128.091667	-2.34516E-09	3.41266E-06	3.45415E-06	-2.73424E-09
128.258333	-1.39961E-09	3.41898E-06	3.45421E-06	-1.71525E-10
128.425	-2.35256E-09	3.41659E-06	3.45211E-06	-1.53376E-09
128.591667	-1.76473E-09	3.41165E-06	3.45333E-06	-2.26912E-09
128.758333	-1.68923E-09	3.41489E-06	3.45467E-06	-5.31512E-10
128.925	-1.80779E-09	3.41015E-06	3.45056E-06	6.347E-12
129.091667	-1.67025E-09	3.4156E-06	3.4558E-06	2.63578E-10
129.258333	-1.14771E-09	3.4112E-06	3.4508E-06	-1.22222E-09
129.425	-1.09858E-09	3.4108E-06	3.45132E-06	-1.74777E-09
129.591667	-2.23215E-09	3.41465E-06	3.45502E-06	-2.6504E-09
129.758333	-2.2327E-09	3.4175E-06	3.45068E-06	-2.80787E-09
129.925	-3.40704E-09	3.41575E-06	3.45511E-06	-1.63696E-09
130.091667	-1.97117E-09	3.41055E-06	3.45547E-06	-2.28145E-09
130.258333	-1.33721E-09	3.41452E-06	3.44799E-06	-2.42777E-09
130.425	-7.20158E-10	2.48548E-06	2.71881E-06	5.40509E-08
130.591667	1.21674E-09	1.39475E-06	1.78404E-06	1.27836E-07
130.758333	1.1543E-09	1.08507E-06	1.39307E-06	1.56195E-07
130.925	2.66103E-09	9.33807E-07	1.14244E-06	1.70705E-07
131.091667	3.76971E-09	8.44546E-07	9.59244E-07	1.82214E-07
131.258333	4.89782E-09	7.82727E-07	8.32739E-07	1.89785E-07
131.425	6.16608E-09	7.31097E-07	7.31498E-07	1.93769E-07
131.591667	7.78777E-09	6.93221E-07	6.49312E-07	1.98784E-07
131.758333	7.58985E-09	6.63565E-07	5.84106E-07	2.0188E-07
131.925	8.86328E-09	6.34429E-07	5.31278E-07	2.05158E-07
132.091667	8.52261E-09	6.18017E-07	4.86954E-07	2.08405E-07
132.258333	1.04329E-08	5.96001E-07	4.49242E-07	2.10056E-07
132.425	1.12156E-08	5.71573E-07	4.15531E-07	2.11887E-07
132.591667	1.22854E-08	5.61922E-07	3.8784E-07	2.14586E-07
132.758333	1.27916E-08	5.45963E-07	3.62945E-07	2.15867E-07
132.925	1.33536E-08	5.33271E-07	3.43595E-07	2.18438E-07
133.091667	1.43843E-08	5.21835E-07	3.23246E-07	2.19551E-07
133.258333	1.45398E-08	5.04471E-07	3.05931E-07	2.20906E-07
133.425	1.55294E-08	4.99216E-07	2.91425E-07	2.21652E-07
133.591667	1.60793E-08	4.83465E-07	2.77511E-07	2.22543E-07
133.758333	1.68889E-08	4.79329E-07	2.64821E-07	2.21971E-07
133.925	1.71358E-08	4.67784E-07	2.55137E-07	2.25117E-07
134.091667	1.75455E-08	4.57749E-07	2.43446E-07	2.25533E-07
134.258333	1.88252E-08	4.4713E-07	2.3328E-07	2.27319E-07
134.425	2.03412E-08	4.36531E-07	2.23425E-07	2.26941E-07
134.591667	2.06513E-08	4.33496E-07	2.15533E-07	2.2757E-07
134.758333	1.97819E-08	4.22514E-07	2.09525E-07	2.30851E-07
134.925	2.10329E-08	4.17378E-07	2.02137E-07	2.29952E-07
135.091667	2.1601E-08	4.07216E-07	1.97898E-07	2.32033E-07
135.258333	2.28472E-08	4.02478E-07	1.92502E-07	2.34067E-07
135.425	2.27663E-08	3.91395E-07	1.87022E-07	2.33313E-07
135.591667	2.39655E-08	3.90437E-07	1.8223E-07	2.33851E-07
135.758333	2.40806E-08	3.87742E-07	1.75261E-07	2.34815E-07
135.925	2.54402E-08	3.73805E-07	1.69167E-07	2.34468E-07
136.091667	2.55683E-08	3.69986E-07	1.66026E-07	2.34345E-07
136.258333	2.71109E-08	3.65216E-07	1.62376E-07	2.34357E-07
136.425	2.70948E-08	3.54535E-07	1.58137E-07	2.35495E-07
136.591667	2.81822E-08	3.53776E-07	1.54685E-07	2.37534E-07
136.758333	2.82944E-08	3.45545E-07	1.49943E-07	2.3845E-07
136.925	2.82196E-08	3.4045E-07	1.46708E-07	2.37955E-07
137.091667	2.96611E-08	3.33698E-07	1.44739E-07	2.39738E-07
137.258333	3.01041E-08	3.34835E-07	1.42175E-07	2.39091E-07
137.425	3.07761E-08	3.29874E-07	1.39305E-07	2.40967E-07
137.591667	3.21771E-08	3.26631E-07	1.35365E-07	2.40149E-07
137.758333	3.24777E-08	3.20049E-07	1.34409E-07	2.39907E-07
137.925	3.28771E-08	3.14363E-07	1.30876E-07	2.40839E-07
138.091667	3.32245E-08	3.10456E-07	1.27465E-07	2.4084E-07
138.258333	3.47164E-08	3.08916E-07	1.26533E-07	2.41482E-07
138.425	3.47868E-08	3.06223E-07	1.22257E-07	2.43348E-07
138.591667	3.59495E-08	2.98784E-07	1.22133E-07	2.42084E-07
138.758333	3.61421E-08	2.96904E-07	1.19645E-07	2.42008E-07
138.925	3.7245E-08	2.88864E-07	1.18334E-07	2.41866E-07
139.091667	3.75226E-08	2.89377E-07	1.17344E-07	2.41881E-07
139.258333	3.7699E-08	2.81127E-07	1.12769E-07	2.43518E-07
139.425	3.89304E-08	2.83279E-07	1.12397E-07	2.44555E-07
139.591667	3.86926E-08	2.78341E-07	1.10834E-07	2.4553E-07
139.758333	3.88665E-08	2.788E-07	1.0929E-07	2.43085E-07
139.925	3.99649E-08	2.73646E-07	1.07871E-07	2.43229E-07
140.091667	4.12923E-08	2.7008E-07	1.07996E-07	2.4373E-07
140.258333	4.20439E-08	2.63484E-07	1.05709E-07	2.44873E-07
140.425	4.23129E-08	2.64656E-07	1.04064E-07	2.45284E-07
140.591667	4.27863E-08	2.5899E-07	1.02484E-07	2.44724E-07
140.758333	4.28515E-08	2.58225E-07	1.00084E-07	2.44972E-07
140.925	4.40899E-08	2.55823E-07	1.01049E-07	2.46397E-07
141.091667	4.4921E-08	2.52615E-07	9.94196E-08	2.44932E-07
141.258333	4.59572E-08	2.51679E-07	9.89122E-08	2.45075E-07
141.425	4.60632E-08	2.51391E-07	9.66703E-08	2.47261E-07
141.591667	4.7101E-08	2.50102E-07	9.54114E-08	2.46145E-07
141.758333	4.81472E-08	2.43326E-07	9.43767E-08	2.46704E-07
141.925	4.80996E-08	2.41119E-07	9.34846E-08	2.48225E-07
142.091667	4.96581E-08	2.38826E-07	9.27139E-08	2.47088E-07
142.258333	4.92177E-08	2.35877E-07	9.20217E-08	2.47581E-07
142.425	5.01721E-08	2.33154E-07	9.01713E-08	2.48381E-07
142.591667	5.07038E-08	2.32138E-07	8.93635E-08	2.48904E-07
142.758333	5.08078E-08	2.31076E-07	8.88081E-08	2.48346E-07
142.925	5.18762E-08	2.3104E-07	8.74406E-08	2.47559E-07
143.091667	5.29533E-08	2.24867E-07	8.5712E-08	2.4828E-07
143.258333	5.34139E-08	2.26431E-07	8.55775E-08	2.48477E-07
143.425	5.34054E-08	2.25635E-07	8.4945E-08	2.49551E-07
143.591667	5.46238E-08	2.20246E-07	8.54575E-08	2.49927E-07
143.758333	5.52502E-08	2.20375E-07	8.51203E-08	2.49075E-07
143.925	5.47991E-08	2.19123E-07	8.3506E-08	2.49139E-07
144.091667	5.60509E-08	2.15734E-07	8.28118E-08	2.50647E-07
144.258333	5.6504E-08	2.16855E-07	8.256E-08	2.51466E-07
144.425	5.7042E-08	2.11629E-07	8.12934E-08	2.5081E-07
144.591667	5.81644E-08	2.0898E-07	8.05543E-08	2.51875E-07
144.758333	5.92297E-08	2.08486E-07	8.01367E-08	2.50662E-07
144.925	6.04447E-08	2.03775E-07	7.96548E-08	2.50637E-07
145.091667	6.0671E-08	2.06722E-07	7.92382E-08	2.518E-07
145.258333	6.08475E-08	2.06417E-07	7.71933E-08	2.51521E-07
145.425	6.15907E-08	2.04805E-07	8.068E-08	2.51816E-07
145.591667	6.24714E-08	1.99944E-07	7.83217E-08	2.51216E-07
145.758333	6.28093E-08	2.01654E-07	7.69997E-08	2.5162E-07
145.925	6.4987E-08	1.99609E-07	7.5817E-08	2.50502E-07
146.091667	6.47994E-08	1.95881E-07	7.65975E-08	2.51602E-07
146.258333	6.62268E-08	1.92822E-07	7.52572E-08	2.51533E-07
146.425	6.6981E-08	1.95961E-07	7.59377E-08	2.52626E-07
146.591667	6.6321E-08	1.90021E-07	7.50909E-08	2.50594E-07
146.758333	6.61653E-08	1.89291E-07	7.55277E-08	2.53302E-07
146.925	6.71748E-08	1.92042E-07	7.55846E-08	2.51807E-07
147.091667	6.80324E-08	1.88644E-07	7.30296E-08	2.50988E-07
147.258333	6.8368E-08	1.88576E-07	7.46209E-08	2.52088E-07
147.425	6.95649E-08	1.87494E-07	7.26814E-08	2.53349E-07
147.591667	6.98069E-08	1.85077E-07	7.35442E-08	2.52018E-07
147.758333	7.11411E-08	1.86023E-07	7.2743E-08	2.53164E-07
147.925	7.1437E-08	1.84142E-07	7.12583E-08	2.52778E-07
148.091667	7.21552E-08	1.82616E-07	7.2236E-08	2.53711E-07
148.258333	7.3032E-08	1.80802E-07	7.20456E-08	2.53071E-07
148.425	7.3592E-08	1.80295E-07	7.10048E-08	2.53442E-07
148.591667	7.43142E-08	1.79879E-07	7.05583E-08	2.52769E-07
148.758333	7.47352E-08	1.82111E-07	7.06124E-08	2.52033E-07
148.925	7.59946E-08	1.75709E-07	6.82607E-08	2.52704E-07
149.091667	7.68089E-08	1.75029E-07	6.97631E-08	2.53306E-07
149.258333	7.60445E-08	1.75805E-07	7.08584E-08	2.53096E-07
149.425	7.77718E-08	1.7364E-07	6.97887E-08	2.53219E-07
149.591667	7.9239E-08	1.70544E-07	6.88342E-08	2.54145E-07
149.758333	7.82212E-08	1.73336E-07	6.93713E-08	2.53182E-07
149.925	7.94303E-08	1.70931E-07	6.84777E-08	2.5398E-07
150.091667	8.15142E-08	1.70198E-07	6.80123E-08	2.5259E-07
150.258333	8.15928E-08	1.68703E-07	6.78416E-08	2.53363E-07
150.425	8.16091E-08	1.70564E-07	6.89433E-08	2.53329E-07
150.591667	8.25093E-08	1.68649E-07	6.73602E-08	2.55082E-07
150.758333	8.3496E-08	1.69094E-07	6.65937E-08	2.54625E-07
150.925	8.36271E-08	1.63226E-07	6.55663E-08	2.54107E-07
151.091667	8.54257E-08	1.6553E-07	6.82247E-08	2.53142E-07
151.258333	8.52644E-08	1.66004E-07	6.58191E-08	2.54489E-07
151.425	8.6877E-08	1.58198E-07	6.65091E-08	2.54311E-07
151.591667	8.64705E-08	1.60889E-07	6.71831E-08	2.54919E-07
151.758333	8.73134E-08	1.63648E-07	6.80374E-08	2.5509E-07
151.925	8.71773E-08	1.59189E-07	6.37441E-08	2.5365E-07
152.091667	8.92751E-08	1.62402E-07	6.40602E-08	2.54398E-07
152.258333	8.91391E-08	1.57473E-07	6.50339E-08	2.55417E-07
152.425	8.99562E-08	1.58889E-07	6.52073E-08	2.5517E-07
152.591667	9.11457E-08	1.58647E-07	6.66973E-08	2.54593E-07
152.758333	9.23159E-08	1.58926E-07	6.43009E-08	2.5552E-07
152.925	9.22138E-08	1.52318E-07	6.47781E-08	2.55139E-07
153.091667	9.34183E-08	1.54813E-07	6.62607E-08	2.5548E-07
153.258333	9.36453E-08	1.57475E-07	6.43842E-08	2.5746E-07
153.425	9.52268E-08	1.55304E-07	6.50446E-08	2.56693E-07
153.591667	9.48414E-08	1.53855E-07	6.39576E-08	2.56458E-07
153.758333	9.56009E-08	1.49434E-07	6.49503E-08	2.55502E-07
153.925	9.71862E-08	1.53753E-07	6.62097E-08	2.55293E-07
154.091667	9.76652E-08	1.55355E-07	6.25934E-08	2.56284E-07
154.258333	9.83157E-08	1.50814E-07	6.40006E-08	2.55585E-07
154.425	9.91928E-08	1.47863E-07	6.36254E-08	2.56184E-07
154.591667	9.94074E-08	1.49453E-07	6.35584E-08	2.55167E-07
154.758333	1.00609E-07	1.42117E-07	6.22215E-08	2.55894E-07
154.925	1.01287E-07	1.5273E-07	6.26049E-08	2.56689E-07
155.091667	1.01674E-07	1.46644E-07	6.25693E-08	2.55851E-07
155.258333	1.02645E-07	1.48257E-07	6.38316E-08	2.56591E-07
155.425	1.04065E-07	1.45426E-07	6.34188E-08	2.57008E-07
155.591667	1.04128E-07	1.43395E-07	6.1502E-08	2.57626E-07
155.758333	1.04552E-07	1.43225E-07	6.25784E-08	2.57327E-07
155.925	1.04202E-07	1.44466E-07	6.34846E-08	2.57145E-07
156.091667	1.06292E-07	1.47532E-07	6.14989E-08	2.56597E-07
156.258333	1.07321E-07	1.40769E-07	6.3193E-08	2.55834E-07
156.425	1.08598E-07	1.42866E-07	6.30612E-08	2.57244E-07
156.591667	1.0871E-07	1.39005E-07	6.35115E-08	2.5765E-07
156.758333	1.09439E-07	1.37304E-07	6.02361E-08	2.56641E-07
156.925	1.09821E-07	1.3723E-07	6.14724E-08	2.56858E-07
157.091667	1.10196E-07	1.43623E-07	6.24971E-08	2.56763E-07
157.258333	1.11008E-07	1.43341E-07	6.04172E-08	2.5609E-07
157.425	1.12083E-07	1.43832E-07	6.26179E-08	2.55732E-07
157.591667	1.12657E-07	1.42054E-07	6.304E-08	2.5757E-07
157.758333	1.12892E-07	1.39058E-07	6.02631E-08	2.55544E-07
157.925	1.1375E-07	1.35459E-07	6.18879E-08	2.57888E-07
158.091667	1.15989E-07	1.37322E-07	6.18165E-08	2.57417E-07
158.258333	1.16153E-07	1.33805E-07	6.10509E-08	2.56879E-07
158.425	1.16621E-07	1.37187E-07	6.15033E-08	2.56664E-07
158.591667	1.17613E-07	1.36827E-07	6.19935E-08	2.56547E-07
158.758333	1.18578E-07	1.33335E-07	6.2349E-08	2.56559E-07
158.925	1.18891E-07	1.35262E-07	5.96805E-08	2.57553E-07
159.091667	1.19205E-07	1.38976E-07	6.17631E-08	2.56659E-07
159.258333	1.2043E-07	1.33516E-07	6.0356E-08	2.57011E-07
159.425	1.20317E-07	1.30029E-07	6.19105E-08	2.57916E-07
159.591667	1.2103E-07	1.36011E-07	6.02836E-08	2.58868E-07
159.758333	1.22002E-07	1.34474E-07	6.15658E-08	2.59455E-07
159.925	1.24166E-07	1.33886E-07	5.99058E-08	2.56949E-07
160.091667	1.24179E-07	1.34923E-07	6.1128E-08	2.57564E-07
160.258333	1.2427E-07	1.29802E-07	6.15081E-08	2.57586E-07
160.425	1.25205E-07	1.3251E-07	6.06208E-08	2.57498E-07
160.591667	1.26069E-07	1.32078E-07	6.17377E-08	2.58419E-07
160.758333	1.27458E-07	1.30778E-07	5.99349E-08	2.58074E-07
160.925	1.26897E-07	1.25271E-07	5.94889E-08	2.58313E-07
161.091667	1.28813E-07	1.29252E-07	5.94482E-08	2.57912E-07
161.258333	1.28289E-07	1.35762E-07	6.04607E-08	2.57595E-07
161.425	1.2997E-07	1.31869E-07	6.0945E-08	2.59224E-07
161.591667	1.30656E-07	1.26196E-07	6.03435E-08	2.57787E-07
161.758333	1.31515E-07	1.27678E-07	5.95096E-08	2.57419E-07
161.925	1.31143E-07	1.28487E-07	6.17091E-08	2.57063E-07
162.091667	1.32538E-07	1.28694E-07	5.98835E-08	2.57457E-07
162.258333	1.33078E-07	1.2158E-07	6.04279E-08	2.5836E-07
162.425	1.33216E-07	1.2756E-07	6.01713E-08	2.58289E-07
162.591667	1.34567E-07	1.27586E-07	6.05457E-08	2.58748E-07
162.758333	1.34844E-07	1.28931E-07	6.20068E-08	2.5801E-07
162.925	1.36657E-07	1.25059E-07	6.01815E-08	2.57927E-07
163.091667	1.36671E-07	1.27764E-07	5.88501E-08	2.57445E-07
163.258333	1.37244E-07	1.25131E-07	6.06883E-08	2.58829E-07
163.425	1.38215E-07	1.27514E-07	5.96164E-08	2.58957E-07
163.591667	1.3936E-07	1.242E-07	6.05325E-08	2.58923E-07
163.758333	1.39453E-07	1.24248E-07	5.90978E-08	2.58486E-07
163.925	1.40508E-07	1.24479E-07	5.79825E-08	2.58072E-07
164.091667	1.41151E-07	1.24313E-07	6.20019E-08	2.59245E-07
164.258333	1.42184E-07	1.25995E-07	6.27263E-08	2.57871E-07
164.425	1.42725E-07	1.2231E-07	5.9787E-08	2.58436E-07
164.591667	1.42774E-07	1.2431E-07	6.16381E-08	2.58492E-07
164.758333	1.44444E-07	1.2686E-07	5.87044E-08	2.58679E-07
164.925	1.43515E-07	1.21073E-07	6.00346E-08	2.57392E-07
165.091667	1.45969E-07	1.22802E-07	6.02943E-08	2.57639E-07
165.258333	1.46278E-07	1.20591E-07	5.9874E-08	2.58834E-07
165.425	1.47384E-07	1.21146E-07	6.19502E-08	2.59161E-07
165.591667	1.46933E-07	1.2365E-07	5.91079E-08	2.59196E-07
165.758333	1.47242E-07	1.22657E-07	6.03455E-08	2.59668E-07
165.925	1.48453E-07	1.22079E-07	6.08627E-08	2.59604E-07
166.091667	1.48729E-07	1.21061E-07	6.02535E-08	2.58386E-07
166.258333	1.49923E-07	1.17476E-07	6.12592E-08	2.59194E-07
166.425	1.51477E-07	1.22465E-07	5.93769E-08	2.58248E-07
166.591667	1.52134E-07	1.21845E-07	5.91061E-08	2.578E-07
166.758333	1.52156E-07	1.17402E-07	6.00581E-08	2.59942E-07
166.925	1.52991E-07	1.19075E-07	6.02516E-08	2.58973E-07
167.091667	1.53949E-07	1.2384E-07	5.89152E-08	2.59861E-07
167.258333	1.54748E-07	1.20029E-07	5.99474E-08	2.58624E-07
167.425	1.55615E-07	1.18947E-07	5.94947E-08	2.59688E-07
167.591667	1.54926E-07	1.20224E-07	6.05057E-08	2.59016E-07
167.758333	1.55355E-07	1.18487E-07	5.84791E-08	2.57794E-07
167.925	1.57247E-07	1.15766E-07	6.17818E-08	2.58372E-07
168.091667	1.57339E-07	1.20232E-07	5.90417E-08	2.59709E-07
168.258333	1.58722E-07	1.21255E-07	6.00649E-08	2.58871E-07
168.425	1.59653E-07	1.17011E-07	5.9601E-08	2.60243E-07
168.591667	1.58722E-07	1.20999E-07	6.03136E-08	2.60017E-07
168.758333	1.60565E-07	1.2072E-07	5.95408E-08	2.57491E-07
168.925	1.60938E-07	1.16955E-07	6.01043E-08	2.59502E-07
169.091667	1.62519E-07	1.15995E-07	5.98599E-08	2.59823E-07
169.258333	1.61663E-07	1.18015E-07	6.02961E-08	2.60206E-07
169.425	1.63763E-07	1.14172E-07	6.14731E-08	2.58917E-07
169.591667	1.63143E-07	1.18774E-07	6.18823E-08	2.58848E-07
169.758333	1.65208E-07	1.16262E-07	5.77088E-08	2.59181E-07
169.925	1.64325E-07	1.12495E-07	6.07682E-08	2.5842E-07
170.091667	1.66128E-07	1.18692E-07	5.80242E-08	2.59552E-07
170.258333	1.66831E-07	1.19289E-07	5.9921E-08	2.60291E-07
170.425	1.67395E-07	1.16955E-07	6.09154E-08	2.59056E-07
170.591667	1.68385E-07	1.15377E-07	6.15268E-08	2.59343E-07
170.758333	1.67849E-07	1.12993E-07	5.94572E-08	2.58735E-07
170.925	1.69476E-07	1.14358E-07	5.93354E-08	2.59908E-07
171.091667	1.69341E-07	1.10622E-07	6.13856E-08	2.59301E-07
171.258333	1.69944E-07	1.1801E-07	6.02833E-08	2.60301E-07
171.425	1.71357E-07	1.12796E-07	5.85049E-08	2.59181E-07
171.591667	1.72448E-07	1.1547E-07	5.93529E-08	2.59508E-07
171.758333	1.72552E-07	1.16914E-07	6.01834E-08	2.59351E-07
171.925	1.73666E-07	1.15012E-07	6.03545E-08	2.58816E-07
172.091667	1.73674E-07	1.18227E-07	6.03081E-08	2.59704E-07
172.258333	1.74907E-07	1.1874E-07	6.02207E-08	2.5994E-07
172.425	1.74484E-07	1.17808E-07	5.98598E-08	2.5883E-07
172.591667	1.75958E-07	1.1685E-07	5.87258E-08	2.59704E-07
172.758333	1.76066E-07	1.1182E-07	5.86508E-08	2.58781E-07
172.925	1.76941E-07	1.11008E-07	6.05397E-08	2.59322E-07
173.091667	1.77958E-07	1.08696E-07	6.08162E-08	2.60053E-07
173.258333	1.79392E-07	1.12497E-07	5.96649E-08	2.58883E-07
173.425	1.7922E-07	1.12346E-07	5.75314E-08	2.5997E-07
173.591667	1.78326E-07	1.11431E-07	6.16496E-08	2.60246E-07
173.758333	1.80251E-07	1.11999E-07	6.11698E-08	2.59406E-07
173.925	1.80313E-07	1.13407E-07	6.03662E-08	2.60172E-07
174.091667	1.81042E-07	1.10724E-07	5.94844E-08	2.58965E-07
174.258333	1.80617E-07	1.1252E-07	6.05699E-08	2.60244E-07
174.425	1.82587E-07	1.15843E-07	5.995E-08	2.60647E-07
174.591667	1.83381E-07	1.14368E-07	5.8481E-08	2.59241E-07
174.758333	1.83912E-07	1.11711E-07	6.18255E-08	2.59791E-07
174.925	1.83594E-07	1.13455E-07	6.0351E-08	2.59163E-07
175.091667	1.84378E-07	1.09352E-07	5.83353E-08	2.58623E-07
175.258333	1.85437E-07	1.1536E-07	5.96632E-08	2.59886E-07
175.425	1.86192E-07	1.1069E-07	5.81129E-08	2.57902E-07
175.591667	1.85266E-07	1.16553E-07	5.81706E-08	2.59692E-07
175.758333	1.86511E-07	1.14644E-07	6.0942E-08	2.60145E-07
175.925	1.88027E-07	1.13206E-07	5.89074E-08	2.60282E-07
176.091667	1.87167E-07	1.12514E-07	6.05276E-08	2.59672E-07
176.258333	1.8884E-07	1.08915E-07	6.02947E-08	2.58646E-07
176.425	1.89651E-07	1.11579E-07	5.94935E-08	2.59428E-07
176.591667	1.89405E-07	1.0854E-07	5.82184E-08	2.60774E-07
176.758333	1.90737E-07	1.1004E-07	6.01874E-08	2.58398E-07
176.925	1.91056E-07	1.12724E-07	5.95835E-08	2.5864E-07
177.091667	1.91005E-07	1.11639E-07	6.05599E-08	2.59557E-07
177.258333	1.92586E-07	1.12338E-07	5.905E-08	2.59306E-07
177.425	1.91671E-07	1.09952E-07	6.15725E-08	2.60636E-07
177.591667	1.92849E-07	1.11783E-07	6.11181E-08	2.61368E-07
177.758333	1.93118E-07	1.14259E-07	6.24348E-08	2.59794E-07
177.925	1.94555E-07	1.09556E-07	5.96959E-08	2.60009E-07
178.091667	1.94278E-07	1.10841E-07	5.91084E-08	2.59261E-07
178.258333	1.95985E-07	1.09297E-07	5.97762E-08	2.61433E-07
178.425	1.95868E-07	1.08073E-07	5.82558E-08	2.60241E-07
178.591667	1.96293E-07	1.10705E-07	5.94993E-08	2.60069E-07
178.758333	1.97729E-07	1.11438E-07	6.14296E-08	2.59505E-07
178.925	1.9784E-07	1.1016E-07	6.00576E-08	2.59606E-07
179.091667	1.97315E-07	1.10064E-07	5.97404E-08	2.61771E-07
179.258333	1.981E-07	1.10366E-07	6.11228E-08	2.60271E-07
179.425	1.99289E-07	1.08871E-07	6.19181E-08	2.60104E-07
179.591667	2.00253E-07	1.07656E-07	5.90047E-08	2.59918E-07
179.758333	2.00139E-07	1.10022E-07	6.01333E-08	2.59648E-07
179.925	2.00076E-07	1.14021E-07	5.75067E-08	2.5957E-07
180.091667	2.00885E-07	1.09601E-07	5.92502E-08	2.58866E-07
180.258333	2.00463E-07	1.08673E-07	6.05444E-08	2.59353E-07
180.425	2.01729E-07	1.09129E-07	5.80547E-08	2.6001E-07
180.591667	2.0163E-07	1.1019E-07	5.92387E-08	2.59751E-07
180.758333	2.02167E-07	1.0617E-07	6.1509E-08	2.59167E-07
180.925	2.03204E-07	1.07752E-07	6.01035E-08	2.59695E-07
181.091667	2.03548E-07	1.07922E-07	6.02884E-08	2.59395E-07
181.258333	2.03948E-07	1.07657E-07	5.97071E-08	2.60686E-07
181.425	2.05556E-07	1.09842E-07	6.13142E-08	2.601E-07
181.591667	2.06357E-07	1.09266E-07	5.91013E-08	2.59898E-07
181.758333	2.06401E-07	1.10719E-07	6.07675E-08	2.59765E-07
181.925	2.06138E-07	1.05897E-07	6.12527E-08	2.59625E-07
182.091667	2.06313E-07	1.07145E-07	6.13499E-08	2.58872E-07
182.258333	2.0911E-07	1.09814E-07	6.18231E-08	2.59981E-07
182.425	2.08895E-07	1.12217E-07	6.01347E-08	2.6035E-07
182.591667	2.09693E-07	1.06417E-07	6.06607E-08	2.60581E-07
182.758333	2.08619E-07	1.04179E-07	6.0451E-08	2.59287E-07
182.925	2.10124E-07	1.07736E-07	6.00635E-08	2.61687E-07
183.091667	2.10389E-07	1.06468E-07	5.9657E-08	2.59534E-07
183.258333	2.11097E-07	1.08363E-07	6.12268E-08	2.5959E-07
183.425	2.11415E-07	1.08183E-07	5.88873E-08	2.59567E-07
183.591667	2.11045E-07	1.08402E-07	5.95782E-08	2.60022E-07
183.758333	2.11952E-07	1.10488E-07	5.96872E-08	2.58644E-07
183.925	2.12237E-07	1.05634E-07	6.17376E-08	2.60474E-07
184.091667	2.12971E-07	1.07643E-07	6.0803E-08	2.60712E-07
184.258333	2.13005E-07	1.0608E-07	6.08757E-08	2.59555E-07
184.425	2.13439E-07	1.03527E-07	5.83066E-08	2.58908E-07
184.591667	2.13487E-07	1.05293E-07	5.96159E-08	2.60892E-07
184.758333	2.13356E-07	1.02653E-07	6.04371E-08	2.60372E-07
184.925	2.1479E-07	1.07473E-07	6.30146E-08	2.59377E-07
185.091667	2.15344E-07	1.10902E-07	6.00984E-08	2.59877E-07
185.258333	2.16214E-07	1.04935E-07	6.05618E-08	2.60923E-07
185.425	2.17282E-07	1.04364E-07	6.06481E-08	2.59857E-07
185.591667	2.16894E-07	1.06473E-07	6.0118E-08	2.58466E-07
185.758333	2.1656E-07	1.07313E-07	5.89248E-08	2.59757E-07
185.925	2.18255E-07	1.06048E-07	6.17194E-08	2.60533E-07
186.091667	2.19018E-07	1.10105E-07	6.01022E-08	2.59214E-07
186.258333	2.1957E-07	1.07634E-07	5.99906E-08	2.59669E-07
186.425	2.1907E-07	1.02341E-07	6.02042E-08	2.60173E-07
186.591667	2.19191E-07	1.08057E-07	5.92192E-08	2.59178E-07
186.758333	2.1988E-07	1.06742E-07	6.00832E-08	2.5999E-07
186.925	2.20466E-07	1.08804E-07	6.07296E-08	2.61188E-07
187.091667	2.20707E-07	1.08131E-07	5.9981E-08	2.59774E-07
187.258333	2.21599E-07	1.07967E-07	6.10989E-08	2.60843E-07
187.425	2.20899E-07	1.10573E-07	5.94536E-08	2.59307E-07
187.591667	2.21444E-07	1.07224E-07	6.0467E-08	2.60162E-07
187.758333	2.22296E-07	1.07813E-07	6.07055E-08	2.5977E-07
187.925	2.23063E-07	1.06289E-07	5.96556E-08	2.60239E-07
188.091667	2.23667E-07	1.07771E-07	5.98167E-08	2.60358E-07
188.258333	2.23007E-07	1.08283E-07	6.04172E-08	2.61424E-07
188.425	2.24327E-07	1.05562E-07	6.08629E-08	2.60486E-07
188.591667	2.2464E-07	1.0431E-07	5.98793E-08	2.59298E-07
188.758333	2.2458E-07	1.06585E-07	6.00439E-08	2.58862E-07
188.925	2.24898E-07	1.03022E-07	5.91685E-08	2.59133E-07
189.091667	2.25139E-07	1.05058E-07	5.93443E-08	2.58932E-07
189.258333	2.25362E-07	1.05852E-07	6.14471E-08	2.58976E-07
189.425	2.25518E-07	1.06635E-07	6.00596E-08	2.59682E-07
189.591667	2.26227E-07	1.05223E-07	6.02842E-08	2.59938E-07
189.758333	2.26814E-07	1.05962E-07	5.8934E-08	2.60518E-07
189.925	2.27117E-07	1.04026E-07	5.90862E-08	2.6062E-07
190.091667	2.27604E-07	1.07406E-07	6.09795E-08	2.59894E-07
190.258333	2.26914E-07	1.06321E-07	6.02822E-08	2.59499E-07
190.425	2.29158E-07	1.03122E-07	5.99651E-08	2.60689E-07
190.591667	2.29057E-07	1.0367E-07	5.89214E-08	2.60515E-07
190.758333	2.19965E-07	1.13082E-07	5.72999E-08	2.40093E-07
190.925	1.87974E-07	1.20725E-07	5.97829E-08	1.82945E-07
191.091667	1.58382E-07	1.44733E-07	6.79764E-08	1.52651E-07
191.258333	1.35179E-07	1.76147E-07	8.2274E-08	1.36431E-07
191.425	1.13313E-07	2.19082E-07	1.01908E-07	1.24333E-07
191.591667	9.27479E-08	2.61845E-07	1.2198E-07	1.15719E-07
191.758333	7.52659E-08	3.18022E-07	1.49964E-07	1.08114E-07
191.925	5.80262E-08	3.92241E-07	1.81186E-07	1.00136E-07
192.091667	4.42031E-08	4.64718E-07	2.16786E-07	9.42254E-08
192.258333	3.35559E-08	5.60519E-07	2.64995E-07	8.70623E-08
192.425	2.36941E-08	6.68239E-07	3.2183E-07	8.19828E-08
192.591667	1.60748E-08	7.8874E-07	3.92981E-07	7.64486E-08
192.758333	1.07672E-08	9.35645E-07	4.85604E-07	7.00876E-08
192.925	6.14379E-09	1.09199E-06	6.02435E-07	6.45595E-08
193.091667	4.14721E-09	1.2757E-06	7.50736E-07	5.83964E-08
193.258333	3.0851E-09	1.47852E-06	9.32795E-07	5.27024E-08
193.425	1.76926E-09	1.70034E-06	1.14989E-06	4.63973E-08
193.591667	1.07255E-09	1.93019E-06	1.37972E-06	4.05646E-08
193.758333	-3.3836E-10	2.16105E-06	1.60467E-06	3.26241E-08
193.925	1.14099E-10	2.37402E-06	1.82078E-06	2.84834E-08
194.091667	4.2966E-10	2.57246E-06	2.01532E-06	2.12679E-08
194.258333	-6.33188E-10	2.75812E-06	2.20251E-06	1.81823E-08
194.425	-1.51492E-10	2.91115E-06	2.38503E-06	1.43335E-08
194.591667	-1.27826E-09	3.03795E-06	2.56825E-06	1.04806E-08
194.758333	-1.68014E-09	3.13542E-06	2.72523E-06	8.34176E-09
194.925	-9.93478E-11	3.22362E-06	2.87828E-06	6.1954E-09
195.091667	-2.48111E-10	3.28495E-06	3.01988E-06	3.95425E-09
195.258333	-1.89276E-09	3.32813E-06	3.11162E-06	2.69796E-09
195.425	-7.30001E-10	3.35938E-06	3.19087E-06	2.67504E-09
195.591667	-7.78342E-10	3.37543E-06	3.24579E-06	1.74057E-09
195.758333	-1.16961E-09	3.38178E-06	3.28855E-06	1.19463E-10
195.925	-6.1003E-10	3.39169E-06	3.33061E-06	-5.49218E-10
196.091667	-1.37705E-09	3.39922E-06	3.3636E-06	-3.86496E-10
196.258333	-1.49293E-09	3.40447E-06	3.38317E-06	-7.12919E-11
196.425	-8.85139E-10	3.4091E-06	3.40343E-06	-6.12588E-11
196.591667	-1.84367E-09	3.41206E-06	3.41633E-06	-1.05584E-09
196.758333	-1.74403E-09	3.41297E-06	3.42383E-06	-2.1905E-09
196.925	-5.9673E-10	3.40724E-06	3.43565E-06	-1.00692E-09
197.091667	-8.50603E-10	3.41172E-06	3.4442E-06	-1.5422E-09
197.258333	-1.0063E-09	3.41896E-06	3.44901E-06	-1.18416E-09
197.425	-1.35502E-09	3.41428E-06	3.45971E-06	-1.26044E-09
197.591667	-1.55822E-09	3.42027E-06	3.46173E-06	-2.84744E-09
197.758333	-1.03634E-09	3.41553E-06	3.46247E-06	-1.52274E-09
197.925	-1.41214E-09	3.41315E-06	3.46893E-06	-5.84907E-10
198.091667	-1.56387E-09	3.41189E-06	3.46792E-06	-2.57372E-09
198.258333	-1.88313E-09	3.40808E-06	3.46575E-06	-1.20718E-09
198.425	-1.69866E-09	3.41334E-06	3.46606E-06	-6.53277E-10
198.591667	-1.41395E-09	3.4156E-06	3.46983E-06	-2.14494E-09
198.758333	-7.13553E-10	3.41343E-06	3.47439E-06	-7.59757E-10
198.925	-1.21738E-09	3.4102E-06	3.47335E-06	-2.0602E-09
199.091667	-1.81627E-09	3.40737E-06	3.47139E-06	-1.13096E-09
199.258333	-1.80617E-09	3.41664E-06	3.47597E-06	-5.07084E-10
199.425	-1.05706E-09	3.40868E-06	3.47079E-06	-1.97015E-09
199.591667	-1.93593E-09	3.41206E-06	3.46948E-06	-1.57155E-09
199.758333	-1.30856E-09	3.41219E-06	3.46696E-06	5.71326E-10
199.925	-1.37828E-09	3.41449E-06	3.47526E-06	-1.996E-09
200.091667	-2.25038E-09	3.41245E-06	3.47317E-06	-1.3686E-09
200.258333	-1.57035E-09	3.41449E-06	3.46953E-06	-1.68808E-09
200.425	-8.18504E-10	3.40675E-06	3.47474E-06	-1.52878E-09
200.591667	-1.42945E-09	3.41082E-06	3.47238E-06	-7.39898E-10
200.758333	-1.35971E-09	3.41284E-06	3.47239E-06	-2.27074E-09
200.925	-1.11921E-09	3.41161E-06	3.4759E-06	-1.74878E-09
201.091667	-2.16439E-09	3.41021E-06	3.47692E-06	-3.79832E-10
201.258333	-1.92922E-09	3.40874E-06	3.47009E-06	-9.49834E-10
201.425	-1.38779E-09	3.41068E-06	3.47509E-06	1.49362E-10
201.591667	-1.67007E-09	3.41174E-06	3.47425E-06	-1.1369E-09
201.758333	-1.55908E-09	3.40992E-06	3.4694E-06	1.86482E-10
201.925	-1.48635E-09	3.41412E-06	3.47528E-06	-1.19818E-09
202.091667	-9.65261E-10	3.40756E-06	3.47082E-06	-1.30441E-09
202.258333	-1.61818E-09	3.40793E-06	3.47167E-06	-1.44781E-09
202.425	-1.84967E-09	3.4099E-06	3.47333E-06	6.06486E-10
202.591667	-1.23321E-09	3.40652E-06	3.47265E-06	-1.10922E-09
202.758333	-1.14302E-09	3.40799E-06	3.47193E-06	5.77652E-10
202.925	-1.61692E-09	3.40499E-06	3.47132E-06	-1.90183E-09
203.091667	-6.94992E-10	3.40368E-06	3.47021E-06	-2.0233E-09
203.258333	-1.50052E-09	3.40428E-06	3.47087E-06	-1.79837E-09
203.425	-1.99447E-09	3.40862E-06	3.472E-06	-7.9722E-11
203.591667	-1.71696E-09	3.53121E-06	3.09315E-06	-1.44253E-09
203.758333	-1.18752E-09	5.77015E-06	1.78535E-06	-2.76155E-10
203.925	-1.42662E-09	6.15653E-06	1.0998E-06	-1.28345E-09
204.091667	-5.84935E-10	6.33006E-06	7.68823E-07	1.03164E-10
204.258333	-8.23794E-10	6.43942E-06	5.80366E-07	4.50362E-10
204.425	-7.27887E-10	6.51309E-06	4.66075E-07	-4.13371E-11
204.591667	-3.20272E-10	6.56181E-06	3.86853E-07	4.44418E-10
204.758333	-1.44995E-10	6.60537E-06	3.32219E-07	7.4307E-11
204.925	-7.53928E-10	6.63358E-06	2.94782E-07	7.02294E-11
205.091667	-1.72452E-10	6.65371E-06	2.68687E-07	1.11098E-10
205.258333	-7.01949E-10	6.66462E-06	2.46983E-07	9.00153E-10
205.425	-2.70356E-10	6.67623E-06	2.28224E-07	-3.27134E-10
205.591667	-8.87038E-10	6.68637E-06	2.16298E-07	-3.29343E-10
205.758333	-5.57534E-10	6.69178E-06	2.06989E-07	7.06418E-11
205.925	-8.73253E-10	6.69548E-06	1.99473E-07	-5.43894E-10
206.091667	-7.90066E-10	6.70255E-06	1.91215E-07	-1.83442E-09
206.258333	-1.45199E-09	6.71651E-06	1.8756E-07	-1.59484E-10
206.425	-6.18825E-10	6.71532E-06	1.80944E-07	-6.45705E-10
206.591667	-1.02965E-09	6.72621E-06	1.77838E-07	-2.49868E-10
206.758333	-1.25823E-09	6.72305E-06	1.74171E-07	5.10276E-11
206.925	-1.157E-10	6.72067E-06	1.70632E-07	-1.21231E-11
207.091667	-7.43813E-10	6.73278E-06	1.6877E-07	-4.41107E-10
207.258333	-1.85698E-09	6.72991E-06	1.67623E-07	-2.24119E-10
207.425	-9.20681E-10	6.72779E-06	1.66782E-07	-8.23209E-10
207.591667	-4.20197E-10	6.73231E-06	1.63029E-07	-1.73843E-11
207.758333	-1.19479E-09	6.73528E-06	1.63369E-07	-9.39722E-10
207.925	-1.33553E-10	6.72993E-06	1.59168E-07	-3.51669E-10
208.091667	2.71115E-10	6.72981E-06	1.58375E-07	-3.51953E-10
208.258333	-1.11458E-09	6.73448E-06	1.57595E-07	-2.28928E-09
208.425	-5.75089E-10	6.73603E-06	1.57725E-07	6.47375E-10
208.591667	-2.88185E-10	6.74066E-06	1.57374E-07	-8.09545E-11
208.758333	-3.59461E-10	6.73188E-06	1.55331E-07	-4.31622E-10
208.925	-2.15227E-10	6.73538E-06	1.56272E-07	5.49756E-10
209.091667	2.56268E-10	6.73796E-06	1.5422E-07	3.86636E-10
209.258333	-1.14671E-09	6.72453E-06	1.54905E-07	-4.72388E-10
209.425	-2.90846E-10	6.73506E-06	1.53894E-07	8.41863E-11
209.591667	-6.64254E-10	6.73486E-06	1.54893E-07	3.6382E-10
209.758333	-5.72693E-10	6.73783E-06	1.53123E-07	1.90513E-10
209.925	-8.55789E-10	6.73058E-06	1.54276E-07	1.01743E-10
210.091667	-2.75162E-10	6.7339E-06	1.53835E-07	1.17523E-09
210.258333	-8.14788E-10	6.73885E-06	1.53471E-07	8.90094E-11
210.425	-6.79877E-10	6.73556E-06	1.53556E-07	-2.67385E-10
210.591667	-1.16388E-09	6.72692E-06	1.51942E-07	-4.05274E-10
210.758333	-7.46546E-10	6.73535E-06	1.53333E-07	-5.33267E-10
210.925	-7.32212E-11	6.73287E-06	1.53024E-07	-7.05971E-10
211.091667	-1.71641E-09	6.73498E-06	1.52936E-07	7.56097E-10
211.258333	-5.3583E-10	6.73219E-06	1.51989E-07	-3.7852E-10
211.425	-7.68432E-10	6.72926E-06	1.53137E-07	-4.24159E-10
211.591667	-7.00176E-10	6.73421E-06	1.52259E-07	-3.29422E-10
211.758333	-1.17207E-09	6.72747E-06	1.52686E-07	4.35249E-12
211.925	-1.44383E-10	6.7318E-06	1.5285E-07	1.48428E-10
