time	T_in	T_mid	T_out
0.091666667	381.4813615	382.8088089	377.1632397
0.258333333	381.4548597	382.7541324	377.2445933
0.425	381.4283374	382.6777392	377.2928912
0.591666667	381.365797	382.5831238	377.3195656
0.758333333	381.3598814	382.51534	377.3539552
0.925	381.336813	382.4495249	377.3784347
1.09166667	381.2921139	382.3636292	377.3852319
1.25833333	381.2482156	382.2365336	377.389497
1.425	381.2562995	382.2129938	377.3975909
1.59166667	381.1954566	382.1159865	377.4000651
1.75833333	381.1574586	382.0174081	377.3764908
1.925	381.1716594	381.9992881	377.4081614
2.09166667	381.115018	381.8831081	377.3671287
2.25833333	381.0978387	381.8060285	377.3673713
2.425	381.0654349	381.7502198	377.3498658
2.59166667	380.9854539	381.62736	377.3222724
2.75833333	380.9646834	381.5538058	377.2916889
2.925	380.9067322	381.4647984	377.2733251
3.09166667	380.8641669	381.3828263	377.2691247
3.25833333	380.7898537	381.287741	377.2231647
3.425	380.7483389	381.2107856	377.1956281
3.59166667	380.6754824	381.111827	377.1638938
3.75833333	380.6085763	381.0331586	377.148338
3.925	380.5164937	380.9402851	377.1230348
4.09166667	380.4239979	380.7909417	377.0176689
4.25833333	380.365112	380.7225986	377.0110235
4.425	380.2766393	380.6100801	376.945129
4.59166667	380.2167914	380.5118398	376.8717897
4.75833333	380.1195215	380.3904651	376.8209437
4.925	380.0479877	380.280678	376.774717
5.09166667	380.0184787	380.1937733	376.7052198
5.25833333	379.9192557	380.0745647	376.6219145
5.425	379.8377135	379.9727866	376.562652
5.59166667	379.7990525	379.9045357	376.517401
5.75833333	379.7037256	379.8205255	376.4733333
5.925	379.6382066	379.7172773	376.3920166
6.09166667	379.6204016	379.650261	376.3289856
6.25833333	379.5254254	379.5434692	376.2684395
6.425	379.4749283	379.4444181	376.1980459
6.59166667	379.3936632	379.3600255	376.1490006
6.75833333	379.33952	379.272763	376.0893008
6.925	379.2577768	379.198791	376.0152847
7.09166667	379.171456	379.1172716	375.9575736
7.25833333	379.0864801	379.0410911	375.9202209
7.425	379.0479629	378.9642381	375.8848358
7.59166667	378.9848344	378.8829903	375.7924438
7.75833333	378.9146084	378.8013187	375.7249611
7.925	378.8092699	378.6848589	375.6551299
8.09166667	378.7495873	378.6302508	375.5847832
8.25833333	378.7056345	378.5510037	375.5351472
8.425	378.6428833	378.4665398	375.4811557
8.59166667	378.5600578	378.3614962	375.3971796
8.75833333	378.4698199	378.287236	375.3211234
8.925	378.4296021	378.2313341	375.2966197
9.09166667	378.3595544	378.1935951	375.2404109
9.25833333	378.3040098	378.1155653	375.1635429
9.425	378.2798225	378.0652064	375.1186824
9.59166667	378.247719	378.0219845	375.0726704
9.75833333	378.1506242	377.9463053	375.0459231
9.925	378.1005323	377.8817229	374.9938913
10.0916667	378.0368547	377.7894242	374.9099342
10.2583333	377.9855442	377.7637378	374.8604904
10.425	377.9408784	377.7326109	374.8379975
10.5916667	377.9241576	377.6773053	374.783818
10.7583333	377.912136	377.649484	374.7661955
10.925	377.9242845	377.6015182	374.6900393
11.0916667	377.9554558	377.5958605	374.6641461
11.2583333	378.0457679	377.6264575	374.6426588
11.425	378.1714267	377.6278509	374.5900593
11.5916667	378.3847003	377.74344	374.6362622
11.7583333	378.6140907	377.821655	374.6139692
11.925	378.833991	377.93671	374.647055
12.0916667	379.1999036	378.1204954	374.7269795
12.2583333	379.5284769	378.3444869	374.8327045
12.425	379.9319772	378.6469264	375.0079648
12.5916667	380.3156012	378.9134841	375.1525734
12.7583333	380.723264	379.2123742	375.381809
12.925	381.0997773	379.5497683	375.5911633
13.0916667	381.4957293	379.8796167	375.8165306
13.2583333	381.9104797	380.2513817	376.1031254
13.425	382.3467258	380.6348198	376.3973885
13.5916667	382.7396607	381.0373457	376.7392868
13.7583333	383.1560466	381.4111156	377.0420312
13.925	383.5907728	381.793998	377.3371118
14.0916667	384.0539993	382.2528722	377.7217109
14.2583333	384.5096654	382.706312	378.0977814
14.425	384.9961904	383.1298338	378.4410091
14.5916667	385.4456463	383.5710422	378.8111873
14.7583333	385.9976044	384.0340438	379.1758238
14.925	386.5826831	384.5214465	379.5709934
15.0916667	387.1304908	385.0210282	379.9514319
15.2583333	387.7283398	385.5490055	380.4088834
15.425	388.3314432	386.0953167	380.8292511
15.5916667	388.970055	386.6424787	381.2878909
15.7583333	389.5804129	387.2037558	381.7683527
15.925	390.2439969	387.8109622	382.2394634
16.0916667	390.887512	388.4062178	382.7635902
16.2583333	391.5642505	389.0233859	383.2544539
16.425	392.2430388	389.6821869	383.8013588
16.5916667	392.9440274	390.3446128	384.390158
16.7583333	393.6481433	391.0142816	384.9658528
16.925	394.3722874	391.7010279	385.5400934
17.0916667	395.0664772	392.3821885	386.1235961
17.2583333	395.72374	393.0866383	386.7582065
17.425	396.4641131	393.7844259	387.4016029
17.5916667	397.1860408	394.4935556	388.0075273
17.7583333	397.9282307	395.2347022	388.6514082
17.925	398.6834916	395.9472433	389.2849904
18.0916667	399.448393	396.6856964	389.9336675
18.2583333	400.2331959	397.4175298	390.5738077
18.425	400.9795187	398.1611905	391.2638195
18.5916667	401.7799525	398.9704593	391.9568213
18.7583333	402.5751609	399.7732973	392.664191
18.925	403.3614337	400.5544376	393.3876652
19.0916667	404.2323423	401.3973108	394.1126403
19.2583333	405.0474446	402.2102084	394.7945656
19.425	405.8721275	402.979409	395.5142294
19.5916667	406.6746351	403.8152627	396.2817682
19.7583333	407.5739481	404.7181723	397.0890039
19.925	408.4124272	405.5374886	397.8240375
20.0916667	409.2493238	406.4078879	398.6309147
20.2583333	410.0891878	407.2909044	399.435242
20.425	411.0063596	408.201024	400.2289717
20.5916667	411.8472971	409.0985173	401.0331252
20.7583333	412.7117931	409.9958509	401.8508565
20.925	413.6241543	410.8942581	402.6973362
21.0916667	414.5134016	411.8114154	403.5422782
21.2583333	415.3401672	412.712509	404.3699792
21.425	416.2253504	413.6417472	405.2511214
21.5916667	417.1247868	414.5931866	406.1317676
21.7583333	418.018466	415.5554002	406.978774
21.925	418.9073768	416.4762709	407.818916
22.0916667	419.8248628	417.4601425	408.7315364
22.2583333	420.7249524	418.4093184	409.6362801
22.425	421.6516953	419.3751691	410.5189747
22.5916667	422.5530119	420.3581087	411.4645234
22.7583333	423.4654218	421.369653	412.389935
22.925	424.4143964	422.3545351	413.305211
23.0916667	425.363251	423.3777002	414.2611062
23.2583333	426.3247421	424.4331954	415.21553
23.425	427.2140486	425.451224	416.1860257
23.5916667	428.150622	426.493015	417.1689925
23.7583333	429.0951097	427.5215767	418.1115403
23.925	430.0384119	428.550287	419.0965594
24.0916667	430.9706793	429.6087082	420.0723518
24.2583333	431.9078234	430.7187607	421.1120091
24.425	432.8801776	431.7875907	422.1322072
24.5916667	433.8205202	432.8949475	423.1673932
24.7583333	434.7890318	433.9803706	424.215155
24.925	435.7388362	435.0824356	425.2337332
25.0916667	436.6746718	436.2029578	426.3028453
25.2583333	437.6474787	437.3180337	427.3375425
25.425	438.6140054	438.4728681	428.4118497
25.5916667	439.577155	439.6042324	429.5207523
25.7583333	440.5276505	440.773346	430.5947076
25.925	441.5573992	441.9642312	431.7168441
26.0916667	442.4838601	443.1066596	432.7790741
26.2583333	443.4888259	444.3581745	433.9518832
26.425	444.4463587	445.5393191	435.0912715
26.5916667	445.4168559	446.7928826	436.2482977
26.7583333	446.4086607	448.0290185	437.3944398
26.925	447.3811687	449.2612504	438.5695097
27.0916667	448.372662	450.5751846	439.7528873
27.2583333	449.3641542	451.8120565	440.9525432
27.425	450.3558175	453.106409	442.1698075
27.5916667	451.3485509	454.4144879	443.3818895
27.7583333	452.3432453	455.7559118	444.6164057
27.925	453.3172967	457.0975578	445.8681081
28.0916667	454.3579462	458.4614138	447.1404701
28.2583333	455.3451893	459.8509314	448.3802159
28.425	456.3736753	461.2659985	449.6739908
28.5916667	457.3585635	462.6885145	450.9324801
28.7583333	458.3081996	464.0981609	452.2227196
28.925	459.3204587	465.6015017	453.5832422
29.0916667	460.3085556	467.0506442	454.8586454
29.2583333	461.3629271	468.5681708	456.1695885
29.425	462.3356758	470.0877389	457.404502
29.5916667	463.3285188	471.6043659	458.6661751
29.7583333	464.2947134	473.1661286	459.9196729
29.925	465.3201827	474.7793044	461.1847548
30.0916667	466.3127884	476.3356477	462.4035324
30.2583333	467.3480546	477.9348707	463.6371609
30.425	468.3381101	479.5409404	464.8451486
30.5916667	469.3878896	481.1620496	466.0492511
30.7583333	470.4047768	482.76092	467.2667768
30.925	471.4111298	484.3238939	468.4538229
31.0916667	472.4265331	485.8890655	469.6514292
31.2583333	473.4569293	487.4104392	470.8269366
31.425	474.4943427	488.9231028	472.0276778
31.5916667	475.4681698	490.3804799	473.237184
31.7583333	476.4910668	491.8461186	474.4546791
31.925	477.5303138	493.2550021	475.6994881
32.0916667	478.5789075	494.7150775	476.9354403
32.2583333	479.5902151	496.0956503	478.1748759
32.425	480.6011977	497.4914512	479.3827849
32.5916667	481.6167744	498.910957	480.6532925
32.7583333	482.6132445	500.3423178	481.9384712
32.925	483.673364	501.7639984	483.2192265
33.0916667	484.700432	503.2277458	484.5224737
33.2583333	485.7320428	504.6797388	485.8152215
33.425	486.7553857	506.1061305	487.1188637
33.5916667	487.7929751	507.5572157	488.4594479
33.7583333	488.8066984	508.9759145	489.7459012
33.925	489.814652	510.4213141	491.043808
34.0916667	490.8359155	511.89271	492.3941994
34.2583333	491.8906632	513.3451153	493.7114124
34.425	492.9100651	514.8018877	495.0482898
34.5916667	493.9490167	516.2421326	496.3893608
34.7583333	495.0142077	517.685314	497.7283815
34.925	496.0509009	519.112733	499.0584806
35.0916667	497.0951903	520.5783969	500.3909708
35.2583333	498.1415471	522.0951891	501.7329893
35.425	499.1646507	523.5718382	503.0832385
35.5916667	500.2593823	525.0722647	504.4365021
35.7583333	501.3094473	526.5146401	505.7986598
35.925	502.3140189	527.9521161	507.1982157
36.0916667	503.3376151	529.3253928	508.5730629
36.2583333	504.4235207	530.6776783	509.9155276
36.425	505.5143995	532.0257564	511.3045655
36.5916667	506.5540255	533.3642154	512.639708
36.7583333	507.5877558	534.7381065	513.9396467
36.925	508.6662345	536.16926	515.2964475
37.0916667	509.7308086	537.6639307	516.6730444
37.2583333	510.7768866	539.2008349	518.1070505
37.425	511.8341142	540.8464476	519.5931746
37.5916667	512.8405126	542.5633487	521.1869782
37.7583333	513.8938311	544.352813	522.8401268
37.925	514.9154627	546.2877447	524.6653829
38.0916667	515.9682053	548.3954936	526.6154709
38.2583333	517.0030914	550.7526408	528.7829121
38.425	518.0304442	553.2859865	531.1334674
38.5916667	519.0689554	556.0620571	533.5435777
38.7583333	520.1199553	559.0417655	536.1537526
38.925	521.1424143	562.101224	538.8860517
39.0916667	522.2292497	565.3614256	541.7172472
39.2583333	523.2697682	568.7062125	544.6711952
39.425	524.3143023	572.0358895	547.8060905
39.5916667	525.3144341	575.3229619	551.039583
39.7583333	526.3951707	578.5892158	554.4257681
39.925	527.3770436	581.8442959	557.9121062
40.0916667	528.3968181	585.2108272	561.4065888
40.2583333	529.4407332	588.5173704	564.8097068
40.425	530.432561	591.8461217	568.0097699
40.5916667	531.490624	595.470714	570.9968756
40.7583333	532.5311766	599.3442373	573.7133529
40.925	533.5224629	603.1620785	576.2544359
41.0916667	534.5797951	606.7862402	578.6667466
41.2583333	535.6439589	610.0185779	580.9013541
41.425	536.6466968	613.1346515	582.9917277
41.5916667	537.6742951	616.2666146	584.8569315
41.7583333	538.7713675	619.2296399	586.4629836
41.925	539.788633	621.7526249	587.8892445
42.0916667	540.8274752	624.026947	589.2819285
42.2583333	541.9039615	625.9713099	590.6265514
42.425	542.8978707	627.8729438	591.8429222
42.5916667	543.9469187	629.7812093	592.9175247
42.7583333	545.0339824	631.5716925	593.9628426
42.925	546.0515306	632.974264	594.9795604
43.0916667	547.1601771	634.4183024	596.0056155
43.2583333	548.2019211	635.907237	597.0068021
43.425	549.2339121	637.329349	598.0101229
43.5916667	550.2636432	638.5689817	599.0374058
43.7583333	551.3183	639.632483	600.0431754
43.925	552.3527471	640.6512275	601.0500056
44.0916667	553.4552586	641.8281691	602.0442327
44.2583333	554.5033448	642.9733802	602.9375379
44.425	555.5564071	644.1599376	603.8323041
44.5916667	556.6667925	645.2932673	604.7762088
44.7583333	557.6956823	646.3320587	605.7197299
44.925	558.7481735	647.4378188	606.6858923
45.0916667	559.7991269	648.4101033	607.6333432
45.2583333	560.8704445	649.4824569	608.5620743
45.425	561.8746874	650.5623163	609.4643925
45.5916667	562.9670956	651.602228	610.3868925
45.7583333	564.013501	652.5661114	611.2992319
45.925	565.0651195	653.6296741	612.25352
46.0916667	566.10925	654.5902817	613.1401034
46.2583333	567.1938897	655.6296534	614.0211878
46.425	568.255542	656.6676927	614.9108554
46.5916667	569.3272286	657.7212384	615.7801454
46.7583333	570.3718398	658.7121464	616.654079
46.925	571.4331078	659.7047439	617.5591457
47.0916667	572.4435001	660.7027114	618.4648235
47.2583333	573.5345903	661.6937265	619.3187656
47.425	574.6492794	662.6827212	620.1612703
47.5916667	575.7114065	663.6967761	621.0474299
47.7583333	576.778616	664.6521977	621.8918941
47.925	577.8577116	665.6746092	622.7709185
48.0916667	578.9162976	666.6329431	623.6540307
48.2583333	579.9712442	667.6273509	624.5109025
48.425	581.0253191	668.6251558	625.3900859
48.5916667	582.0805031	669.6053864	626.2035938
48.7583333	583.2106763	670.5878462	627.1449066
48.925	584.2337985	671.4619022	627.9914598
49.0916667	585.2498427	672.5224179	628.8120779
49.2583333	586.3669212	673.4804735	629.6468803
49.425	587.4423047	674.439822	630.4937834
49.5916667	588.5027397	675.3862759	631.3439347
49.7583333	589.5704648	676.4168314	632.2063804
49.925	590.5799265	677.3872656	633.0241434
50.0916667	591.6394203	678.3173521	633.9065653
50.2583333	592.7140282	679.3407945	634.7659267
50.425	593.787365	680.2995331	635.6236815
50.5916667	594.8464919	681.1357855	636.5018718
50.7583333	595.9089518	682.0276837	637.3872205
50.925	596.9716562	682.9864754	638.1991639
51.0916667	598.0583923	683.9774265	638.9561443
51.2583333	599.1265779	684.9782648	639.7507367
51.425	600.150147	685.8782404	640.5565337
51.5916667	601.2329258	686.8102241	641.4369943
51.7583333	602.3386505	687.7866094	642.2644033
51.925	603.391111	688.7528547	643.0946377
52.0916667	604.4066651	689.6433689	643.9268432
52.2583333	605.4281796	690.5681322	644.7626991
52.425	606.4895036	691.59712	645.5993039
52.5916667	607.5611295	692.3773733	646.392317
52.7583333	608.6145203	693.3373515	647.2369649
52.925	609.6903723	694.3534873	648.0663422
53.0916667	610.7183402	695.4033692	648.8831202
53.2583333	611.7647011	696.0996099	649.7189269
53.425	612.7664148	696.9912374	650.6148914
53.5916667	613.8165663	697.9428903	651.3437677
53.7583333	614.8916116	698.8960024	652.1097711
53.925	615.8874843	699.8664231	652.9255741
54.0916667	616.9685224	700.9054635	653.7781135
54.2583333	618.0581562	701.8499879	654.6054911
54.425	619.0463657	702.6287784	655.4611502
54.5916667	620.118051	703.6073264	656.3504029
54.7583333	621.1097786	704.5338308	657.1118722
54.925	622.1850624	705.5532744	657.9464801
55.0916667	623.1896302	706.4115697	658.7558102
55.2583333	624.267336	707.2987241	659.5894105
55.425	625.2855405	708.2134919	660.4139064
55.5916667	626.2992472	709.3064024	661.2725418
55.7583333	627.306986	710.2059519	662.0431949
55.925	628.3824866	711.0333061	662.8691652
56.0916667	629.4432744	712.0150702	663.7283069
56.2583333	630.4216479	712.9510125	664.5313888
56.425	631.4600351	713.8429053	665.3075883
56.5916667	632.4734007	714.6828419	666.1128901
56.7583333	633.5042691	715.7235464	666.9139823
56.925	634.4790149	716.7740832	667.6936934
57.0916667	635.4886049	717.7959447	668.4787632
57.2583333	636.4822178	718.59159	669.3270666
57.425	637.5226891	719.3514311	670.2216274
57.5916667	638.5475705	720.3455479	671.0928023
57.7583333	639.6068681	721.198122	671.8118019
57.925	640.5919176	722.2277543	672.5724445
58.0916667	641.5947534	723.1992238	673.3598468
58.2583333	642.6156289	724.1489017	674.1797524
58.425	643.6145492	725.0249736	674.9512206
58.5916667	644.6822202	725.8214017	675.7445432
58.7583333	645.6379828	726.8081443	676.5737857
58.925	646.6533574	727.817248	677.392712
59.0916667	647.6489543	728.7062435	678.180226
59.2583333	648.6462477	729.6279703	678.9785894
59.425	649.6462819	730.6966832	679.7553697
59.5916667	650.6734765	731.7272001	680.551163
59.7583333	651.6528879	732.652178	681.3517037
59.925	652.6600032	733.4560113	682.1760197
60.0916667	653.6659534	734.350574	683.0260327
60.2583333	654.6221231	735.4126034	683.8539394
60.425	655.6663114	736.4549471	684.5841455
60.5916667	656.6536774	737.3595809	685.3781976
60.7583333	657.6357384	738.2004716	686.1894107
60.925	658.6164884	739.0731155	687.0481261
61.0916667	659.6084766	740.061927	687.8175455
61.2583333	660.601011	740.9795091	688.5727637
61.425	661.6177613	741.712271	689.3524483
61.5916667	662.6139068	742.656115	690.1806729
61.7583333	663.5729884	743.7840276	690.935909
61.925	664.5828259	744.5608348	691.6020895
62.0916667	665.5764709	745.4483398	692.4659533
62.2583333	666.5462652	746.4690739	693.26053
62.425	667.5480185	747.4148761	693.9766586
62.5916667	668.5409099	748.2915945	694.7970246
62.7583333	669.5720348	749.2224495	695.5855922
62.925	670.5014499	750.1149173	696.318554
63.0916667	671.4685469	750.8915308	697.0991482
63.2583333	672.4281765	751.8607706	697.8749456
63.425	673.3941611	752.7609597	698.6297829
63.5916667	674.3595812	753.7111606	699.3744946
63.7583333	675.3958811	754.7125106	700.2039485
63.925	676.3468023	755.6259231	700.9717384
64.0916667	677.3410438	756.5812912	701.7301314
64.2583333	678.3202398	757.427614	702.5650488
64.425	679.2776419	758.3831282	703.2670741
64.5916667	680.2739234	759.2087072	704.0435809
64.7583333	681.1842033	760.2058763	704.8530412
64.925	682.1516019	761.1055177	705.6252698
65.0916667	683.222751	761.9614794	706.3322537
65.2583333	684.1402678	762.8899216	707.1205619
65.425	685.1197087	763.784699	707.9218004
65.5916667	686.1022876	764.6001928	708.6283517
65.7583333	687.1442105	765.6136172	709.4076666
65.925	688.0436119	766.6135808	710.1998128
66.0916667	688.9947368	767.384684	710.9720701
66.2583333	689.9904167	768.2978361	711.7340741
66.425	690.9175214	769.3127	712.4973068
66.5916667	691.896198	770.2232039	713.2090752
66.7583333	692.8678911	770.9590665	713.9463174
66.925	693.779427	771.8038887	714.7689658
67.0916667	694.7324055	772.7327369	715.524092
67.2583333	695.7538188	773.7258745	716.2367299
67.425	696.7256669	774.6395433	716.9473138
67.5916667	697.6167724	775.5035559	717.7717194
67.7583333	698.6180827	776.3718228	718.5630836
67.925	699.56321	777.2856864	719.3203464
68.0916667	700.4863445	778.2525897	719.9997468
68.2583333	701.3877835	779.1417424	720.7128561
68.425	702.3759338	779.9295748	721.5052177
68.5916667	703.3560145	780.8173617	722.2473672
68.7583333	704.2866968	781.7896972	723.0015402
68.925	705.2326414	782.6393775	723.76355
69.0916667	706.2586288	783.5318007	724.4993038
69.2583333	707.1800891	784.6008201	725.2339487
69.425	708.0982957	785.4351329	726.0252145
69.5916667	709.0366158	786.2079892	726.7638374
69.7583333	709.9617472	787.1834192	727.5532379
69.925	710.9014811	788.0213735	728.3132858
70.0916667	711.9129522	788.8846042	729.0558228
70.2583333	712.8199329	789.7192787	729.7372018
70.425	713.7572829	790.5944656	730.5044397
70.5916667	714.6889508	791.5796779	731.187637
70.7583333	715.6076223	792.505996	731.8858286
70.925	716.5510884	793.5524486	732.6786696
71.0916667	717.4947874	794.254682	733.3994696
71.2583333	718.4228872	794.9869243	734.1440231
71.425	719.3425896	795.8812494	734.9003141
71.5916667	720.2852639	796.8088989	735.6234231
71.7583333	721.2067246	797.718694	736.3224088
71.925	722.1908353	798.5719631	737.0289469
72.0916667	723.1294383	799.629564	737.7842829
72.2583333	724.0074783	800.4349223	738.5171067
72.425	724.9758698	801.345922	739.2341987
72.5916667	725.9355602	802.1877609	739.9958499
72.7583333	726.8714417	803.0758041	740.7856737
72.925	727.8001507	803.9682055	741.5024927
73.0916667	728.7275979	804.888886	742.2117092
73.2583333	729.6452626	805.7669189	742.9805942
73.425	730.6512941	806.4658104	743.7123579
73.5916667	731.576679	807.2617809	744.4737643
73.7583333	732.4839926	808.2966447	745.1423135
73.925	733.4160879	809.150194	745.7606682
74.0916667	734.3763447	810.0165602	746.4952422
74.2583333	735.3112804	810.8532754	747.2872786
74.425	736.2008343	811.8137479	748.0440541
74.5916667	737.1422283	812.6566762	748.7283489
74.7583333	738.1142794	813.4947568	749.4686487
74.925	738.9887921	814.4779414	750.1566415
75.0916667	739.8900696	815.4041285	750.9091939
75.2583333	740.8632032	816.2520723	751.599994
75.425	741.845263	817.0982219	752.3798335
75.5916667	742.7423135	818.0166039	753.1907796
75.7583333	743.6283979	818.7539165	753.9284899
75.925	744.546118	819.5946609	754.5486882
76.0916667	745.5149058	820.5626127	755.2394267
76.2583333	746.4966421	821.475629	755.9401511
76.425	747.4001985	822.3182718	756.7020928
76.5916667	748.2883856	823.1023551	757.4378827
76.7583333	749.1372933	823.9664368	758.2224615
76.925	750.1077654	824.8321455	758.9831239
77.0916667	751.0284268	825.570239	759.6193924
77.2583333	751.9104269	826.4976257	760.290544
77.425	752.8670134	827.4744119	760.9610969
77.5916667	753.8185737	828.2137421	761.6448326
77.7583333	754.7580789	829.136364	762.3847188
77.925	755.683447	830.080295	763.1202301
78.0916667	756.563017	830.8283067	763.8199594
78.2583333	757.4661939	831.6302959	764.5799453
78.425	758.345729	832.5268102	765.2726122
78.5916667	759.3009603	833.4365923	765.9601074
78.7583333	760.3461164	834.3075068	766.6086965
78.925	761.2875099	835.0880169	767.275112
79.0916667	762.2059827	835.9473874	768.0262604
79.2583333	763.0395976	836.8552347	768.7284287
79.425	763.9531373	837.7671819	769.4494925
79.5916667	764.9164328	838.7191923	770.1432477
79.7583333	765.7424834	839.4853638	770.9177648
79.925	766.6209675	840.2398658	771.6609901
80.0916667	767.5847523	841.0920719	772.3864548
80.2583333	768.5521158	842.1062665	772.9948813
80.425	769.5225022	843.0274353	773.6890478
80.5916667	770.4109264	843.7796689	774.4311929
80.7583333	771.2763471	844.5597862	775.1696098
80.925	772.2011423	845.4523588	775.8577652
81.0916667	773.0599893	846.2411496	776.5324213
81.2583333	773.9632695	847.1400815	777.2794362
81.425	774.8249949	848.0856547	777.9396463
81.5916667	775.7361923	849.0163868	778.6067714
81.7583333	776.7049167	849.7149743	779.3765381
81.925	777.6623314	850.5230542	780.1129056
82.0916667	778.4749183	851.390611	780.7872592
82.2583333	779.3861008	852.1447268	781.4978424
82.425	780.430385	852.9982257	782.1583471
82.5916667	781.3824057	853.9011056	782.8175432
82.7583333	782.3227944	854.7638745	783.5113651
82.925	783.2766206	855.5827622	784.1556471
83.0916667	784.1846037	856.2342162	784.8882935
83.2583333	785.0171779	857.1951085	785.5402452
83.425	785.8873045	858.0701619	786.2343285
83.5916667	786.912871	859.0502524	786.9063969
83.7583333	787.8487688	859.8698352	787.6057389
83.925	788.774164	860.6958624	788.3246655
84.0916667	789.6185154	861.5279108	789.1173265
84.2583333	790.5019252	862.3724191	789.7521933
84.425	791.4173971	863.1195851	790.4098229
84.5916667	792.356165	864.0451467	791.071333
84.7583333	793.3067393	864.7393126	791.8032782
84.925	794.2061691	865.6141447	792.496611
85.0916667	795.1887923	866.5038754	793.1612147
85.2583333	796.0092243	867.2560988	793.8688172
85.425	796.7827488	868.1173392	794.5803199
85.5916667	797.6903888	869.0012825	795.2116599
85.7583333	798.7556946	869.7132237	795.8991768
85.925	799.6569531	870.6187397	796.5581749
86.0916667	800.576712	871.5369491	797.2935325
86.2583333	801.4591757	872.3691578	797.948673
86.425	802.3196515	873.182274	798.6678644
86.5916667	803.2391932	874.0047421	799.3738666
86.7583333	804.1781566	874.9208891	800.1097037
86.925	805.198589	875.8939839	800.7856824
87.0916667	806.177547	876.7313856	801.3392472
87.2583333	806.978833	877.602824	802.0663226
87.425	807.931512	878.3411592	802.8144586
87.5916667	808.8609814	879.0424661	803.5529052
87.7583333	809.6635547	879.8920841	804.2877281
87.925	810.5630768	880.6525855	804.8874263
88.0916667	811.539329	881.5320238	805.5409248
88.2583333	812.4668552	882.4278732	806.1929733
88.425	813.3081327	883.3289463	806.8756605
88.5916667	814.35843	884.254873	807.5497263
88.7583333	815.2261354	884.9510396	808.2373669
88.925	816.1603321	885.7358861	808.96693
89.0916667	816.9749997	886.620986	809.6640466
89.2583333	817.8503624	887.4491179	810.276174
89.425	818.6045711	888.1638169	810.9691673
89.5916667	819.4116734	889.0338278	811.6330322
89.7583333	820.0125477	889.7620068	812.2893156
89.925	820.6298564	890.3152248	812.9450898
90.0916667	821.0527843	891.0281187	813.5837744
90.2583333	821.3910345	891.6766625	814.1981169
90.425	821.7857748	892.035662	814.7290315
90.5916667	822.1173355	892.6273915	815.3606601
90.7583333	822.3836518	892.9809318	815.8573222
90.925	822.6339521	893.2414883	816.3710549
91.0916667	822.8652954	893.6972465	816.7685657
91.2583333	823.0501747	893.8522887	817.1052439
91.425	823.2565112	894.0867035	817.444002
91.5916667	823.4196698	894.3959782	817.7823018
91.7583333	823.5526322	894.5467686	818.1775454
91.925	823.6873367	894.7942233	818.4995501
92.0916667	823.9187628	895.0369448	818.7627135
92.2583333	824.1220746	895.2172318	818.9949494
92.425	824.3045723	895.327632	819.3276247
92.5916667	824.4571452	895.5561101	819.6503615
92.7583333	824.583982	895.8694903	819.8670217
92.925	824.7625769	895.9340114	820.1359839
93.0916667	825.0418826	896.0819867	820.3309726
93.2583333	825.0901949	896.2224341	820.6222914
93.425	825.2151295	896.3321051	820.8341926
93.5916667	825.4125229	896.481731	821.0148574
93.7583333	825.4935889	896.6378396	821.2547434
93.925	825.6049501	896.8262563	821.4869312
94.0916667	825.6301869	896.8985076	821.7082353
94.2583333	825.7652251	896.8093965	821.8816138
94.425	825.8077217	896.9162985	822.0845769
94.5916667	825.9096009	896.9320361	822.2883897
94.7583333	825.852739	896.8619908	822.4136405
94.925	825.9872424	896.9479862	822.4854031
95.0916667	826.135121	897.0338947	822.5406534
95.2583333	826.1791467	897.0307128	822.6685603
95.425	826.1823971	897.1870839	822.8262857
95.5916667	826.2659156	897.4803002	822.952693
95.7583333	826.2822806	897.5900476	823.0749003
95.925	826.2380279	897.5869455	823.3125625
96.0916667	826.3105631	897.4301659	823.4813333
96.2583333	826.3166857	897.4024302	823.7048796
96.425	826.3914483	897.4389663	823.79285
96.5916667	826.4465459	897.3472474	823.8121223
96.7583333	826.4308879	897.5915653	823.9452933
96.925	826.5035039	897.4763503	823.9765694
97.0916667	826.504996	897.4673234	824.0382939
97.2583333	826.511616	897.6705291	824.1195339
97.425	826.6095202	897.6425481	824.1211002
97.5916667	826.7058388	897.4494426	824.2379982
97.7583333	826.67146	897.4283712	824.3699613
97.925	826.6288457	897.5391859	824.4379339
98.0916667	826.6864048	897.589193	824.438302
98.2583333	826.7971359	897.5407239	824.5032958
98.425	826.8391709	897.4429902	824.5502966
98.5916667	826.7581082	897.4451759	824.6807865
98.7583333	826.7229166	897.5678128	824.6921739
98.925	826.6803902	897.6854752	824.7316417
99.0916667	826.7173795	897.5394004	824.761924
99.2583333	826.7749283	897.4937538	824.8909206
99.425	826.8272059	897.4889605	824.9827915
99.5916667	826.7385614	897.6316389	825.0155709
99.7583333	826.7201254	897.6171831	825.0577854
99.925	826.8178416	897.5903326	825.1234885
100.091667	826.7880076	897.3761563	825.223728
100.258333	826.6888754	897.3605754	825.3088751
100.425	826.7703494	897.3957152	825.3008232
100.591667	826.7932454	897.3384859	825.2440446
100.758333	826.6843862	897.3875106	825.321766
100.925	826.6305598	897.3875924	825.3525877
101.091667	826.7570823	897.3766151	825.3943768
101.258333	826.8410995	897.1484187	825.4288965
101.425	826.7351325	897.2853775	825.4815938
101.591667	826.780924	897.2918153	825.444939
101.758333	826.7335081	897.234591	825.4849462
101.925	826.776682	897.1337548	825.5298129
102.091667	826.8400098	897.0849847	825.5718921
102.258333	826.7475362	897.1428187	825.5971306
